Date,BB_Upper,BB_Middle,BB_Lower,BB_Width,BB_Position,BB_Sinal
2024-07-17,,,,,,Neutro
2024-07-18,,,,,,Neutro
2024-07-19,,,,,,Neutro
2024-07-22,,,,,,Neutro
2024-07-23,,,,,,Neutro
2024-07-24,,,,,,Neutro
2024-07-25,,,,,,Neutro
2024-07-26,,,,,,Neutro
2024-07-29,,,,,,Neutro
2024-07-30,,,,,,Neutro
2024-07-31,,,,,,Neutro
2024-08-01,,,,,,Neutro
2024-08-02,,,,,,Neutro
2024-08-05,,,,,,Neutro
2024-08-06,,,,,,Neutro
2024-08-07,,,,,,Neutro
2024-08-08,,,,,,Neutro
2024-08-09,,,,,,Neutro
2024-08-12,,,,,,Neutro
2024-08-13,40.65,38.56,36.46,10.87,0.54,Neutro
2024-08-14,40.46,38.49,36.52,10.24,0.57,Neutro
2024-08-15,40.38,38.47,36.55,9.96,0.74,Neutro
2024-08-16,40.36,38.46,36.56,9.88,0.76,Neutro
2024-08-19,40.31,38.45,36.59,9.68,0.86,Neutro
2024-08-20,40.27,38.44,36.61,9.52,0.86,Neutro
2024-08-21,40.43,38.50,36.56,10.05,0.86,Neutro
2024-08-22,40.53,38.55,36.56,10.30,0.73,Neutro
2024-08-23,40.66,38.60,36.54,10.67,0.79,Neutro
2024-08-26,40.74,38.64,36.54,10.87,0.71,Neutro
2024-08-27,40.84,38.70,36.55,11.09,0.72,Neutro
2024-08-28,40.84,38.70,36.55,11.09,0.65,Neutro
2024-08-29,40.90,38.74,36.58,11.15,0.65,Neutro
2024-08-30,40.99,38.84,36.69,11.07,0.70,Neutro
2024-09-03,40.84,38.94,37.04,9.76,0.45,Neutro
2024-09-04,40.72,39.03,37.35,8.63,0.47,Neutro
2024-09-05,40.46,39.13,37.80,6.80,0.36,Neutro
2024-09-06,40.42,39.14,37.87,6.51,0.01,Neutro
2024-09-09,40.38,39.16,37.94,6.23,0.17,Neutro
2024-09-10,40.30,39.20,38.09,5.64,0.26,Neutro
2024-09-11,40.31,39.23,38.15,5.51,0.58,Neutro
2024-09-12,40.35,39.28,38.20,5.47,0.67,Neutro
2024-09-13,40.40,39.30,38.19,5.62,0.74,Neutro
2024-09-16,40.42,39.31,38.19,5.67,0.67,Neutro
2024-09-17,40.42,39.31,38.20,5.65,0.69,Neutro
2024-09-18,40.40,39.30,38.20,5.60,0.65,Neutro
2024-09-19,40.55,39.33,38.12,6.18,1.00,Sobrecomprado
2024-09-20,40.66,39.38,38.09,6.53,0.84,Neutro
2024-09-23,40.75,39.40,38.06,6.83,0.86,Neutro
2024-09-24,40.87,39.45,38.03,7.20,0.85,Neutro
2024-09-25,40.98,39.49,38.00,7.55,0.83,Neutro
2024-09-26,41.14,39.56,37.98,7.99,0.86,Neutro
2024-09-27,41.27,39.62,37.97,8.33,0.80,Neutro
2024-09-30,41.38,39.67,37.96,8.62,0.79,Neutro
2024-10-01,41.42,39.75,38.07,8.43,0.66,Neutro
2024-10-02,41.48,39.82,38.17,8.31,0.68,Neutro
2024-10-03,41.49,39.90,38.31,7.97,0.63,Neutro
2024-10-04,41.37,40.04,38.71,6.64,0.78,Neutro
2024-10-07,41.22,40.14,39.07,5.36,0.61,Neutro
2024-10-08,41.12,40.25,39.38,4.32,0.84,Neutro
2024-10-09,41.17,40.33,39.49,4.17,0.92,Neutro
2024-10-10,41.23,40.40,39.57,4.11,0.87,Neutro
2024-10-11,41.31,40.47,39.62,4.18,0.89,Neutro
2024-10-14,41.47,40.56,39.66,4.46,1.00,Sobrecomprado
2024-10-15,41.46,40.62,39.79,4.11,0.71,Neutro
2024-10-16,41.40,40.69,39.99,3.46,0.74,Neutro
2024-10-17,41.50,40.73,39.97,3.76,0.90,Neutro
2024-10-18,41.55,40.78,40.02,3.75,0.82,Neutro
2024-10-21,41.66,40.85,40.03,3.99,0.96,Neutro
2024-10-22,41.72,40.89,40.07,4.03,0.79,Neutro
2024-10-23,41.72,40.91,40.11,3.94,0.49,Neutro
2024-10-24,41.77,40.95,40.13,4.01,0.75,Neutro
2024-10-25,41.83,40.99,40.16,4.07,0.79,Neutro
2024-10-28,41.89,41.04,40.18,4.17,0.80,Neutro
2024-10-29,42.01,41.12,40.24,4.30,1.00,Neutro
2024-10-30,42.06,41.19,40.32,4.22,0.84,Neutro
2024-10-31,42.01,41.21,40.42,3.86,0.21,Neutro
2024-11-01,42.00,41.24,40.47,3.71,0.52,Neutro
2024-11-04,41.93,41.28,40.62,3.17,0.41,Neutro
2024-11-05,41.92,41.30,40.67,3.03,0.48,Neutro
2024-11-06,42.18,41.37,40.56,3.92,1.00,Sobrecomprado
2024-11-07,42.40,41.45,40.49,4.61,1.00,Sobrecomprado
2024-11-08,42.68,41.54,40.40,5.49,1.00,Sobrecomprado
2024-11-11,42.84,41.59,40.34,6.01,0.94,Neutro
2024-11-12,43.02,41.68,40.35,6.41,0.94,Neutro
2024-11-13,43.17,41.77,40.38,6.68,0.87,Neutro
2024-11-14,43.23,41.82,40.42,6.72,0.69,Neutro
2024-11-15,43.24,41.86,40.48,6.59,0.53,Neutro
2024-11-18,43.26,41.89,40.51,6.57,0.60,Neutro
2024-11-19,43.29,41.92,40.56,6.51,0.58,Neutro
2024-11-20,43.26,41.99,40.71,6.07,0.55,Neutro
2024-11-21,43.30,42.04,40.78,5.99,0.68,Neutro
2024-11-22,43.36,42.10,40.84,5.99,0.72,Neutro
2024-11-25,43.39,42.15,40.91,5.88,0.62,Neutro
2024-11-26,43.46,42.19,40.91,6.04,0.75,Neutro
2024-11-27,43.47,42.21,40.95,5.97,0.52,Neutro
2024-11-29,43.38,42.31,41.23,5.08,0.67,Neutro
2024-12-02,43.40,42.40,41.39,4.74,0.84,Neutro
2024-12-03,43.34,42.49,41.63,4.02,0.80,Neutro
2024-12-04,43.43,42.61,41.79,3.85,1.00,Sobrecomprado
2024-12-05,43.53,42.65,41.77,4.13,0.89,Neutro
2024-12-06,43.78,42.72,41.67,4.94,1.00,Sobrecomprado
2024-12-09,43.84,42.75,41.65,5.12,0.79,Neutro
2024-12-10,43.90,42.78,41.66,5.24,0.73,Neutro
2024-12-11,44.10,42.84,41.57,5.91,1.00,Neutro
2024-12-12,44.21,42.88,41.56,6.18,0.82,Neutro
2024-12-13,44.35,42.96,41.58,6.45,0.87,Neutro
2024-12-16,44.47,43.08,41.68,6.48,0.89,Neutro
2024-12-17,44.59,43.18,41.76,6.55,0.86,Neutro
2024-12-18,44.55,43.22,41.89,6.15,0.43,Neutro
2024-12-19,44.50,43.27,42.04,5.69,0.40,Neutro
2024-12-20,44.48,43.30,42.12,5.45,0.44,Neutro
2024-12-23,44.50,43.35,42.20,5.31,0.66,Neutro
2024-12-24,44.52,43.42,42.33,5.04,0.72,Neutro
2024-12-26,44.57,43.48,42.40,4.99,0.74,Neutro
2024-12-27,44.47,43.55,42.64,4.20,0.56,Neutro
2024-12-30,44.42,43.58,42.74,3.86,0.26,Neutro
2024-12-31,44.43,43.57,42.71,3.95,0.13,Neutro
2025-01-02,44.47,43.56,42.65,4.18,0.03,Neutro
2025-01-03,44.46,43.55,42.64,4.18,0.54,Neutro
2025-01-06,44.48,43.57,42.67,4.15,0.59,Neutro
2025-01-07,44.43,43.54,42.64,4.11,0.34,Neutro
2025-01-08,44.43,43.53,42.63,4.13,0.37,Neutro
2025-01-10,44.49,43.50,42.51,4.55,0.05,Neutro
2025-01-13,44.44,43.43,42.42,4.65,0.14,Neutro
2025-01-14,44.47,43.36,42.24,5.14,0.02,Neutro
2025-01-15,44.40,43.32,42.25,4.96,0.51,Neutro
2025-01-16,44.28,43.27,42.26,4.67,0.39,Neutro
2025-01-17,44.16,43.24,42.31,4.28,0.69,Neutro
2025-01-21,44.27,43.29,42.30,4.55,0.87,Neutro
2025-01-22,44.45,43.36,42.26,5.05,0.99,Neutro
2025-01-23,44.55,43.40,42.26,5.28,0.81,Neutro
2025-01-24,44.64,43.43,42.23,5.55,0.86,Neutro
2025-01-27,44.59,43.40,42.20,5.51,0.38,Neutro
2025-01-28,44.54,43.38,42.21,5.37,0.63,Neutro
2025-01-29,44.53,43.37,42.21,5.35,0.53,Neutro
2025-01-30,44.55,43.39,42.23,5.35,0.63,Neutro
2025-01-31,44.59,43.44,42.28,5.32,0.65,Neutro
2025-02-03,44.58,43.48,42.38,5.06,0.55,Neutro
2025-02-04,44.61,43.50,42.38,5.13,0.70,Neutro
2025-02-05,44.66,43.51,42.37,5.26,0.75,Neutro
2025-02-06,44.74,43.56,42.38,5.42,0.78,Neutro
2025-02-07,44.77,43.59,42.41,5.41,0.61,Neutro
2025-02-10,44.81,43.68,42.55,5.17,0.82,Neutro
2025-02-11,44.81,43.75,42.70,4.82,0.70,Neutro
2025-02-12,44.69,43.86,43.02,3.81,0.80,Neutro
2025-02-13,44.80,43.93,43.05,3.98,0.94,Neutro
2025-02-14,44.88,44.01,43.15,3.93,0.97,Neutro
2025-02-18,45.00,44.08,43.16,4.17,0.95,Neutro
2025-02-19,45.13,44.13,43.13,4.53,0.91,Neutro
2025-02-20,45.19,44.15,43.11,4.71,0.82,Neutro
2025-02-21,45.20,44.15,43.11,4.73,0.56,Neutro
2025-02-24,45.18,44.13,43.09,4.74,0.38,Neutro
2025-02-25,45.14,44.15,43.15,4.51,0.13,Neutro
2025-02-26,45.18,44.13,43.07,4.78,0.09,Neutro
2025-02-27,45.30,44.09,42.88,5.49,0.00,Sobrevendido
2025-02-28,45.34,44.06,42.77,5.83,0.11,Neutro
2025-03-03,45.51,43.98,42.44,6.98,0.00,Sobrevendido
2025-03-04,45.68,43.89,42.10,8.16,0.00,Sobrevendido
2025-03-05,45.71,43.82,41.93,8.63,0.15,Neutro
2025-03-06,45.89,43.68,41.46,10.14,0.00,Sobrevendido
2025-03-07,45.91,43.55,41.19,10.84,0.11,Neutro
2025-03-10,46.18,43.36,40.54,13.01,0.00,Sobrevendido
2025-03-11,46.27,43.15,40.03,14.46,0.02,Neutro
2025-03-12,46.24,42.97,39.70,15.22,0.14,Neutro
2025-03-13,46.24,42.74,39.24,16.38,0.08,Neutro
2025-03-14,46.02,42.54,39.07,16.34,0.24,Neutro
2025-03-17,45.72,42.36,38.99,15.89,0.31,Neutro
2025-03-18,45.38,42.13,38.89,15.40,0.23,Neutro
2025-03-19,44.93,41.93,38.93,14.31,0.33,Neutro
2025-03-20,44.44,41.73,39.02,12.99,0.33,Neutro
2025-03-21,44.01,41.56,39.11,11.79,0.37,Neutro
2025-03-24,43.64,41.45,39.25,10.59,0.54,Neutro
2025-03-25,43.37,41.37,39.37,9.67,0.62,Neutro
2025-03-26,43.07,41.27,39.47,8.72,0.48,Neutro
2025-03-27,42.86,41.19,39.51,8.13,0.47,Neutro
2025-03-28,42.53,41.05,39.56,7.24,0.22,Neutro
2025-03-31,42.37,40.95,39.53,6.93,0.27,Neutro
2025-04-01,42.24,40.88,39.52,6.65,0.36,Neutro
2025-04-02,41.92,40.80,39.67,5.52,0.50,Neutro
2025-04-03,42.07,40.68,39.29,6.83,0.00,Sobrevendido
2025-04-04,42.59,40.43,38.28,10.66,0.00,Sobrevendido
2025-04-07,42.98,40.27,37.55,13.48,0.00,Sobrevendido
2025-04-08,43.36,40.06,36.76,16.47,0.00,Sobrevendido
2025-04-09,43.32,40.03,36.74,16.44,0.48,Neutro
2025-04-10,43.33,39.96,36.59,16.87,0.27,Neutro
2025-04-11,43.24,39.88,36.51,16.88,0.38,Neutro
2025-04-14,43.12,39.79,36.46,16.74,0.44,Neutro
2025-04-15,43.06,39.74,36.42,16.71,0.45,Neutro
2025-04-16,42.94,39.61,36.29,16.79,0.32,Neutro
2025-04-17,42.81,39.49,36.18,16.79,0.34,Neutro
2025-04-21,42.67,39.33,35.99,16.98,0.25,Neutro
2025-04-22,42.35,39.17,35.99,16.24,0.39,Neutro
2025-04-23,41.97,39.04,36.12,14.98,0.52,Neutro
2025-04-24,41.76,38.98,36.20,14.26,0.68,Neutro
2025-04-25,41.61,38.94,36.26,13.74,0.75,Neutro
2025-04-28,41.62,38.94,36.26,13.76,0.75,Neutro
2025-04-29,41.66,38.95,36.25,13.89,0.79,Neutro
2025-04-30,41.67,38.96,36.24,13.94,0.80,Neutro
2025-05-01,41.69,38.96,36.23,14.01,0.86,Neutro
2025-05-02,42.00,39.08,36.16,14.94,0.87,Neutro
2025-05-05,42.16,39.30,36.45,14.53,0.84,Neutro
2025-05-06,42.20,39.52,36.83,13.59,0.77,Neutro
2025-05-07,41.98,39.76,37.54,11.17,0.79,Neutro
2025-05-08,42.17,39.84,37.50,11.72,0.82,Neutro
2025-05-09,42.30,39.98,37.66,11.61,0.79,Neutro
2025-05-12,42.65,40.15,37.64,12.48,0.94,Neutro
2025-05-13,43.05,40.32,37.58,13.57,0.95,Neutro
2025-05-14,43.42,40.49,37.56,14.47,0.91,Neutro
2025-05-15,43.67,40.72,37.77,14.49,0.87,Neutro
2025-05-16,43.88,40.95,38.02,14.31,0.87,Neutro
2025-05-19,43.86,41.23,38.59,12.78,0.86,Neutro
2025-05-20,43.86,41.45,39.04,11.63,0.82,Neutro
2025-05-21,43.86,41.63,39.41,10.69,0.76,Neutro
2025-05-22,43.90,41.77,39.65,10.17,0.72,Neutro
2025-05-23,43.92,41.89,39.85,9.72,0.66,Neutro
2025-05-27,43.97,42.03,40.08,9.26,0.77,Neutro
2025-05-28,44.01,42.15,40.29,8.83,0.74,Neutro
2025-05-29,44.08,42.29,40.51,8.44,0.81,Neutro
2025-05-30,44.08,42.40,40.72,7.92,0.69,Neutro
2025-06-02,44.15,42.50,40.86,7.74,0.76,Neutro
2025-06-03,44.23,42.62,41.02,7.53,0.81,Neutro
2025-06-04,44.25,42.77,41.28,6.94,0.85,Neutro
2025-06-05,44.19,42.90,41.61,6.01,0.78,Neutro
2025-06-06,44.13,43.01,41.90,5.18,0.82,Neutro
2025-06-09,44.00,43.14,42.29,3.96,0.94,Neutro
2025-06-10,44.10,43.23,42.36,4.03,0.98,Neutro
2025-06-11,44.19,43.29,42.39,4.16,0.88,Neutro
2025-06-12,44.29,43.34,42.40,4.36,0.87,Neutro
2025-06-13,44.31,43.38,42.45,4.29,0.61,Neutro
2025-06-16,44.40,43.43,42.45,4.49,0.86,Neutro
2025-06-17,44.44,43.46,42.49,4.49,0.68,Neutro
2025-06-18,44.47,43.51,42.54,4.44,0.68,Neutro
2025-06-20,44.46,43.55,42.64,4.18,0.59,Neutro
2025-06-23,44.48,43.62,42.77,3.92,0.79,Neutro
2025-06-24,44.53,43.73,42.92,3.68,1.00,Sobrecomprado
2025-06-25,44.65,43.80,42.96,3.86,0.99,Neutro
2025-06-26,44.83,43.90,42.98,4.21,1.00,Sobrecomprado
2025-06-27,45.00,43.98,42.96,4.64,1.00,Sobrecomprado
2025-06-30,45.16,44.09,43.03,4.83,1.00,Sobrecomprado
2025-07-01,45.26,44.18,43.09,4.91,0.88,Neutro
2025-07-02,45.40,44.26,43.11,5.17,0.92,Neutro
2025-07-03,45.61,44.34,43.08,5.71,0.98,Neutro
2025-07-07,45.71,44.43,43.15,5.76,0.83,Neutro
2025-07-08,45.80,44.51,43.21,5.82,0.82,Neutro
2025-07-09,45.93,44.59,43.25,6.01,0.86,Neutro
2025-07-10,46.04,44.66,43.28,6.18,0.81,Neutro
2025-07-11,46.12,44.74,43.35,6.19,0.77,Neutro
2025-07-14,46.21,44.81,43.42,6.23,0.78,Neutro
2025-07-15,46.25,44.92,43.60,5.90,0.80,Neutro
2025-07-16,46.32,45.00,43.69,5.84,0.77,Neutro
2025-07-17,46.36,45.11,43.86,5.54,0.84,Neutro
2025-07-18,46.37,45.21,44.06,5.11,0.81,Neutro
2025-07-21,46.32,45.33,44.34,4.37,0.90,Neutro
2025-07-22,46.28,45.42,44.57,3.76,0.83,Neutro
2025-07-23,46.31,45.50,44.68,3.58,0.87,Neutro
2025-07-24,46.35,45.58,44.81,3.38,0.92,Neutro
2025-07-25,46.42,45.64,44.86,3.42,0.92,Neutro
2025-07-28,46.51,45.71,44.92,3.48,0.93,Neutro
2025-07-29,46.57,45.76,44.95,3.54,0.84,Neutro
2025-07-30,46.60,45.83,45.06,3.36,0.85,Neutro
2025-07-31,46.61,45.88,45.15,3.18,0.73,Neutro
2025-08-01,46.61,45.88,45.15,3.18,0.29,Neutro
2025-08-04,46.62,45.93,45.24,3.00,0.76,Neutro
2025-08-05,46.60,45.97,45.34,2.74,0.55,Neutro
2025-08-06,46.65,46.01,45.38,2.76,0.86,Neutro
2025-08-07,46.69,46.06,45.44,2.71,0.86,Neutro
2025-08-08,46.79,46.13,45.48,2.84,1.00,Sobrecomprado
2025-08-11,46.86,46.19,45.53,2.88,0.93,Neutro
2025-08-12,47.03,46.27,45.50,3.31,1.00,Sobrecomprado
2025-08-13,47.17,46.34,45.51,3.58,1.00,Sobrecomprado
2025-08-14,47.30,46.40,45.51,3.86,0.96,Neutro
2025-08-15,47.38,46.46,45.55,3.94,0.84,Neutro
2025-08-18,47.46,46.51,45.57,4.06,0.83,Neutro
2025-08-19,47.46,46.54,45.63,3.93,0.55,Neutro
2025-08-20,47.45,46.56,45.67,3.82,0.41,Neutro
2025-08-21,47.45,46.56,45.67,3.82,0.32,Neutro
2025-08-22,47.48,46.59,45.70,3.82,0.63,Neutro
2025-08-25,47.50,46.61,45.72,3.82,0.62,Neutro
2025-08-26,47.53,46.64,45.75,3.82,0.67,Neutro
2025-08-27,47.57,46.67,45.78,3.84,0.69,Neutro
2025-08-28,47.63,46.72,45.82,3.87,0.79,Neutro
2025-08-29,47.51,46.78,46.06,3.10,0.50,Neutro
2025-09-02,47.50,46.80,46.10,2.99,0.34,Neutro
2025-09-03,47.44,46.84,46.24,2.56,0.49,Neutro
2025-09-04,47.47,46.88,46.28,2.54,0.79,Neutro
2025-09-05,47.50,46.91,46.32,2.52,0.80,Neutro
2025-09-08,47.57,46.94,46.31,2.68,0.88,Neutro
2025-09-09,47.67,46.98,46.30,2.92,0.93,Neutro
2025-09-10,47.75,47.01,46.26,3.17,0.94,Neutro
2025-09-11,47.86,47.04,46.21,3.51,0.97,Neutro
2025-09-12,47.98,47.07,46.16,3.87,0.97,Neutro
2025-09-15,48.14,47.12,46.10,4.33,0.98,Neutro
2025-09-16,48.28,47.17,46.06,4.71,0.92,Neutro
2025-09-17,48.38,47.24,46.10,4.83,0.84,Neutro
2025-09-18,48.50,47.34,46.17,4.92,0.93,Neutro
2025-09-19,48.60,47.45,46.29,4.87,0.95,Neutro
2025-09-22,48.78,47.54,46.30,5.22,0.95,Neutro
2025-09-23,48.87,47.62,46.37,5.25,0.83,Neutro
2025-09-24,48.95,47.69,46.44,5.26,0.78,Neutro
2025-09-25,48.99,47.76,46.52,5.17,0.71,Neutro
2025-09-26,49.07,47.82,46.57,5.23,0.75,Neutro
2025-09-29,49.11,47.91,46.71,5.01,0.80,Neutro
2025-09-30,49.09,48.01,46.94,4.48,0.81,Neutro
2025-10-01,49.10,48.11,47.13,4.09,0.88,Neutro
2025-10-02,49.15,48.20,47.25,3.94,0.88,Neutro
2025-10-03,49.17,48.28,47.39,3.69,0.84,Neutro
2025-10-06,49.24,48.37,47.49,3.62,0.95,Neutro
2025-10-07,49.26,48.44,47.61,3.41,0.81,Neutro
2025-10-08,49.35,48.52,47.69,3.42,0.98,Neutro
2025-10-09,49.41,48.59,47.77,3.38,0.90,Neutro
2025-10-10,49.40,48.60,47.80,3.29,0.16,Neutro
2025-10-13,49.41,48.64,47.86,3.19,0.67,Neutro
2025-10-14,49.47,48.70,47.92,3.18,0.86,Neutro
2025-10-15,49.46,48.74,48.02,2.95,0.65,Neutro
2025-10-16,49.45,48.76,48.07,2.83,0.43,Neutro
2025-10-17,49.47,48.79,48.10,2.81,0.67,Neutro
2025-10-20,49.59,48.83,48.07,3.11,0.97,Neutro
2025-10-21,49.69,48.88,48.08,3.29,0.91,Neutro
2025-10-22,49.70,48.92,48.14,3.19,0.66,Neutro
2025-10-23,49.74,48.98,48.23,3.08,0.85,Neutro
2025-10-24,49.86,49.05,48.25,3.28,1.00,Neutro
2025-10-27,50.14,49.15,48.15,4.05,1.00,Sobrecomprado
2025-10-28,50.42,49.24,48.07,4.77,1.00,Sobrecomprado
2025-10-29,50.67,49.34,48.01,5.39,1.00,Sobrecomprado
2025-10-30,50.80,49.41,48.02,5.63,0.84,Neutro
2025-10-31,50.95,49.49,48.04,5.88,0.86,Neutro
2025-11-03,51.10,49.57,48.03,6.19,0.85,Neutro
2025-11-04,51.13,49.62,48.10,6.11,0.61,Neutro
2025-11-05,51.21,49.67,48.13,6.20,0.72,Neutro
2025-11-06,51.21,49.68,48.16,6.14,0.46,Neutro
2025-11-07,51.08,49.75,48.42,5.35,0.38,Neutro
2025-11-10,51.12,49.83,48.53,5.20,0.72,Neutro
2025-11-11,51.16,49.88,48.60,5.13,0.65,Neutro
2025-11-12,51.15,49.94,48.73,4.85,0.61,Neutro
2025-11-13,51.06,49.98,48.89,4.34,0.22,Neutro
2025-11-14,51.02,50.00,48.97,4.10,0.21,Neutro
2025-11-17,51.06,49.97,48.88,4.36,0.09,Neutro
2025-11-18,51.16,49.93,48.70,4.93,0.00,Sobrevendido
2025-11-19,51.19,49.91,48.62,5.15,0.08,Neutro
2025-11-20,51.41,49.82,48.24,6.36,0.00,Sobrevendido
2025-11-21,51.49,49.74,47.99,7.04,0.05,Neutro
2025-11-24,51.41,49.68,47.95,6.96,0.39,Neutro
2025-11-25,51.29,49.63,47.96,6.71,0.48,Neutro
2025-11-26,51.18,49.59,47.99,6.43,0.60,Neutro
2025-11-28,51.16,49.58,48.00,6.37,0.71,Neutro
2025-12-01,51.11,49.56,48.02,6.23,0.70,Neutro
2025-12-02,51.06,49.55,48.04,6.09,0.78,Neutro
2025-12-03,51.14,49.58,48.02,6.29,0.80,Neutro
2025-12-04,51.16,49.58,48.01,6.35,0.77,Neutro
2025-12-05,51.30,49.64,47.99,6.67,0.83,Neutro
2025-12-08,51.40,49.70,48.00,6.84,0.75,Neutro
2025-12-09,51.44,49.71,47.99,6.94,0.77,Neutro
2025-12-10,51.53,49.74,47.95,7.20,0.82,Neutro
2025-12-11,51.60,49.77,47.94,7.35,0.76,Neutro
2025-12-12,51.63,49.80,47.98,7.33,0.56,Neutro
2025-12-15,51.64,49.83,48.01,7.29,0.53,Neutro
2025-12-16,51.66,49.88,48.09,7.16,0.55,Neutro
2025-12-17,51.62,49.91,48.20,6.85,0.32,Neutro
2025-12-18,51.60,49.96,48.33,6.54,0.49,Neutro
2025-12-19,51.37,50.09,48.81,5.11,0.60,Neutro
2025-12-22,51.13,50.21,49.29,3.66,0.68,Neutro
2025-12-23,51.12,50.28,49.44,3.34,0.76,Neutro
2025-12-24,51.17,50.35,49.53,3.26,0.86,Neutro
2025-12-26,51.22,50.40,49.58,3.25,0.79,Neutro
2025-12-29,51.25,50.42,49.59,3.29,0.69,Neutro
2025-12-30,51.28,50.45,49.62,3.29,0.65,Neutro
2025-12-31,51.28,50.45,49.62,3.29,0.44,Neutro
2026-01-02,51.27,50.43,49.60,3.31,0.39,Neutro
2026-01-05,51.28,50.44,49.60,3.33,0.60,Neutro
2026-01-06,51.32,50.45,49.59,3.43,0.81,Neutro
2026-01-07,51.37,50.48,49.58,3.55,0.78,Neutro
2026-01-08,51.38,50.48,49.58,3.57,0.66,Neutro
2026-01-09,51.43,50.50,49.56,3.70,0.87,Neutro
2026-01-12,51.51,50.52,49.53,3.92,0.85,Neutro
2026-01-13,51.57,50.58,49.58,3.93,0.78,Neutro
2026-01-14,51.56,50.62,49.67,3.73,0.57,Neutro
2026-01-15,51.58,50.66,49.74,3.63,0.63,Neutro
2026-01-16,51.40,50.74,50.08,2.60,0.64,Neutro
2026-01-20,51.37,50.75,50.12,2.46,0.00,Sobrevendido
2026-01-21,51.36,50.76,50.16,2.36,0.41,Neutro
2026-01-22,51.38,50.78,50.18,2.36,0.62,Neutro
2026-01-23,51.41,50.80,50.19,2.40,0.73,Neutro
2026-01-26,51.47,50.82,50.17,2.56,0.87,Neutro
2026-01-27,51.58,50.85,50.12,2.87,0.99,Neutro
2026-01-28,51.72,50.90,50.08,3.22,0.99,Neutro
2026-01-29,51.80,50.94,50.08,3.38,0.83,Neutro
2026-01-30,51.79,50.97,50.16,3.20,0.53,Neutro
2026-02-02,51.79,51.03,50.27,2.98,0.75,Neutro
2026-02-03,51.79,51.04,50.29,2.94,0.29,Neutro
2026-02-04,51.87,50.99,50.11,3.45,0.00,Sobrevendido
2026-02-05,52.04,50.91,49.77,4.46,0.00,Sobrevendido
2026-02-06,52.05,50.89,49.73,4.56,0.28,Neutro
2026-02-09,52.02,50.87,49.72,4.52,0.44,Neutro
2026-02-10,51.98,50.83,49.68,4.52,0.34,Neutro
2026-02-11,51.95,50.81,49.66,4.51,0.43,Neutro
2026-02-12,52.01,50.75,49.50,4.95,0.06,Neutro
2026-02-13,52.02,50.70,49.37,5.23,0.15,Neutro
2026-02-17,52.02,50.64,49.26,5.45,0.20,Neutro
2026-02-18,52.02,50.64,49.27,5.43,0.31,Neutro
2026-02-19,52.02,50.61,49.20,5.57,0.26,Neutro
2026-02-20,51.99,50.58,49.17,5.58,0.41,Neutro
2026-02-23,51.94,50.52,49.09,5.64,0.24,Neutro
2026-02-24,51.85,50.47,49.09,5.47,0.45,Neutro
2026-02-25,51.73,50.43,49.13,5.16,0.68,Neutro
2026-02-26,51.52,50.37,49.22,4.57,0.52,Neutro
2026-02-27,51.33,50.31,49.29,4.05,0.51,Neutro
2026-03-02,51.24,50.27,49.31,3.84,0.52,Neutro
2026-03-03,51.01,50.20,49.39,3.23,0.31,Neutro
2026-03-04,50.98,50.19,49.40,3.15,0.72,Neutro
2026-03-05,51.00,50.21,49.42,3.15,0.62,Neutro
2026-03-06,50.95,50.23,49.51,2.87,0.22,Neutro
2026-03-09,50.96,50.24,49.51,2.89,0.67,Neutro
2026-03-10,50.91,50.22,49.53,2.75,0.64,Neutro
2026-03-11,50.90,50.22,49.53,2.73,0.66,Neutro
2026-03-12,50.86,50.17,49.49,2.73,0.18,Neutro
2026-03-13,50.88,50.16,49.45,2.85,0.04,Neutro
2026-03-16,50.87,50.18,49.49,2.75,0.43,Neutro
2026-03-17,50.87,50.20,49.53,2.67,0.56,Neutro
2026-03-18,50.88,50.18,49.48,2.79,0.18,Neutro
2026-03-19,50.91,50.17,49.43,2.95,0.12,Neutro
2026-03-20,51.05,50.09,49.13,3.83,0.00,Sobrevendido
2026-03-23,51.07,50.07,49.07,3.99,0.16,Neutro
2026-03-24,51.10,50.00,48.91,4.38,0.04,Neutro
2026-03-25,50.98,49.92,48.87,4.23,0.21,Neutro
2026-03-26,51.06,49.82,48.59,4.96,0.00,Sobrevendido
2026-03-27,51.27,49.68,48.09,6.40,0.00,Sobrevendido
2026-03-30,51.43,49.52,47.61,7.71,0.00,Sobrevendido
2026-03-31,51.40,49.46,47.51,7.87,0.28,Neutro
2026-04-01,51.27,49.39,47.51,7.61,0.44,Neutro
2026-04-02,51.15,49.33,47.51,7.38,0.46,Neutro
2026-04-06,51.12,49.31,47.50,7.34,0.52,Neutro
2026-04-07,50.98,49.25,47.53,7.00,0.54,Neutro
2026-04-08,50.99,49.26,47.53,7.02,0.85,Neutro
2026-04-09,51.08,49.28,47.48,7.31,0.94,Neutro
2026-04-10,51.24,49.33,47.42,7.74,0.87,Neutro
2026-04-13,51.49,49.41,47.33,8.42,0.92,Neutro
2026-04-14,51.78,49.49,47.20,9.25,0.97,Neutro
2026-04-15,52.13,49.58,47.03,10.29,0.99,Neutro
2026-04-16,52.51,49.70,46.90,11.29,0.94,Neutro
2026-04-17,52.95,49.86,46.76,12.42,0.95,Neutro
2026-04-20,53.32,50.04,46.77,13.09,0.88,Neutro
2026-04-21,53.61,50.19,46.77,13.63,0.82,Neutro
2026-04-22,53.97,50.39,46.81,14.21,0.86,Neutro
2026-04-23,54.25,50.56,46.87,14.60,0.80,Neutro
2026-04-24,54.54,50.81,47.07,14.70,0.84,Neutro
2026-04-27,54.67,51.10,47.54,13.95,0.82,Neutro
2026-04-28,54.54,51.40,48.26,12.22,0.76,Neutro
2026-04-29,54.57,51.63,48.68,11.41,0.77,Neutro
2026-04-30,54.69,51.85,49.02,10.93,0.81,Neutro
2026-05-01,54.78,52.09,49.40,10.33,0.85,Neutro
2026-05-04,54.80,52.31,49.83,9.50,0.82,Neutro
2026-05-05,54.80,52.56,50.32,8.52,0.90,Neutro
2026-05-06,55.05,52.79,50.53,8.56,0.99,Neutro
2026-05-07,55.26,52.99,50.72,8.57,0.93,Neutro
2026-05-08,55.56,53.24,50.91,8.73,1.00,Sobrecomprado
2026-05-11,55.86,53.47,51.08,8.94,1.00,Neutro
2026-05-12,56.07,53.67,51.27,8.94,0.89,Neutro
2026-05-13,56.34,53.86,51.38,9.21,0.92,Neutro
2026-05-14,56.62,54.06,51.50,9.47,0.92,Neutro
2026-05-15,56.77,54.21,51.65,9.44,0.78,Neutro
2026-05-18,56.85,54.36,51.87,9.16,0.73,Neutro
2026-05-19,56.85,54.50,52.16,8.61,0.66,Neutro
2026-05-20,56.96,54.65,52.35,8.44,0.78,Neutro
2026-05-21,57.02,54.82,52.62,8.03,0.78,Neutro
2026-05-22,57.12,54.96,52.80,7.86,0.78,Neutro
2026-05-26,57.33,55.14,52.94,7.96,0.90,Neutro
2026-05-27,57.41,55.33,53.24,7.54,0.86,Neutro
2026-05-28,57.51,55.52,53.54,7.15,0.91,Neutro
2026-05-29,57.64,55.71,53.78,6.93,0.91,Neutro
2026-06-01,57.80,55.89,53.97,6.85,0.93,Neutro
2026-06-02,57.92,56.08,54.24,6.56,0.95,Neutro
2026-06-03,58.03,56.25,54.47,6.33,0.90,Neutro
2026-06-04,58.13,56.37,54.61,6.24,0.82,Neutro
2026-06-05,58.08,56.40,54.71,5.98,0.22,Neutro
2026-06-08,58.08,56.42,54.76,5.88,0.42,Neutro
2026-06-09,58.09,56.40,54.71,5.99,0.24,Neutro
2026-06-10,58.18,56.36,54.53,6.48,0.04,Neutro
2026-06-11,58.18,56.37,54.55,6.44,0.42,Neutro
2026-06-12,58.20,56.38,54.57,6.44,0.55,Neutro
2026-06-15,58.38,56.49,54.60,6.69,0.85,Neutro
2026-06-16,58.41,56.57,54.73,6.51,0.62,Neutro
2026-06-17,58.37,56.64,54.90,6.13,0.50,Neutro
2026-06-18,58.50,56.73,54.95,6.26,0.80,Neutro
2026-06-22,58.59,56.81,55.02,6.28,0.72,Neutro
2026-06-23,58.59,56.83,55.06,6.21,0.42,Neutro
