Date,BB_Upper,BB_Middle,BB_Lower,BB_Width,BB_Position,BB_Sinal
2023-04-20,,,,,,Neutro
2023-04-21,,,,,,Neutro
2023-04-24,,,,,,Neutro
2023-04-25,,,,,,Neutro
2023-04-26,,,,,,Neutro
2023-04-27,,,,,,Neutro
2023-04-28,,,,,,Neutro
2023-05-01,,,,,,Neutro
2023-05-02,,,,,,Neutro
2023-05-03,,,,,,Neutro
2023-05-04,,,,,,Neutro
2023-05-05,,,,,,Neutro
2023-05-08,,,,,,Neutro
2023-05-09,,,,,,Neutro
2023-05-10,,,,,,Neutro
2023-05-11,,,,,,Neutro
2023-05-12,,,,,,Neutro
2023-05-15,,,,,,Neutro
2023-05-16,,,,,,Neutro
2023-05-17,17.08,11.58,6.08,95.03,0.75,Neutro
2023-05-18,17.57,11.91,6.25,95.04,0.84,Neutro
2023-05-19,18.04,12.25,6.47,94.43,0.82,Neutro
2023-05-22,18.42,12.60,6.77,92.49,0.79,Neutro
2023-05-23,18.50,12.87,7.24,87.49,0.65,Neutro
2023-05-24,18.57,13.17,7.78,81.90,0.67,Neutro
2023-05-25,18.56,13.46,8.36,75.78,0.64,Neutro
2023-05-26,18.56,13.79,9.02,69.20,0.70,Neutro
2023-05-30,18.48,14.06,9.64,62.87,0.64,Neutro
2023-05-31,18.18,14.34,10.49,53.64,0.57,Neutro
2023-06-01,17.78,14.59,11.41,43.65,0.55,Neutro
2023-06-02,17.24,14.82,12.40,32.66,0.48,Neutro
2023-06-05,16.29,15.03,13.77,16.76,0.35,Neutro
2023-06-06,16.15,15.10,14.04,13.98,0.38,Neutro
2023-06-07,16.00,15.01,14.01,13.26,0.15,Neutro
2023-06-08,16.11,14.95,13.78,15.59,0.00,Sobrevendido
2023-06-09,16.52,14.83,13.13,22.86,0.00,Sobrevendido
2023-06-12,16.85,14.66,12.47,29.87,0.00,Sobrevendido
2023-06-13,17.00,14.52,12.03,34.24,0.00,Sobrevendido
2023-06-14,17.05,14.39,11.73,36.98,0.12,Neutro
2023-06-15,17.11,14.28,11.46,39.56,0.14,Neutro
2023-06-16,17.05,14.08,11.11,42.19,0.09,Neutro
2023-06-20,16.79,13.93,11.06,41.14,0.33,Neutro
2023-06-21,16.50,13.76,11.03,39.74,0.31,Neutro
2023-06-22,16.42,13.67,10.92,40.23,0.33,Neutro
2023-06-23,16.26,13.57,10.89,39.57,0.39,Neutro
2023-06-26,16.11,13.50,10.89,38.66,0.50,Neutro
2023-06-27,15.77,13.36,10.95,36.08,0.40,Neutro
2023-06-28,15.48,13.24,11.00,33.85,0.40,Neutro
2023-06-29,15.24,13.12,11.00,32.32,0.36,Neutro
2023-06-30,14.97,13.02,11.08,29.87,0.49,Neutro
2023-07-03,14.73,12.95,11.17,27.50,0.57,Neutro
2023-07-05,14.44,12.85,11.26,24.74,0.48,Neutro
2023-07-06,14.03,12.74,11.46,20.17,0.47,Neutro
2023-07-07,13.71,12.65,11.59,16.76,0.41,Neutro
2023-07-10,13.55,12.60,11.65,15.08,0.52,Neutro
2023-07-11,13.54,12.61,11.68,14.75,0.41,Neutro
2023-07-12,13.49,12.65,11.82,13.20,0.43,Neutro
2023-07-13,13.46,12.67,11.87,12.55,0.21,Neutro
2023-07-14,13.50,12.64,11.78,13.60,0.07,Neutro
2023-07-17,13.61,12.70,11.80,14.25,0.90,Neutro
2023-07-18,13.59,12.78,11.98,12.59,0.84,Neutro
2023-07-19,13.61,12.79,11.98,12.74,0.71,Neutro
2023-07-20,13.63,12.81,11.99,12.80,0.64,Neutro
2023-07-21,13.64,12.82,12.00,12.79,0.59,Neutro
2023-07-24,13.63,12.79,11.94,13.22,0.22,Neutro
2023-07-25,13.54,12.72,11.90,12.89,0.18,Neutro
2023-07-26,13.55,12.68,11.81,13.72,0.13,Neutro
2023-07-27,13.55,12.64,11.74,14.32,0.19,Neutro
2023-07-28,13.55,12.63,11.71,14.57,0.29,Neutro
2023-07-31,13.53,12.58,11.63,15.11,0.17,Neutro
2023-08-01,13.48,12.50,11.53,15.60,0.09,Neutro
2023-08-02,13.53,12.43,11.33,17.70,-0.00,Sobrevendido
2023-08-03,13.56,12.36,11.16,19.42,0.06,Neutro
2023-08-04,13.60,12.30,11.00,21.14,0.10,Neutro
2023-08-07,13.61,12.23,10.85,22.57,0.13,Neutro
2023-08-08,13.65,12.15,10.65,24.69,0.08,Neutro
2023-08-09,13.65,12.07,10.50,26.09,0.16,Neutro
2023-08-10,13.67,12.01,10.34,27.74,0.15,Neutro
2023-08-11,13.72,11.94,10.17,29.73,0.13,Neutro
2023-08-14,13.56,11.79,10.02,30.03,0.09,Neutro
2023-08-15,13.41,11.62,9.83,30.81,0.05,Neutro
2023-08-16,13.30,11.44,9.58,32.51,-0.00,Sobrevendido
2023-08-17,13.12,11.28,9.43,32.72,0.09,Neutro
2023-08-18,12.89,11.12,9.36,31.73,0.14,Neutro
2023-08-21,12.76,11.00,9.25,31.90,0.19,Neutro
2023-08-22,12.65,10.87,9.10,32.65,0.13,Neutro
2023-08-23,12.52,10.76,8.99,32.82,0.19,Neutro
2023-08-24,12.35,10.63,8.91,32.36,0.19,Neutro
2023-08-25,12.12,10.48,8.85,31.19,0.15,Neutro
2023-08-28,11.91,10.35,8.80,30.04,0.17,Neutro
2023-08-29,11.71,10.24,8.76,28.82,0.21,Neutro
2023-08-30,11.56,10.17,8.78,27.34,0.45,Neutro
2023-08-31,11.38,10.10,8.82,25.34,0.45,Neutro
2023-09-01,11.20,10.04,8.88,23.10,0.50,Neutro
2023-09-05,11.00,9.97,8.94,20.66,0.41,Neutro
2023-09-06,10.86,9.92,8.99,18.84,0.49,Neutro
2023-09-07,10.67,9.84,9.00,16.98,0.13,Neutro
2023-09-08,10.50,9.75,9.01,15.28,0.13,Neutro
2023-09-11,10.37,9.67,8.98,14.37,0.01,Neutro
2023-09-12,10.32,9.60,8.87,15.11,0.00,Sobrevendido
2023-09-13,10.47,9.50,8.53,20.42,0.00,Sobrevendido
2023-09-14,10.56,9.43,8.29,24.07,0.00,Sobrevendido
2023-09-15,10.61,9.35,8.09,26.95,0.02,Neutro
2023-09-18,10.66,9.24,7.83,30.62,0.00,Sobrevendido
2023-09-19,10.76,9.11,7.45,36.35,0.00,Sobrevendido
2023-09-20,10.86,8.98,7.10,41.88,0.00,Sobrevendido
2023-09-21,10.87,8.86,6.84,45.51,0.09,Neutro
2023-09-22,10.80,8.77,6.73,46.43,0.26,Neutro
2023-09-25,10.75,8.73,6.71,46.29,0.46,Neutro
2023-09-26,10.69,8.69,6.68,46.17,0.46,Neutro
2023-09-27,10.64,8.66,6.68,45.71,0.57,Neutro
2023-09-28,10.47,8.59,6.72,43.64,0.51,Neutro
2023-09-29,10.27,8.49,6.72,41.79,0.36,Neutro
2023-10-02,10.02,8.39,6.76,38.85,0.37,Neutro
2023-10-03,9.81,8.28,6.76,36.83,0.28,Neutro
2023-10-04,9.52,8.16,6.81,33.21,0.25,Neutro
2023-10-05,9.37,8.07,6.77,32.22,0.24,Neutro
2023-10-06,9.21,8.02,6.83,29.68,0.57,Neutro
2023-10-09,9.07,7.97,6.88,27.47,0.55,Neutro
2023-10-10,8.96,7.93,6.91,25.85,0.51,Neutro
2023-10-11,8.94,7.92,6.90,25.76,0.47,Neutro
2023-10-12,8.92,7.90,6.89,25.69,0.47,Neutro
2023-10-13,8.90,7.89,6.87,25.74,0.46,Neutro
2023-10-16,8.90,7.87,6.85,26.04,0.31,Neutro
2023-10-17,8.88,7.89,6.90,25.10,0.29,Neutro
2023-10-18,8.83,7.91,6.99,23.26,0.27,Neutro
2023-10-19,8.83,7.91,7.00,23.12,0.14,Neutro
2023-10-20,8.86,7.88,6.89,25.00,0.10,Neutro
2023-10-23,8.94,7.76,6.59,30.27,0.00,Sobrevendido
2023-10-24,8.94,7.65,6.36,33.72,0.00,Sobrevendido
2023-10-25,8.89,7.50,6.10,37.22,0.00,Sobrevendido
2023-10-26,8.88,7.34,5.81,41.80,0.00,Sobrevendido
2023-10-27,8.89,7.23,5.58,45.76,0.06,Neutro
2023-10-30,8.88,7.12,5.35,49.60,0.08,Neutro
2023-10-31,8.98,6.98,4.99,57.13,0.00,Sobrevendido
2023-11-01,9.00,6.87,4.73,62.18,0.10,Neutro
2023-11-02,8.98,6.77,4.56,65.27,0.21,Neutro
2023-11-03,8.80,6.64,4.48,65.04,0.26,Neutro
2023-11-06,8.61,6.52,4.44,63.93,0.30,Neutro
2023-11-07,8.41,6.41,4.41,62.40,0.32,Neutro
2023-11-08,8.21,6.31,4.41,60.25,0.36,Neutro
2023-11-09,7.97,6.20,4.43,57.08,0.37,Neutro
2023-11-10,7.71,6.11,4.50,52.54,0.45,Neutro
2023-11-13,7.50,6.04,4.57,48.55,0.49,Neutro
2023-11-14,7.25,5.95,4.65,43.69,0.45,Neutro
2023-11-15,6.97,5.88,4.80,36.89,0.60,Neutro
2023-11-16,6.69,5.81,4.94,30.10,0.55,Neutro
2023-11-17,6.42,5.76,5.11,22.72,0.76,Neutro
2023-11-20,6.41,5.76,5.12,22.39,0.82,Neutro
2023-11-21,6.46,5.77,5.08,23.91,1.00,Sobrecomprado
2023-11-22,6.66,5.82,4.99,28.67,1.00,Sobrecomprado
2023-11-24,6.82,5.88,4.95,31.78,0.98,Neutro
2023-11-27,6.96,5.94,4.91,34.53,0.94,Neutro
2023-11-28,7.32,6.04,4.76,42.37,1.00,Sobrecomprado
2023-11-29,7.62,6.19,4.76,46.20,1.00,Sobrecomprado
2023-11-30,7.80,6.32,4.83,47.03,0.95,Neutro
2023-12-01,7.91,6.41,4.91,46.81,0.81,Neutro
2023-12-04,7.95,6.48,5.01,45.38,0.68,Neutro
2023-12-05,7.97,6.54,5.11,43.74,0.62,Neutro
2023-12-06,7.98,6.60,5.21,41.98,0.61,Neutro
2023-12-07,8.00,6.66,5.32,40.25,0.63,Neutro
2023-12-08,8.08,6.75,5.42,39.40,0.82,Neutro
2023-12-11,8.20,6.84,5.49,39.60,0.85,Neutro
2023-12-12,8.19,6.89,5.60,37.57,0.54,Neutro
2023-12-13,8.14,6.95,5.76,34.26,0.47,Neutro
2023-12-14,8.12,7.00,5.88,32.02,0.53,Neutro
2023-12-15,8.09,7.07,6.06,28.69,0.70,Neutro
2023-12-18,8.09,7.15,6.22,26.14,0.77,Neutro
2023-12-19,8.06,7.23,6.39,23.11,0.75,Neutro
2023-12-20,8.03,7.26,6.49,21.22,0.42,Neutro
2023-12-21,8.02,7.28,6.53,20.48,0.44,Neutro
2023-12-22,8.03,7.31,6.60,19.56,0.66,Neutro
2023-12-26,8.02,7.34,6.66,18.53,0.54,Neutro
2023-12-27,8.00,7.33,6.67,18.14,0.65,Neutro
2023-12-28,7.96,7.32,6.69,17.34,0.82,Neutro
2023-12-29,7.92,7.31,6.69,16.84,0.50,Neutro
2024-01-02,7.92,7.31,6.69,16.84,0.55,Neutro
2024-01-03,7.92,7.31,6.69,16.84,0.25,Neutro
2024-01-04,7.91,7.32,6.72,16.26,0.32,Neutro
2024-01-05,7.90,7.32,6.74,15.84,0.22,Neutro
2024-01-08,7.90,7.32,6.74,15.84,0.22,Neutro
2024-01-09,7.87,7.30,6.72,15.76,0.30,Neutro
2024-01-10,7.79,7.26,6.72,14.75,0.26,Neutro
2024-01-11,7.79,7.26,6.72,14.75,0.26,Neutro
2024-01-12,7.78,7.26,6.75,14.18,0.29,Neutro
2024-01-16,7.78,7.26,6.74,14.32,0.25,Neutro
2024-01-17,7.78,7.22,6.66,15.50,0.08,Neutro
2024-01-18,7.81,7.16,6.50,18.31,0.00,Sobrevendido
2024-01-19,7.80,7.09,6.37,20.17,0.00,Sobrevendido
2024-01-22,7.86,7.04,6.22,23.29,0.00,Sobrevendido
2024-01-23,7.98,6.97,5.95,29.14,0.00,Sobrevendido
2024-01-24,8.04,6.86,5.69,34.23,0.00,Sobrevendido
2024-01-25,8.06,6.77,5.48,38.11,0.01,Neutro
2024-01-26,7.99,6.68,5.38,39.05,0.16,Neutro
2024-01-29,7.86,6.58,5.31,38.73,0.16,Neutro
2024-01-30,7.78,6.51,5.23,39.19,0.20,Neutro
2024-01-31,7.67,6.45,5.23,37.85,0.39,Neutro
2024-02-01,7.60,6.40,5.20,37.51,0.35,Neutro
2024-02-02,7.51,6.36,5.20,36.35,0.45,Neutro
2024-02-05,7.43,6.31,5.18,35.69,0.36,Neutro
2024-02-06,7.34,6.26,5.18,34.52,0.41,Neutro
2024-02-07,7.22,6.21,5.19,32.71,0.41,Neutro
2024-02-08,7.10,6.16,5.21,30.70,0.42,Neutro
2024-02-09,6.98,6.08,5.19,29.42,0.21,Neutro
2024-02-12,6.81,6.01,5.20,26.80,0.19,Neutro
2024-02-13,6.64,5.92,5.20,24.32,0.07,Neutro
2024-02-14,6.49,5.86,5.22,21.69,0.17,Neutro
2024-02-15,6.43,5.82,5.21,20.97,0.28,Neutro
2024-02-16,6.36,5.80,5.23,19.50,0.57,Neutro
2024-02-20,6.32,5.78,5.24,18.69,0.57,Neutro
2024-02-21,6.32,5.79,5.25,18.49,0.55,Neutro
2024-02-22,6.32,5.80,5.27,18.11,0.39,Neutro
2024-02-23,6.31,5.80,5.29,17.58,0.30,Neutro
2024-02-26,6.34,5.77,5.20,19.75,0.04,Neutro
2024-02-27,6.34,5.77,5.19,19.95,0.33,Neutro
2024-02-28,6.36,5.74,5.12,21.60,0.09,Neutro
2024-02-29,6.32,5.69,5.07,21.95,0.16,Neutro
2024-03-01,6.27,5.66,5.05,21.55,0.29,Neutro
2024-03-04,6.18,5.63,5.08,19.53,0.53,Neutro
2024-03-05,6.13,5.61,5.08,18.72,0.41,Neutro
2024-03-06,6.08,5.59,5.11,17.34,0.66,Neutro
2024-03-07,6.03,5.58,5.13,16.13,0.70,Neutro
2024-03-08,5.99,5.57,5.15,15.08,0.77,Neutro
2024-03-11,6.02,5.58,5.15,15.58,0.79,Neutro
2024-03-12,6.02,5.59,5.16,15.38,0.53,Neutro
2024-03-13,6.01,5.60,5.19,14.64,0.38,Neutro
2024-03-14,6.05,5.58,5.12,16.66,0.00,Sobrevendido
2024-03-15,6.06,5.57,5.08,17.60,0.16,Neutro
2024-03-18,6.02,5.55,5.08,16.94,0.44,Neutro
2024-03-19,5.98,5.52,5.05,16.85,0.22,Neutro
2024-03-20,5.94,5.50,5.06,16.00,0.44,Neutro
2024-03-21,5.92,5.48,5.04,16.06,0.27,Neutro
2024-03-22,5.92,5.48,5.04,16.06,0.64,Neutro
2024-03-25,5.92,5.48,5.05,15.87,0.29,Neutro
2024-03-26,5.91,5.47,5.03,16.10,0.31,Neutro
2024-03-27,5.91,5.48,5.05,15.69,0.52,Neutro
2024-03-28,5.91,5.49,5.08,15.12,0.46,Neutro
2024-04-01,5.98,5.52,5.06,16.67,0.99,Neutro
2024-04-02,6.27,5.57,4.87,25.13,1.00,Sobrecomprado
2024-04-03,6.62,5.65,4.68,34.34,1.00,Sobrecomprado
2024-04-04,6.73,5.69,4.64,36.75,0.90,Neutro
2024-04-05,6.86,5.73,4.60,39.43,0.90,Neutro
2024-04-08,7.10,5.80,4.50,44.83,1.00,Sobrecomprado
2024-04-09,7.27,5.86,4.45,48.14,0.90,Neutro
2024-04-10,7.42,5.93,4.43,50.44,0.87,Neutro
2024-04-11,7.56,6.00,4.45,51.80,0.82,Neutro
2024-04-12,7.66,6.10,4.54,51.15,0.80,Neutro
2024-04-15,7.74,6.19,4.64,50.09,0.76,Neutro
2024-04-16,7.84,6.27,4.70,50.07,0.78,Neutro
2024-04-17,7.87,6.35,4.83,47.84,0.68,Neutro
2024-04-18,7.88,6.42,4.95,45.66,0.60,Neutro
2024-04-19,7.84,6.44,5.05,43.29,0.28,Neutro
2024-04-22,7.83,6.45,5.07,42.79,0.22,Neutro
2024-04-23,7.78,6.48,5.19,39.95,0.31,Neutro
2024-04-24,7.72,6.51,5.29,37.34,0.21,Neutro
2024-04-25,7.67,6.54,5.41,34.54,0.35,Neutro
2024-04-26,7.60,6.59,5.57,30.83,0.35,Neutro
2024-04-29,7.60,6.59,5.58,30.66,0.23,Neutro
2024-04-30,7.62,6.54,5.46,33.03,0.12,Neutro
2024-05-01,7.57,6.48,5.38,33.81,0.21,Neutro
2024-05-02,7.56,6.46,5.35,34.23,0.33,Neutro
2024-05-03,7.55,6.42,5.28,35.37,0.26,Neutro
2024-05-06,7.47,6.34,5.20,35.82,0.15,Neutro
2024-05-07,7.40,6.27,5.14,36.04,0.24,Neutro
2024-05-08,7.30,6.21,5.11,35.29,0.28,Neutro
2024-05-09,7.19,6.14,5.08,34.39,0.25,Neutro
2024-05-10,7.08,6.05,5.02,34.05,0.14,Neutro
2024-05-13,6.92,5.98,5.05,31.24,0.36,Neutro
2024-05-14,6.70,5.89,5.09,27.32,0.15,Neutro
2024-05-15,6.49,5.83,5.17,22.65,0.32,Neutro
2024-05-16,6.30,5.76,5.23,18.56,0.18,Neutro
2024-05-17,6.30,5.74,5.17,19.69,0.15,Neutro
2024-05-20,6.32,5.72,5.11,21.16,0.12,Neutro
2024-05-21,6.29,5.69,5.09,21.08,0.34,Neutro
2024-05-22,6.31,5.70,5.09,21.40,0.70,Neutro
2024-05-23,6.24,5.68,5.12,19.72,0.56,Neutro
2024-05-24,6.29,5.69,5.08,21.27,1.00,Sobrecomprado
2024-05-28,6.44,5.72,4.99,25.37,1.00,Sobrecomprado
2024-05-29,6.52,5.75,4.97,26.97,0.88,Neutro
2024-05-30,6.54,5.76,4.98,27.10,0.67,Neutro
2024-05-31,6.54,5.76,4.98,27.10,0.71,Neutro
2024-06-03,6.57,5.77,4.97,27.73,0.74,Neutro
2024-06-04,6.61,5.80,4.99,27.92,0.73,Neutro
2024-06-05,6.65,5.83,5.00,28.32,0.70,Neutro
2024-06-06,6.71,5.86,5.00,29.21,0.77,Neutro
2024-06-07,6.74,5.88,5.03,29.07,0.66,Neutro
2024-06-10,6.75,5.93,5.11,27.67,0.66,Neutro
2024-06-11,6.77,5.95,5.13,27.57,0.62,Neutro
2024-06-12,6.77,5.99,5.22,25.86,0.65,Neutro
2024-06-13,6.77,6.02,5.27,24.91,0.59,Neutro
2024-06-14,6.76,6.06,5.36,23.11,0.56,Neutro
2024-06-17,6.71,6.10,5.49,20.00,0.57,Neutro
2024-06-18,6.61,6.14,5.67,15.32,0.35,Neutro
2024-06-20,6.54,6.16,5.79,12.17,0.24,Neutro
2024-06-21,6.53,6.16,5.79,12.01,0.24,Neutro
2024-06-24,6.51,6.17,5.84,10.86,0.16,Neutro
2024-06-25,6.48,6.14,5.80,11.08,0.00,Neutro
2024-06-26,6.40,6.09,5.79,10.01,0.00,Sobrevendido
2024-06-27,6.38,6.07,5.75,10.38,0.05,Neutro
2024-06-28,6.42,6.08,5.75,11.02,0.88,Neutro
2024-07-01,6.42,6.08,5.75,11.01,0.51,Neutro
2024-07-02,6.42,6.07,5.71,11.70,0.17,Neutro
2024-07-03,6.41,6.06,5.71,11.55,0.54,Neutro
2024-07-05,6.40,6.06,5.71,11.40,0.42,Neutro
2024-07-08,6.37,6.03,5.69,11.28,0.16,Neutro
2024-07-09,6.36,6.01,5.67,11.47,0.28,Neutro
2024-07-10,6.34,6.00,5.66,11.34,0.26,Neutro
2024-07-11,6.33,5.99,5.66,11.18,0.67,Neutro
2024-07-12,6.31,5.99,5.66,10.86,0.68,Neutro
2024-07-15,6.30,5.99,5.67,10.53,0.68,Neutro
2024-07-16,6.32,5.99,5.66,11.02,0.89,Neutro
2024-07-17,6.31,5.99,5.66,10.86,0.69,Neutro
2024-07-18,6.32,5.99,5.66,11.01,0.68,Neutro
2024-07-19,6.34,6.00,5.66,11.33,0.68,Neutro
2024-07-22,6.34,6.01,5.67,11.15,0.64,Neutro
2024-07-23,6.35,6.01,5.67,11.31,0.65,Neutro
2024-07-24,6.36,6.03,5.70,10.94,0.64,Neutro
2024-07-25,6.35,6.05,5.75,9.92,0.60,Neutro
2024-07-26,6.34,6.06,5.79,9.07,0.56,Neutro
2024-07-29,6.29,6.05,5.81,7.93,0.60,Neutro
2024-07-30,6.33,6.06,5.80,8.74,0.94,Neutro
2024-07-31,6.33,6.08,5.83,8.22,0.68,Neutro
2024-08-01,6.33,6.08,5.83,8.22,0.54,Neutro
2024-08-02,6.33,6.08,5.83,8.22,0.34,Neutro
2024-08-05,6.37,6.07,5.77,9.88,0.00,Sobrevendido
2024-08-06,6.38,6.07,5.75,10.38,0.03,Neutro
2024-08-07,6.48,6.04,5.61,14.40,0.00,Sobrevendido
2024-08-08,6.58,6.00,5.41,19.51,0.00,Sobrevendido
2024-08-09,6.67,5.94,5.22,24.40,0.00,Sobrevendido
2024-08-12,6.70,5.89,5.09,27.32,0.03,Neutro
2024-08-13,6.70,5.84,4.97,29.65,0.06,Neutro
2024-08-14,6.68,5.79,4.90,30.73,0.20,Neutro
2024-08-15,6.66,5.75,4.83,31.85,0.20,Neutro
2024-08-16,6.63,5.70,4.78,32.44,0.24,Neutro
2024-08-19,6.59,5.66,4.72,33.07,0.24,Neutro
2024-08-20,6.54,5.61,4.68,33.16,0.28,Neutro
2024-08-21,6.48,5.56,4.64,33.08,0.28,Neutro
2024-08-22,6.41,5.51,4.62,32.46,0.30,Neutro
2024-08-23,6.33,5.47,4.61,31.45,0.34,Neutro
2024-08-26,6.24,5.43,4.62,29.83,0.43,Neutro
2024-08-27,6.08,5.37,4.66,26.43,0.35,Neutro
2024-08-28,5.93,5.32,4.71,22.93,0.33,Neutro
2024-08-29,5.76,5.28,4.79,18.38,0.48,Neutro
2024-08-30,5.59,5.24,4.89,13.35,0.57,Neutro
2024-09-03,5.52,5.22,4.91,11.69,0.31,Neutro
2024-09-04,5.35,5.18,5.01,6.56,0.24,Neutro
2024-09-05,5.32,5.17,5.01,6.00,0.23,Neutro
2024-09-06,5.32,5.17,5.01,6.00,0.52,Neutro
2024-09-09,5.32,5.18,5.04,5.41,0.61,Neutro
2024-09-10,5.32,5.18,5.04,5.40,0.75,Neutro
2024-09-11,5.38,5.20,5.03,6.73,1.00,Sobrecomprado
2024-09-12,5.40,5.21,5.01,7.49,0.97,Neutro
2024-09-13,5.51,5.23,4.95,10.70,1.00,Sobrecomprado
2024-09-16,5.59,5.25,4.92,12.76,1.00,Sobrecomprado
2024-09-17,5.68,5.28,4.88,15.15,1.00,Sobrecomprado
2024-09-18,5.78,5.31,4.85,17.50,1.00,Sobrecomprado
2024-09-19,5.88,5.35,4.82,19.81,1.00,Sobrecomprado
2024-09-20,5.91,5.38,4.84,19.91,0.77,Neutro
2024-09-23,5.95,5.40,4.85,20.37,0.76,Neutro
2024-09-24,5.97,5.42,4.86,20.49,0.71,Neutro
2024-09-25,6.00,5.44,4.89,20.39,0.73,Neutro
2024-09-26,6.03,5.48,4.92,20.26,0.79,Neutro
2024-09-27,6.06,5.50,4.95,20.18,0.69,Neutro
2024-09-30,6.97,5.65,4.33,46.75,1.00,Sobrecomprado
2024-10-01,7.59,5.81,4.03,61.25,1.00,Sobrecomprado
2024-10-02,8.01,5.97,3.93,68.36,1.00,Sobrecomprado
2024-10-03,8.75,6.19,3.64,82.51,1.00,Sobrecomprado
2024-10-04,9.56,6.45,3.34,96.40,1.00,Sobrecomprado
2024-10-07,11.05,6.84,2.63,123.07,1.00,Sobrecomprado
2024-10-08,12.03,7.20,2.38,133.99,1.00,Sobrecomprado
2024-10-09,12.73,7.53,2.33,138.12,0.93,Neutro
2024-10-10,13.22,7.83,2.45,137.46,0.84,Neutro
2024-10-11,13.47,8.07,2.68,133.68,0.71,Neutro
2024-10-14,13.63,8.29,2.95,128.81,0.66,Neutro
2024-10-15,13.71,8.48,3.25,123.31,0.61,Neutro
2024-10-16,13.80,8.69,3.58,117.65,0.62,Neutro
2024-10-17,13.85,8.89,3.93,111.59,0.61,Neutro
2024-10-18,13.90,9.13,4.36,104.47,0.64,Neutro
2024-10-21,13.85,9.35,4.85,96.24,0.58,Neutro
2024-10-22,13.75,9.59,5.42,86.87,0.60,Neutro
2024-10-23,13.56,9.82,6.07,76.31,0.55,Neutro
2024-10-24,13.27,10.03,6.80,64.50,0.51,Neutro
2024-10-25,12.78,10.27,7.75,49.00,0.53,Neutro
2024-10-28,12.69,10.36,8.03,44.99,0.43,Neutro
2024-10-29,12.60,10.41,8.22,42.07,0.28,Neutro
2024-10-30,12.49,10.45,8.41,39.04,0.15,Neutro
2024-10-31,12.52,10.43,8.34,40.08,0.19,Neutro
2024-11-01,12.56,10.35,8.15,42.59,0.16,Neutro
2024-11-04,12.06,10.15,8.24,37.64,0.17,Neutro
2024-11-05,11.64,9.96,8.29,33.62,0.13,Neutro
2024-11-06,11.34,9.77,8.21,32.03,0.00,Sobrevendido
2024-11-07,11.04,9.70,8.35,27.74,0.61,Neutro
2024-11-08,10.98,9.67,8.36,27.09,0.58,Neutro
2024-11-11,10.99,9.68,8.36,27.18,0.68,Neutro
2024-11-12,10.99,9.67,8.36,27.19,0.44,Neutro
2024-11-13,10.99,9.61,8.23,28.72,0.16,Neutro
2024-11-14,10.99,9.54,8.08,30.51,0.14,Neutro
2024-11-15,10.92,9.43,7.94,31.62,0.10,Neutro
2024-11-18,10.96,9.44,7.92,32.20,0.81,Neutro
2024-11-19,10.92,9.43,7.94,31.61,0.73,Neutro
2024-11-20,10.96,9.44,7.92,32.21,0.83,Neutro
2024-11-21,10.96,9.44,7.92,32.21,0.72,Neutro
2024-11-22,11.14,9.48,7.82,35.03,1.00,Sobrecomprado
2024-11-25,11.57,9.57,7.58,41.67,1.00,Sobrecomprado
2024-11-26,12.22,9.75,7.27,50.79,1.00,Sobrecomprado
2024-11-27,12.71,9.93,7.15,56.00,1.00,Neutro
2024-11-29,12.99,10.08,7.16,57.85,0.85,Neutro
2024-12-02,13.23,10.24,7.25,58.39,0.82,Neutro
2024-12-03,13.53,10.43,7.33,59.46,0.85,Neutro
2024-12-04,13.59,10.56,7.54,57.28,0.65,Neutro
2024-12-05,13.55,10.72,7.90,52.69,0.62,Neutro
2024-12-06,13.57,10.77,7.96,52.11,0.51,Neutro
2024-12-09,13.58,10.81,8.04,51.23,0.50,Neutro
2024-12-10,13.59,10.83,8.07,50.96,0.44,Neutro
2024-12-11,13.57,10.87,8.18,49.57,0.41,Neutro
2024-12-12,13.48,10.99,8.50,45.31,0.51,Neutro
2024-12-13,13.31,11.09,8.87,40.03,0.36,Neutro
2024-12-16,13.13,11.14,9.15,35.73,0.02,Neutro
2024-12-17,13.27,11.07,8.87,39.76,0.01,Neutro
2024-12-18,13.42,10.99,8.56,44.22,0.01,Neutro
2024-12-19,13.53,10.90,8.28,48.15,0.09,Neutro
2024-12-20,13.66,10.81,7.96,52.71,0.06,Neutro
2024-12-23,13.70,10.68,7.66,56.56,0.14,Neutro
2024-12-24,13.60,10.51,7.43,58.68,0.20,Neutro
2024-12-26,13.28,10.31,7.33,57.74,0.23,Neutro
2024-12-27,12.94,10.10,7.26,56.23,0.24,Neutro
2024-12-30,12.67,9.93,7.19,55.19,0.27,Neutro
2024-12-31,12.35,9.75,7.16,53.21,0.28,Neutro
2025-01-02,11.82,9.57,7.31,47.15,0.34,Neutro
2025-01-03,11.52,9.45,7.37,43.93,0.41,Neutro
2025-01-06,11.22,9.29,7.35,41.67,0.22,Neutro
2025-01-07,11.03,9.14,7.24,41.48,0.15,Neutro
2025-01-08,10.85,8.96,7.08,42.07,0.07,Neutro
2025-01-10,10.61,8.85,7.09,39.78,0.33,Neutro
2025-01-13,10.39,8.72,7.06,38.18,0.23,Neutro
2025-01-14,9.85,8.58,7.31,29.60,0.35,Neutro
2025-01-15,9.38,8.48,7.58,21.22,0.52,Neutro
2025-01-16,9.35,8.47,7.60,20.65,0.82,Neutro
2025-01-17,9.52,8.51,7.50,23.73,1.00,Sobrecomprado
2025-01-21,9.63,8.55,7.47,25.26,0.88,Neutro
2025-01-22,9.64,8.55,7.47,25.37,0.63,Neutro
2025-01-23,9.68,8.58,7.49,25.51,0.66,Neutro
2025-01-24,9.74,8.62,7.50,26.00,0.73,Neutro
2025-01-27,9.74,8.62,7.50,25.98,0.57,Neutro
2025-01-28,9.76,8.63,7.50,26.18,0.62,Neutro
2025-01-29,9.82,8.66,7.50,26.79,0.72,Neutro
2025-01-30,9.89,8.69,7.50,27.49,0.77,Neutro
2025-01-31,9.95,8.73,7.50,28.08,0.72,Neutro
2025-02-03,10.40,8.83,7.26,35.56,1.00,Sobrecomprado
2025-02-04,10.68,8.91,7.14,39.73,1.00,Neutro
2025-02-05,10.99,9.04,7.10,43.01,0.98,Neutro
2025-02-06,11.06,9.16,7.26,41.50,0.73,Neutro
2025-02-07,11.02,9.29,7.56,37.24,0.72,Neutro
2025-02-10,11.21,9.42,7.63,38.01,0.89,Neutro
2025-02-11,11.79,9.66,7.53,44.11,1.00,Sobrecomprado
2025-02-12,12.03,9.83,7.64,44.66,0.92,Neutro
2025-02-13,12.35,10.01,7.67,46.74,0.96,Neutro
2025-02-14,12.54,10.14,7.75,47.23,0.80,Neutro
2025-02-18,12.76,10.25,7.74,48.96,0.83,Neutro
2025-02-19,13.01,10.39,7.78,50.32,0.85,Neutro
2025-02-20,13.12,10.54,7.96,48.95,0.74,Neutro
2025-02-21,13.19,10.68,8.17,47.01,0.70,Neutro
2025-02-24,13.20,10.78,8.37,44.79,0.60,Neutro
2025-02-25,13.10,10.88,8.66,40.81,0.45,Neutro
2025-02-26,13.01,10.99,8.97,36.75,0.55,Neutro
2025-02-27,12.91,11.07,9.23,33.24,0.41,Neutro
2025-02-28,12.81,11.12,9.44,30.30,0.28,Neutro
2025-03-03,12.69,11.17,9.65,27.22,0.16,Neutro
2025-03-04,12.72,11.13,9.54,28.58,0.18,Neutro
2025-03-05,12.77,11.08,9.40,30.40,0.13,Neutro
2025-03-06,12.81,11.03,9.25,32.28,0.15,Neutro
2025-03-07,12.90,10.99,9.07,34.86,0.03,Neutro
2025-03-10,13.05,10.92,8.78,39.10,0.00,Sobrevendido
2025-03-11,13.24,10.79,8.34,45.41,0.00,Sobrevendido
2025-03-12,13.05,10.60,8.15,46.22,0.13,Neutro
2025-03-13,12.98,10.46,7.94,48.19,0.17,Neutro
2025-03-14,12.74,10.34,7.94,46.43,0.38,Neutro
2025-03-17,12.60,10.27,7.94,45.38,0.49,Neutro
2025-03-18,12.37,10.17,7.96,43.38,0.42,Neutro
2025-03-19,12.03,10.05,8.07,39.39,0.47,Neutro
2025-03-20,11.78,9.97,8.16,36.30,0.56,Neutro
2025-03-21,11.50,9.88,8.26,32.78,0.51,Neutro
2025-03-24,11.33,9.83,8.33,30.51,0.64,Neutro
2025-03-25,11.30,9.82,8.35,30.04,0.71,Neutro
2025-03-26,11.07,9.73,8.40,27.44,0.37,Neutro
2025-03-27,10.92,9.67,8.42,25.85,0.45,Neutro
2025-03-28,10.84,9.61,8.39,25.49,0.31,Neutro
2025-03-31,10.80,9.59,8.39,25.12,0.59,Neutro
2025-04-01,10.75,9.54,8.33,25.38,0.26,Neutro
2025-04-02,10.72,9.51,8.31,25.34,0.41,Neutro
2025-04-03,10.70,9.47,8.24,25.99,0.26,Neutro
2025-04-04,10.70,9.46,8.23,26.10,0.36,Neutro
2025-04-07,10.69,9.47,8.25,25.76,0.24,Neutro
2025-04-08,10.67,9.48,8.29,25.11,0.03,Neutro
2025-04-09,10.65,9.50,8.36,24.09,0.44,Neutro
2025-04-10,10.66,9.55,8.45,23.14,0.58,Neutro
2025-04-11,10.69,9.57,8.44,23.52,0.72,Neutro
2025-04-14,10.74,9.58,8.41,24.32,0.90,Neutro
2025-04-15,10.95,9.64,8.32,27.29,1.00,Neutro
2025-04-16,11.09,9.68,8.27,29.14,0.90,Neutro
2025-04-17,11.13,9.69,8.26,29.61,0.77,Neutro
2025-04-21,11.17,9.71,8.25,30.07,0.68,Neutro
2025-04-22,11.15,9.71,8.26,29.78,0.65,Neutro
2025-04-23,11.11,9.69,8.27,29.32,0.64,Neutro
2025-04-24,11.19,9.74,8.29,29.77,0.74,Neutro
2025-04-25,11.26,9.78,8.31,30.16,0.71,Neutro
2025-04-28,11.27,9.82,8.37,29.52,0.55,Neutro
2025-04-29,11.28,9.83,8.38,29.50,0.55,Neutro
2025-04-30,11.26,9.86,8.47,28.28,0.42,Neutro
2025-05-01,11.26,9.87,8.48,28.17,0.33,Neutro
2025-05-02,11.22,9.90,8.57,26.78,0.32,Neutro
2025-05-05,11.21,9.90,8.60,26.35,0.27,Neutro
2025-05-06,11.16,9.95,8.73,24.43,0.39,Neutro
2025-05-07,10.98,10.01,9.03,19.48,0.29,Neutro
2025-05-08,10.98,10.01,9.04,19.38,0.19,Neutro
2025-05-09,10.98,10.02,9.06,19.16,0.48,Neutro
2025-05-12,11.03,10.04,9.06,19.61,0.73,Neutro
2025-05-13,11.00,10.03,9.07,19.24,0.59,Neutro
2025-05-14,10.85,9.96,9.06,17.98,0.22,Neutro
2025-05-15,10.71,9.89,9.08,16.48,0.29,Neutro
2025-05-16,10.63,9.86,9.09,15.62,0.48,Neutro
2025-05-19,10.59,9.84,9.09,15.25,0.47,Neutro
2025-05-20,10.56,9.80,9.04,15.51,0.22,Neutro
2025-05-21,10.54,9.76,8.97,16.09,0.18,Neutro
2025-05-22,10.50,9.68,8.85,17.05,0.00,Sobrevendido
2025-05-23,10.40,9.65,8.89,15.65,0.62,Neutro
2025-05-27,10.37,9.63,8.89,15.36,0.52,Neutro
2025-05-28,10.34,9.62,8.89,15.08,0.52,Neutro
2025-05-29,10.33,9.61,8.88,15.09,0.43,Neutro
2025-05-30,10.35,9.59,8.83,15.85,0.15,Neutro
2025-06-02,10.36,9.60,8.85,15.72,0.53,Neutro
2025-06-03,10.36,9.62,8.88,15.39,0.49,Neutro
2025-06-04,10.35,9.61,8.86,15.51,0.42,Neutro
2025-06-05,10.35,9.60,8.86,15.52,0.42,Neutro
2025-06-06,10.36,9.59,8.83,15.95,0.24,Neutro
2025-06-09,10.32,9.58,8.84,15.45,0.59,Neutro
2025-06-10,10.14,9.54,8.93,12.69,0.59,Neutro
2025-06-11,10.04,9.51,8.99,11.04,0.66,Neutro
2025-06-12,10.05,9.52,8.99,11.14,0.61,Neutro
2025-06-13,10.07,9.53,8.99,11.33,0.73,Neutro
2025-06-16,10.08,9.53,8.99,11.43,0.83,Neutro
2025-06-17,10.09,9.54,8.98,11.64,0.77,Neutro
2025-06-18,10.12,9.56,9.00,11.71,0.75,Neutro
2025-06-20,10.12,9.58,9.03,11.38,0.51,Neutro
2025-06-23,10.03,9.62,9.21,8.52,0.59,Neutro
2025-06-24,10.01,9.60,9.19,8.54,0.26,Neutro
2025-06-25,10.03,9.57,9.12,9.50,0.04,Neutro
2025-06-26,10.09,9.54,8.98,11.64,0.00,Sobrevendido
2025-06-27,10.18,9.49,8.80,14.54,0.00,Sobrevendido
2025-06-30,10.33,9.45,8.56,18.73,0.00,Sobrevendido
2025-07-01,10.39,9.38,8.38,21.42,0.00,Sobrevendido
2025-07-02,10.39,9.33,8.28,22.60,0.17,Neutro
2025-07-03,10.40,9.29,8.17,24.01,0.15,Neutro
2025-07-07,10.40,9.24,8.08,25.11,0.19,Neutro
2025-07-08,10.43,9.19,7.95,26.98,0.12,Neutro
2025-07-09,10.40,9.12,7.83,28.19,0.16,Neutro
2025-07-10,10.40,9.03,7.66,30.34,0.08,Neutro
2025-07-11,10.42,8.92,7.41,33.76,0.00,Neutro
2025-07-14,10.34,8.84,7.34,33.92,0.29,Neutro
2025-07-15,10.23,8.79,7.36,32.64,0.48,Neutro
2025-07-16,10.07,8.74,7.40,30.56,0.52,Neutro
2025-07-17,9.92,8.69,7.45,28.43,0.57,Neutro
2025-07-18,9.75,8.64,7.52,25.82,0.58,Neutro
2025-07-21,9.62,8.60,7.58,23.72,0.63,Neutro
2025-07-22,9.47,8.56,7.66,21.13,0.72,Neutro
2025-07-23,9.36,8.53,7.71,19.34,0.63,Neutro
2025-07-24,9.26,8.49,7.72,18.13,0.44,Neutro
2025-07-25,9.22,8.47,7.71,17.84,0.38,Neutro
2025-07-28,9.21,8.45,7.69,17.99,0.40,Neutro
2025-07-29,9.21,8.44,7.68,18.12,0.26,Neutro
2025-07-30,9.23,8.42,7.61,19.24,0.17,Neutro
2025-07-31,9.23,8.38,7.52,20.42,0.13,Neutro
2025-08-01,9.23,8.34,7.45,21.35,0.17,Neutro
2025-08-04,9.21,8.32,7.44,21.26,0.46,Neutro
2025-08-05,9.21,8.31,7.41,21.65,0.33,Neutro
2025-08-06,9.21,8.30,7.38,22.05,0.31,Neutro
2025-08-07,9.22,8.29,7.37,22.31,0.22,Neutro
2025-08-08,9.16,8.32,7.48,20.19,0.32,Neutro
2025-08-11,9.17,8.30,7.44,20.83,0.24,Neutro
2025-08-12,9.12,8.26,7.40,20.82,0.28,Neutro
2025-08-13,9.06,8.21,7.35,20.83,0.22,Neutro
2025-08-14,8.97,8.16,7.35,19.85,0.34,Neutro
2025-08-15,8.87,8.11,7.36,18.61,0.35,Neutro
2025-08-18,8.75,8.05,7.36,17.26,0.20,Neutro
2025-08-19,8.55,7.99,7.43,14.02,0.24,Neutro
2025-08-20,8.38,7.94,7.50,11.08,0.35,Neutro
2025-08-21,8.31,7.92,7.54,9.72,0.56,Neutro
2025-08-22,8.27,7.91,7.56,8.97,0.76,Neutro
2025-08-25,8.33,7.92,7.51,10.35,1.00,Sobrecomprado
2025-08-26,8.61,7.97,7.33,16.06,1.00,Sobrecomprado
2025-08-27,8.72,8.01,7.30,17.73,0.96,Neutro
2025-08-28,8.99,8.09,7.18,22.38,1.00,Sobrecomprado
2025-08-29,9.19,8.16,7.13,25.24,1.00,Sobrecomprado
2025-09-02,9.25,8.19,7.12,26.01,0.78,Neutro
2025-09-03,9.28,8.21,7.14,26.06,0.63,Neutro
2025-09-04,9.41,8.27,7.14,27.45,0.87,Neutro
2025-09-05,9.49,8.33,7.17,27.84,0.81,Neutro
2025-09-08,9.64,8.40,7.16,29.52,0.90,Neutro
2025-09-09,9.70,8.46,7.22,29.32,0.71,Neutro
2025-09-10,9.76,8.52,7.28,29.10,0.75,Neutro
2025-09-11,9.83,8.60,7.37,28.60,0.80,Neutro
2025-09-12,9.94,8.68,7.43,28.90,0.85,Neutro
2025-09-15,10.01,8.76,7.52,28.42,0.78,Neutro
2025-09-16,10.01,8.85,7.69,26.21,0.75,Neutro
2025-09-17,9.98,8.93,7.89,23.39,0.69,Neutro
2025-09-18,9.91,9.01,8.10,20.10,0.62,Neutro
2025-09-19,9.83,9.07,8.30,16.87,0.59,Neutro
2025-09-22,10.60,9.25,7.90,29.18,1.00,Sobrecomprado
2025-09-23,11.28,9.44,7.59,39.10,1.00,Sobrecomprado
2025-09-24,12.01,9.63,7.25,49.43,1.00,Sobrecomprado
2025-09-25,12.65,9.85,7.05,56.84,1.00,Sobrecomprado
2025-09-26,13.21,10.05,6.89,62.90,1.00,Sobrecomprado
2025-09-29,13.56,10.22,6.88,65.38,0.86,Neutro
2025-09-30,13.89,10.42,6.96,66.50,0.85,Neutro
2025-10-01,14.10,10.63,7.16,65.31,0.79,Neutro
2025-10-02,14.40,10.83,7.26,65.94,0.82,Neutro
2025-10-03,14.70,11.05,7.40,66.06,0.83,Neutro
2025-10-06,14.95,11.25,7.55,65.78,0.79,Neutro
2025-10-07,15.31,11.52,7.73,65.80,0.88,Neutro
2025-10-08,15.53,11.76,7.99,64.11,0.79,Neutro
2025-10-09,15.66,11.98,8.30,61.44,0.74,Neutro
2025-10-10,15.72,12.17,8.62,58.34,0.67,Neutro
2025-10-13,15.74,12.38,9.02,54.28,0.69,Neutro
2025-10-14,15.82,12.63,9.45,50.42,0.79,Neutro
2025-10-15,15.76,12.88,10.01,44.63,0.76,Neutro
2025-10-16,15.42,13.10,10.79,35.33,0.62,Neutro
2025-10-17,14.71,13.28,11.86,21.46,0.32,Neutro
2025-10-20,14.60,13.34,12.09,18.81,0.35,Neutro
2025-10-21,14.56,13.36,12.15,18.04,0.16,Neutro
2025-10-22,14.56,13.37,12.17,17.88,0.35,Neutro
2025-10-23,14.57,13.38,12.19,17.78,0.55,Neutro
2025-10-24,14.58,13.39,12.20,17.78,0.46,Neutro
2025-10-27,14.63,13.37,12.11,18.85,0.04,Neutro
2025-10-28,14.77,13.31,11.85,21.94,0.00,Sobrevendido
2025-10-29,14.89,13.25,11.62,24.67,0.00,Sobrevendido
2025-10-30,14.97,13.18,11.39,27.17,0.07,Neutro
2025-10-31,15.00,13.08,11.16,29.35,0.10,Neutro
2025-11-03,15.06,12.97,10.88,32.22,0.08,Neutro
2025-11-04,15.00,12.79,10.59,34.47,0.04,Neutro
2025-11-05,15.02,12.60,10.18,38.41,-0.00,Sobrevendido
2025-11-06,15.01,12.43,9.84,41.60,0.07,Neutro
2025-11-07,14.99,12.27,9.55,44.33,0.13,Neutro
2025-11-10,14.88,12.10,9.33,45.86,0.17,Neutro
2025-11-11,14.54,11.89,9.23,44.67,0.18,Neutro
2025-11-12,14.14,11.70,9.25,41.80,0.27,Neutro
2025-11-13,13.91,11.51,9.10,41.80,0.14,Neutro
2025-11-14,13.87,11.32,8.77,45.04,0.07,Neutro
2025-11-17,13.72,11.14,8.56,46.32,0.15,Neutro
2025-11-18,13.59,10.98,8.37,47.54,0.19,Neutro
2025-11-19,13.32,10.80,8.28,46.67,0.21,Neutro
2025-11-20,12.87,10.58,8.28,43.40,0.17,Neutro
2025-11-21,12.37,10.36,8.35,38.80,0.16,Neutro
2025-11-24,12.08,10.22,8.36,36.42,0.26,Neutro
2025-11-25,11.87,10.10,8.34,34.94,0.30,Neutro
2025-11-26,11.65,10.01,8.37,32.77,0.40,Neutro
2025-11-28,11.36,9.92,8.48,29.03,0.48,Neutro
2025-12-01,11.05,9.83,8.60,24.93,0.44,Neutro
2025-12-02,10.80,9.76,8.72,21.32,0.51,Neutro
2025-12-03,10.70,9.73,8.77,19.83,0.79,Neutro
2025-12-04,10.74,9.75,8.75,20.42,0.83,Neutro
2025-12-05,10.73,9.74,8.75,20.32,0.71,Neutro
2025-12-08,10.69,9.72,8.76,19.85,0.58,Neutro
2025-12-09,10.64,9.71,8.77,19.27,0.62,Neutro
2025-12-10,10.60,9.69,8.78,18.77,0.65,Neutro
2025-12-11,10.54,9.68,8.82,17.77,0.87,Neutro
2025-12-12,10.55,9.69,8.82,17.86,0.62,Neutro
2025-12-15,10.53,9.70,8.86,17.22,0.32,Neutro
2025-12-16,10.56,9.74,8.91,16.95,0.68,Neutro
2025-12-17,10.56,9.75,8.95,16.50,0.48,Neutro
2025-12-18,10.56,9.78,8.99,16.06,0.49,Neutro
2025-12-19,10.51,9.81,9.11,14.27,0.46,Neutro
2025-12-22,10.44,9.84,9.24,12.19,0.32,Neutro
2025-12-23,10.42,9.86,9.30,11.36,0.26,Neutro
2025-12-24,10.39,9.87,9.34,10.64,0.28,Neutro
2025-12-26,10.41,9.88,9.36,10.62,0.63,Neutro
2025-12-29,10.49,9.84,9.19,13.21,0.00,Sobrevendido
2025-12-30,10.56,9.81,9.06,15.29,0.00,Sobrevendido
2025-12-31,10.63,9.76,8.89,17.83,0.00,Sobrevendido
2026-01-02,10.62,9.69,8.75,19.31,0.02,Neutro
2026-01-05,10.52,9.63,8.74,18.49,0.29,Neutro
2026-01-06,10.46,9.60,8.74,17.92,0.48,Neutro
2026-01-07,10.42,9.57,8.72,17.76,0.37,Neutro
2026-01-08,10.38,9.54,8.70,17.61,0.36,Neutro
2026-01-09,10.33,9.51,8.68,17.35,0.38,Neutro
2026-01-12,10.22,9.48,8.74,15.61,0.67,Neutro
2026-01-13,10.42,9.52,8.62,18.91,1.00,Sobrecomprado
2026-01-14,10.83,9.62,8.40,25.27,1.00,Sobrecomprado
2026-01-15,11.08,9.68,8.27,29.04,1.00,Sobrecomprado
2026-01-16,11.38,9.76,8.14,33.19,1.00,Sobrecomprado
2026-01-20,12.09,9.92,7.76,43.63,1.00,Sobrecomprado
2026-01-21,13.03,10.15,7.26,56.87,1.00,Sobrecomprado
2026-01-22,13.70,10.36,7.03,64.37,1.00,Sobrecomprado
2026-01-23,14.78,10.67,6.57,76.91,1.00,Sobrecomprado
2026-01-26,15.60,10.97,6.34,84.38,1.00,Sobrecomprado
2026-01-27,16.11,11.21,6.31,87.41,0.86,Neutro
2026-01-28,16.54,11.50,6.46,87.64,0.83,Neutro
2026-01-29,16.89,11.79,6.69,86.51,0.79,Neutro
2026-01-30,16.97,12.02,7.07,82.35,0.64,Neutro
2026-02-02,16.94,12.22,7.51,77.14,0.56,Neutro
2026-02-03,16.97,12.44,7.90,72.93,0.62,Neutro
2026-02-04,16.92,12.59,8.26,68.80,0.50,Neutro
2026-02-05,16.79,12.69,8.60,64.52,0.35,Neutro
2026-02-06,16.63,12.86,9.08,58.73,0.46,Neutro
2026-02-09,16.41,13.02,9.64,51.98,0.45,Neutro
2026-02-10,16.22,13.11,10.00,47.45,0.23,Neutro
2026-02-11,16.12,13.17,10.22,44.79,0.29,Neutro
2026-02-12,16.13,13.17,10.20,45.04,0.17,Neutro
2026-02-13,16.10,13.19,10.28,44.13,0.24,Neutro
2026-02-17,16.15,13.16,10.18,45.36,0.13,Neutro
2026-02-18,16.21,13.06,9.90,48.33,0.15,Neutro
2026-02-19,16.14,12.89,9.64,50.42,0.19,Neutro
2026-02-20,16.06,12.74,9.42,52.11,0.23,Neutro
2026-02-23,15.55,12.51,9.47,48.60,0.29,Neutro
2026-02-24,15.00,12.30,9.59,44.00,0.32,Neutro
2026-02-25,14.60,12.15,9.69,40.42,0.42,Neutro
2026-02-26,14.10,11.99,9.89,35.11,0.44,Neutro
2026-02-27,13.50,11.86,10.21,27.75,0.56,Neutro
2026-03-02,13.83,11.91,9.99,32.24,1.00,Sobrecomprado
2026-03-03,13.95,11.94,9.93,33.66,0.89,Neutro
2026-03-04,14.00,11.95,9.91,34.22,0.93,Neutro
2026-03-05,14.08,11.98,9.89,34.97,0.78,Neutro
2026-03-06,14.19,12.06,9.93,35.32,0.73,Neutro
2026-03-09,14.31,12.10,9.90,36.44,0.79,Neutro
2026-03-10,14.49,12.16,9.83,38.31,0.86,Neutro
2026-03-11,14.66,12.27,9.88,38.96,0.77,Neutro
2026-03-12,14.70,12.31,9.92,38.84,0.59,Neutro
2026-03-13,14.69,12.33,9.96,38.38,0.34,Neutro
2026-03-16,14.71,12.36,10.02,37.93,0.52,Neutro
2026-03-17,14.67,12.42,10.17,36.23,0.42,Neutro
2026-03-18,14.65,12.44,10.22,35.62,0.21,Neutro
2026-03-19,14.64,12.44,10.23,35.46,0.16,Neutro
2026-03-20,14.68,12.42,10.16,36.39,0.10,Neutro
2026-03-23,14.68,12.42,10.16,36.40,0.23,Neutro
2026-03-24,14.73,12.39,10.04,37.86,0.14,Neutro
2026-03-25,14.77,12.34,9.91,39.38,0.19,Neutro
2026-03-26,14.83,12.28,9.74,41.44,0.17,Neutro
2026-03-27,14.85,12.22,9.59,43.05,0.22,Neutro
2026-03-30,14.48,12.04,9.60,40.52,0.29,Neutro
2026-03-31,14.29,11.95,9.60,39.25,0.43,Neutro
2026-04-01,14.06,11.87,9.67,36.99,0.55,Neutro
2026-04-02,13.95,11.83,9.70,35.94,0.62,Neutro
2026-04-06,13.83,11.78,9.73,34.81,0.57,Neutro
2026-04-07,13.62,11.71,9.80,32.63,0.57,Neutro
2026-04-08,13.32,11.64,9.96,28.86,0.78,Neutro
2026-04-09,13.04,11.58,10.12,25.21,0.76,Neutro
2026-04-10,12.96,11.56,10.16,24.22,0.77,Neutro
2026-04-13,13.11,11.62,10.13,25.65,0.87,Neutro
2026-04-14,13.22,11.64,10.07,27.05,0.93,Neutro
2026-04-15,13.42,11.70,9.98,29.39,0.95,Neutro
2026-04-16,13.56,11.79,10.02,30.03,0.80,Neutro
2026-04-17,13.75,11.90,10.06,31.00,0.87,Neutro
2026-04-20,13.86,12.03,10.21,30.33,0.82,Neutro
2026-04-21,13.88,12.09,10.31,29.52,0.59,Neutro
2026-04-22,13.92,12.21,10.50,28.00,0.76,Neutro
2026-04-23,13.94,12.33,10.71,26.20,0.73,Neutro
2026-04-24,13.90,12.46,11.01,23.20,0.77,Neutro
2026-04-27,13.85,12.59,11.33,20.02,0.82,Neutro
2026-04-28,13.73,12.69,11.65,16.39,0.65,Neutro
2026-04-29,13.67,12.76,11.84,14.35,0.61,Neutro
2026-04-30,13.71,12.82,11.92,13.97,0.78,Neutro
2026-05-01,13.74,12.86,11.98,13.68,0.71,Neutro
2026-05-04,13.73,12.92,12.11,12.54,0.72,Neutro
2026-05-05,13.72,13.00,12.28,11.08,0.87,Neutro
2026-05-06,13.77,13.05,12.32,11.11,0.83,Neutro
2026-05-07,13.76,13.10,12.44,10.07,0.75,Neutro
2026-05-08,13.74,13.16,12.59,8.74,0.81,Neutro
2026-05-11,13.76,13.20,12.65,8.41,0.77,Neutro
2026-05-12,13.76,13.21,12.67,8.25,0.53,Neutro
2026-05-13,13.76,13.21,12.66,8.33,0.48,Neutro
2026-05-14,13.75,13.22,12.69,8.02,0.27,Neutro
2026-05-15,13.77,13.19,12.60,8.87,0.04,Neutro
2026-05-18,13.89,13.13,12.38,11.50,0.00,Sobrevendido
2026-05-19,14.29,13.06,11.82,18.92,0.00,Sobrevendido
2026-05-20,14.48,12.96,11.43,23.54,0.00,Sobrevendido
2026-05-21,14.63,12.84,11.06,27.80,0.00,Sobrevendido
2026-05-22,14.79,12.70,10.61,32.91,0.00,Sobrevendido
2026-05-26,14.78,12.58,10.38,34.98,0.13,Neutro
2026-05-27,14.85,12.44,10.04,38.65,0.06,Neutro
2026-05-28,14.91,12.30,9.70,42.35,0.08,Neutro
2026-05-29,14.87,12.15,9.43,44.78,0.14,Neutro
2026-06-01,14.85,11.97,9.09,48.12,0.11,Neutro
2026-06-02,14.76,11.80,8.84,50.18,0.17,Neutro
2026-06-03,14.63,11.59,8.54,52.56,0.13,Neutro
2026-06-04,14.40,11.40,8.39,52.73,0.22,Neutro
2026-06-05,14.21,11.17,8.13,54.42,0.13,Neutro
2026-06-08,13.98,10.92,7.85,56.15,0.09,Neutro
2026-06-09,13.69,10.65,7.61,57.08,0.10,Neutro
2026-06-10,13.42,10.38,7.33,58.68,0.07,Neutro
2026-06-11,13.06,10.11,7.16,58.36,0.11,Neutro
2026-06-12,12.62,9.86,7.11,55.87,0.17,Neutro
2026-06-15,12.16,9.64,7.11,52.40,0.20,Neutro
2026-06-16,11.75,9.44,7.14,48.81,0.25,Neutro
2026-06-17,11.58,9.31,7.05,48.64,0.26,Neutro
2026-06-18,11.32,9.18,7.04,46.61,0.33,Neutro
2026-06-22,11.07,9.06,7.05,44.38,0.33,Neutro
2026-06-23,10.89,8.95,7.01,43.34,0.33,Neutro
