Date,Fib_0,Fib_236,Fib_382,Fib_50,Fib_618,Fib_786,Fib_1,Fib_1_272,Fib_1_618,Fib_Position,Fib_Level_Current,Fib_Distance_Next,Fib_Zone,Fib_Buy_Signal,Fib_Sell_Signal
2021-01-25,1.90,2.02,2.09,2.15,2.21,2.29,2.40,2.54,2.71,0.58,0.50,0.04,Zona de Consolidação,1,0
2021-01-26,1.90,2.02,2.09,2.15,2.21,2.29,2.40,2.54,2.71,0.38,0.24,0.00,Suporte,1,0
2021-01-27,1.70,1.87,1.97,2.05,2.13,2.25,2.40,2.59,2.83,0.07,0.00,0.17,Suporte Forte,0,0
2021-01-28,1.58,1.77,1.89,1.99,2.09,2.22,2.40,2.62,2.91,0.10,0.00,0.14,Suporte Forte,0,0
2021-01-29,1.58,1.77,1.89,1.99,2.09,2.22,2.40,2.62,2.91,0.05,0.00,0.19,Suporte Forte,0,0
2021-02-01,1.58,1.77,1.89,1.99,2.09,2.22,2.40,2.62,2.91,0.10,0.00,0.14,Suporte Forte,0,0
2021-02-02,1.58,1.77,1.89,1.99,2.09,2.22,2.40,2.62,2.91,0.24,0.24,0.14,Suporte,0,0
2021-02-03,1.58,1.77,1.89,1.99,2.09,2.22,2.40,2.62,2.91,0.40,0.38,0.10,Zona de Consolidação,0,0
2021-02-04,1.58,1.77,1.89,1.99,2.09,2.22,2.40,2.62,2.91,0.49,0.38,0.01,Zona de Consolidação,0,0
2021-02-05,1.58,1.77,1.89,1.99,2.09,2.22,2.40,2.62,2.91,0.77,0.62,0.02,Resistência,0,1
2021-02-08,1.58,1.83,1.99,2.12,2.24,2.42,2.65,2.94,3.31,0.86,0.79,0.14,Resistência Forte,0,0
2021-02-09,1.58,1.83,1.99,2.12,2.24,2.42,2.65,2.94,3.31,0.68,0.62,0.11,Resistência,0,0
2021-02-10,1.58,1.83,1.99,2.12,2.24,2.42,2.65,2.94,3.31,0.68,0.62,0.11,Resistência,0,0
2021-02-11,1.58,1.83,1.99,2.12,2.24,2.42,2.65,2.94,3.31,0.80,0.79,0.20,Resistência Forte,0,1
2021-02-12,1.58,1.83,1.99,2.12,2.24,2.42,2.65,2.94,3.31,0.63,0.62,0.16,Resistência,1,0
2021-02-16,1.58,1.83,1.99,2.12,2.24,2.42,2.65,2.94,3.31,0.68,0.62,0.11,Resistência,0,0
2021-02-17,1.58,1.83,1.99,2.12,2.24,2.42,2.65,2.94,3.31,0.77,0.62,0.02,Resistência,0,1
2021-02-18,1.58,1.83,1.99,2.12,2.24,2.42,2.65,2.94,3.31,0.84,0.79,0.16,Resistência Forte,0,0
2021-02-19,1.58,1.89,2.08,2.24,2.40,2.62,2.90,3.26,3.72,0.82,0.79,0.18,Resistência Forte,0,0
2021-02-22,1.58,1.89,2.08,2.24,2.40,2.62,2.90,3.26,3.72,0.83,0.79,0.17,Resistência Forte,0,0
2021-02-23,1.58,1.89,2.08,2.24,2.40,2.62,2.90,3.26,3.72,0.55,0.50,0.07,Zona de Consolidação,0,0
2021-02-24,1.58,1.89,2.08,2.24,2.40,2.62,2.90,3.26,3.72,0.58,0.50,0.04,Zona de Consolidação,0,0
2021-02-25,1.58,1.89,2.08,2.24,2.40,2.62,2.90,3.26,3.72,0.22,0.00,0.02,Suporte Forte,0,0
2021-02-26,1.58,1.89,2.08,2.24,2.40,2.62,2.90,3.26,3.72,0.35,0.24,0.03,Suporte,0,0
2021-03-01,1.58,1.89,2.08,2.24,2.40,2.62,2.90,3.26,3.72,0.45,0.38,0.05,Zona de Consolidação,0,0
2021-03-02,1.58,1.89,2.08,2.24,2.40,2.62,2.90,3.26,3.72,0.24,0.24,0.14,Suporte,0,0
2021-03-03,1.58,1.89,2.08,2.24,2.40,2.62,2.90,3.26,3.72,0.12,0.00,0.12,Suporte Forte,0,0
2021-03-04,1.17,1.58,1.83,2.04,2.24,2.53,2.90,3.37,3.97,0.12,0.00,0.12,Suporte Forte,0,0
2021-03-05,1.17,1.58,1.83,2.04,2.24,2.53,2.90,3.37,3.97,0.16,0.00,0.08,Suporte Forte,0,0
2021-03-08,1.17,1.58,1.83,2.04,2.24,2.53,2.90,3.37,3.97,0.21,0.00,0.03,Suporte Forte,0,0
2021-03-09,1.17,1.58,1.83,2.04,2.24,2.53,2.90,3.37,3.97,0.18,0.00,0.06,Suporte Forte,0,0
2021-03-10,1.17,1.58,1.83,2.04,2.24,2.53,2.90,3.37,3.97,0.28,0.24,0.10,Suporte,0,0
2021-03-11,1.17,1.58,1.83,2.04,2.24,2.53,2.90,3.37,3.97,0.28,0.24,0.10,Suporte,0,0
2021-03-12,1.17,1.58,1.83,2.04,2.24,2.53,2.90,3.37,3.97,0.24,0.24,0.14,Suporte,0,0
2021-03-15,1.17,1.58,1.83,2.04,2.24,2.53,2.90,3.37,3.97,0.16,0.00,0.08,Suporte Forte,0,0
2021-03-16,1.17,1.58,1.83,2.04,2.24,2.53,2.90,3.37,3.97,0.20,0.00,0.04,Suporte Forte,0,0
2021-03-17,1.17,1.58,1.83,2.04,2.24,2.53,2.90,3.37,3.97,0.17,0.00,0.07,Suporte Forte,0,0
2021-03-18,1.17,1.58,1.83,2.04,2.24,2.53,2.90,3.37,3.97,0.19,0.00,0.05,Suporte Forte,0,0
2021-03-19,1.17,1.58,1.83,2.04,2.24,2.53,2.90,3.37,3.97,0.23,0.00,0.01,Suporte Forte,0,0
2021-03-22,1.17,1.58,1.83,2.04,2.24,2.53,2.90,3.37,3.97,0.23,0.00,0.01,Suporte Forte,0,0
2021-03-23,1.17,1.58,1.83,2.04,2.24,2.53,2.90,3.37,3.97,0.18,0.00,0.06,Suporte Forte,0,0
2021-03-24,1.17,1.58,1.83,2.04,2.24,2.53,2.90,3.37,3.97,0.03,0.00,0.21,Suporte Forte,0,0
2021-03-25,1.00,1.45,1.73,1.95,2.17,2.49,2.90,3.42,4.07,0.09,0.00,0.15,Suporte Forte,0,0
2021-03-26,1.00,1.45,1.73,1.95,2.17,2.49,2.90,3.42,4.07,0.14,0.00,0.10,Suporte Forte,0,0
2021-03-29,1.00,1.45,1.73,1.95,2.17,2.49,2.90,3.42,4.07,0.19,0.00,0.05,Suporte Forte,0,0
2021-03-30,1.00,1.45,1.73,1.95,2.17,2.49,2.90,3.42,4.07,0.15,0.00,0.09,Suporte Forte,0,0
2021-03-31,1.00,1.45,1.73,1.95,2.17,2.49,2.90,3.42,4.07,0.14,0.00,0.10,Suporte Forte,0,0
2021-04-01,1.00,1.45,1.73,1.95,2.17,2.49,2.90,3.42,4.07,0.11,0.00,0.13,Suporte Forte,0,0
2021-04-05,1.00,1.45,1.73,1.95,2.17,2.49,2.90,3.42,4.07,0.14,0.00,0.10,Suporte Forte,0,0
2021-04-06,1.00,1.45,1.73,1.95,2.17,2.49,2.90,3.42,4.07,0.28,0.24,0.10,Suporte,0,0
2021-04-07,1.00,1.45,1.73,1.95,2.17,2.49,2.90,3.42,4.07,0.18,0.00,0.06,Suporte Forte,0,0
2021-04-08,1.00,1.45,1.73,1.95,2.17,2.49,2.90,3.42,4.07,0.18,0.00,0.06,Suporte Forte,0,0
2021-04-09,1.00,1.45,1.73,1.95,2.17,2.49,2.90,3.42,4.07,0.15,0.00,0.09,Suporte Forte,0,0
2021-04-12,1.00,1.45,1.73,1.95,2.17,2.49,2.90,3.42,4.07,0.16,0.00,0.08,Suporte Forte,0,0
2021-04-13,1.00,1.45,1.73,1.95,2.17,2.49,2.90,3.42,4.07,0.16,0.00,0.08,Suporte Forte,0,0
2021-04-14,1.00,1.45,1.73,1.95,2.17,2.49,2.90,3.42,4.07,0.12,0.00,0.12,Suporte Forte,0,0
2021-04-15,1.00,1.45,1.73,1.95,2.17,2.49,2.90,3.42,4.07,0.16,0.00,0.08,Suporte Forte,0,0
2021-04-16,1.00,1.45,1.73,1.95,2.17,2.49,2.90,3.42,4.07,0.16,0.00,0.08,Suporte Forte,0,0
2021-04-19,1.00,1.45,1.73,1.95,2.17,2.49,2.90,3.42,4.07,0.14,0.00,0.10,Suporte Forte,0,0
2021-04-20,1.00,1.45,1.73,1.95,2.17,2.49,2.90,3.42,4.07,0.14,0.00,0.10,Suporte Forte,0,0
2021-04-21,1.00,1.45,1.73,1.95,2.17,2.49,2.90,3.42,4.07,0.15,0.00,0.09,Suporte Forte,0,0
2021-04-22,1.00,1.45,1.73,1.95,2.17,2.49,2.90,3.42,4.07,0.18,0.00,0.06,Suporte Forte,0,0
2021-04-23,1.00,1.45,1.73,1.95,2.17,2.49,2.90,3.42,4.07,0.22,0.00,0.02,Suporte Forte,0,0
2021-04-26,1.00,1.45,1.73,1.95,2.17,2.49,2.90,3.42,4.07,0.26,0.24,0.12,Suporte,0,0
2021-04-27,1.00,1.45,1.73,1.95,2.17,2.49,2.90,3.42,4.07,0.26,0.24,0.12,Suporte,0,0
2021-04-28,1.00,1.45,1.73,1.95,2.17,2.49,2.90,3.42,4.07,0.42,0.38,0.08,Zona de Consolidação,0,0
2021-04-29,1.00,1.45,1.73,1.95,2.17,2.49,2.90,3.42,4.07,0.66,0.62,0.13,Resistência,0,0
2021-04-30,1.00,1.45,1.73,1.95,2.17,2.49,2.90,3.42,4.07,0.68,0.62,0.11,Resistência,0,0
2021-05-03,1.00,1.42,1.67,1.88,2.09,2.38,2.76,3.24,3.85,0.62,0.62,0.17,Resistência,1,0
2021-05-04,1.00,1.38,1.61,1.80,1.98,2.25,2.59,3.02,3.57,0.47,0.38,0.03,Zona de Consolidação,0,0
2021-05-05,1.00,1.34,1.54,1.71,1.88,2.12,2.42,2.81,3.30,0.63,0.62,0.16,Resistência,0,0
2021-05-06,1.00,1.33,1.53,1.70,1.87,2.10,2.40,2.78,3.27,0.36,0.24,0.02,Suporte,0,0
2021-05-07,1.00,1.32,1.51,1.67,1.83,2.05,2.34,2.70,3.17,0.41,0.38,0.09,Zona de Consolidação,0,0
2021-05-10,1.00,1.32,1.51,1.67,1.83,2.05,2.34,2.70,3.17,0.35,0.24,0.03,Suporte,0,0
2021-05-11,1.00,1.32,1.51,1.67,1.83,2.05,2.34,2.70,3.17,0.26,0.24,0.12,Suporte,0,0
2021-05-12,1.00,1.32,1.51,1.67,1.83,2.05,2.34,2.70,3.17,0.43,0.38,0.07,Zona de Consolidação,0,0
2021-05-13,1.00,1.32,1.51,1.67,1.83,2.05,2.34,2.70,3.17,0.35,0.24,0.03,Suporte,0,0
2021-05-14,1.00,1.32,1.51,1.67,1.83,2.05,2.34,2.70,3.17,0.40,0.38,0.10,Zona de Consolidação,0,0
2021-05-17,1.00,1.32,1.51,1.67,1.83,2.05,2.34,2.70,3.17,0.28,0.24,0.10,Suporte,0,0
2021-05-18,1.00,1.32,1.51,1.67,1.83,2.05,2.34,2.70,3.17,0.31,0.24,0.07,Suporte,0,0
2021-05-19,1.00,1.32,1.51,1.67,1.83,2.05,2.34,2.70,3.17,0.30,0.24,0.08,Suporte,0,0
2021-05-20,1.00,1.32,1.51,1.67,1.83,2.05,2.34,2.70,3.17,0.28,0.24,0.10,Suporte,0,0
2021-05-21,1.00,1.32,1.51,1.67,1.83,2.05,2.34,2.70,3.17,0.30,0.24,0.08,Suporte,0,0
2021-05-24,1.00,1.32,1.51,1.67,1.83,2.05,2.34,2.70,3.17,0.27,0.24,0.11,Suporte,0,0
2021-05-25,1.00,1.32,1.51,1.67,1.83,2.05,2.34,2.70,3.17,0.25,0.24,0.13,Suporte,0,0
2021-05-26,1.00,1.32,1.51,1.67,1.83,2.05,2.34,2.70,3.17,0.28,0.24,0.10,Suporte,0,0
2021-05-27,1.00,1.32,1.51,1.67,1.83,2.05,2.34,2.70,3.17,0.28,0.24,0.10,Suporte,0,0
2021-05-28,1.00,1.32,1.51,1.67,1.83,2.05,2.34,2.70,3.17,0.28,0.24,0.10,Suporte,0,0
2021-06-01,1.00,1.32,1.51,1.67,1.83,2.05,2.34,2.70,3.17,0.28,0.24,0.10,Suporte,0,0
2021-06-02,1.00,1.32,1.51,1.67,1.83,2.05,2.34,2.70,3.17,0.29,0.24,0.09,Suporte,0,0
2021-06-03,1.00,1.32,1.51,1.67,1.83,2.05,2.34,2.70,3.17,0.26,0.24,0.12,Suporte,0,0
2021-06-04,1.00,1.32,1.51,1.67,1.83,2.05,2.34,2.70,3.17,0.39,0.38,0.11,Zona de Consolidação,1,0
2021-06-07,1.10,1.39,1.57,1.72,1.87,2.07,2.34,2.68,3.11,0.36,0.24,0.02,Suporte,0,0
2021-06-08,1.10,1.39,1.57,1.72,1.87,2.07,2.34,2.68,3.11,0.38,0.24,0.00,Suporte,1,0
2021-06-09,1.11,1.40,1.58,1.72,1.87,2.08,2.34,2.67,3.10,0.38,0.24,0.00,Suporte,1,0
2021-06-10,1.11,1.40,1.58,1.72,1.87,2.08,2.34,2.67,3.10,0.40,0.38,0.10,Zona de Consolidação,0,0
2021-06-11,1.11,1.40,1.58,1.72,1.87,2.08,2.34,2.67,3.10,0.43,0.38,0.07,Zona de Consolidação,0,0
2021-06-14,1.11,1.40,1.58,1.72,1.87,2.08,2.34,2.67,3.10,0.32,0.24,0.06,Suporte,0,0
2021-06-15,1.13,1.42,1.59,1.74,1.88,2.08,2.34,2.67,3.09,0.30,0.24,0.08,Suporte,0,0
2021-06-16,1.13,1.42,1.59,1.74,1.88,2.08,2.34,2.67,3.09,0.32,0.24,0.06,Suporte,0,0
2021-06-17,1.13,1.42,1.59,1.74,1.88,2.08,2.34,2.67,3.09,0.29,0.24,0.09,Suporte,0,0
2021-06-18,1.13,1.42,1.59,1.74,1.88,2.08,2.34,2.67,3.09,0.33,0.24,0.05,Suporte,0,0
2021-06-21,1.13,1.42,1.59,1.74,1.88,2.08,2.34,2.67,3.09,0.29,0.24,0.09,Suporte,0,0
2021-06-22,1.13,1.42,1.59,1.74,1.88,2.08,2.34,2.67,3.09,0.42,0.38,0.08,Zona de Consolidação,0,0
2021-06-23,1.13,1.42,1.59,1.74,1.88,2.08,2.34,2.67,3.09,0.40,0.38,0.10,Zona de Consolidação,0,0
2021-06-24,1.13,1.42,1.59,1.74,1.88,2.08,2.34,2.67,3.09,0.37,0.24,0.01,Suporte,1,0
2021-06-25,1.13,1.42,1.59,1.74,1.88,2.08,2.34,2.67,3.09,0.38,0.24,0.00,Suporte,1,0
2021-06-28,1.13,1.42,1.59,1.74,1.88,2.08,2.34,2.67,3.09,0.36,0.24,0.02,Suporte,0,0
2021-06-29,1.13,1.42,1.59,1.74,1.88,2.08,2.34,2.67,3.09,0.33,0.24,0.05,Suporte,0,0
2021-06-30,1.17,1.45,1.62,1.76,1.89,2.09,2.34,2.66,3.06,0.37,0.24,0.01,Suporte,0,0
2021-07-01,1.25,1.51,1.67,1.80,1.92,2.11,2.34,2.64,3.01,0.24,0.24,0.14,Suporte,0,0
2021-07-02,1.27,1.52,1.68,1.80,1.93,2.11,2.34,2.63,3.00,0.25,0.24,0.13,Suporte,0,0
2021-07-06,1.27,1.52,1.68,1.80,1.93,2.11,2.34,2.63,3.00,0.26,0.24,0.12,Suporte,0,0
2021-07-07,1.27,1.52,1.68,1.80,1.93,2.11,2.34,2.63,3.00,0.21,0.00,0.03,Suporte Forte,0,0
2021-07-08,1.27,1.52,1.68,1.80,1.93,2.11,2.34,2.63,3.00,0.24,0.24,0.14,Suporte,0,0
2021-07-09,1.27,1.52,1.68,1.80,1.93,2.11,2.34,2.63,3.00,0.21,0.00,0.03,Suporte Forte,0,0
2021-07-12,1.27,1.52,1.68,1.80,1.93,2.11,2.34,2.63,3.00,0.24,0.24,0.14,Suporte,0,0
2021-07-13,1.27,1.50,1.64,1.76,1.87,2.03,2.24,2.50,2.84,0.24,0.24,0.14,Suporte,0,0
2021-07-14,1.27,1.44,1.54,1.62,1.71,1.83,1.98,2.17,2.42,0.31,0.24,0.07,Suporte,0,0
2021-07-15,1.27,1.43,1.53,1.61,1.69,1.80,1.95,2.13,2.37,0.32,0.24,0.06,Suporte,0,0
2021-07-16,1.27,1.41,1.50,1.58,1.65,1.75,1.88,2.05,2.26,0.38,0.24,0.00,Suporte,1,0
2021-07-19,1.27,1.39,1.46,1.52,1.57,1.66,1.76,1.89,2.06,0.47,0.38,0.03,Zona de Consolidação,0,0
2021-07-20,1.27,1.39,1.46,1.52,1.57,1.66,1.76,1.89,2.06,0.47,0.38,0.03,Zona de Consolidação,0,0
2021-07-21,1.27,1.39,1.46,1.52,1.57,1.66,1.76,1.89,2.06,0.53,0.50,0.09,Zona de Consolidação,0,0
2021-07-22,1.30,1.41,1.48,1.53,1.58,1.66,1.76,1.89,2.04,0.54,0.50,0.08,Zona de Consolidação,0,0
2021-07-23,1.30,1.41,1.48,1.53,1.58,1.66,1.76,1.89,2.04,0.61,0.50,0.01,Zona de Consolidação,1,0
2021-07-26,1.30,1.38,1.44,1.48,1.52,1.58,1.66,1.76,1.88,0.56,0.50,0.06,Zona de Consolidação,0,0
2021-07-27,1.30,1.38,1.44,1.48,1.52,1.58,1.66,1.76,1.88,0.39,0.38,0.11,Zona de Consolidação,1,0
2021-07-28,1.30,1.38,1.44,1.48,1.52,1.58,1.66,1.76,1.88,0.28,0.24,0.10,Suporte,0,0
2021-07-29,1.30,1.38,1.44,1.48,1.52,1.58,1.66,1.76,1.88,0.03,0.00,0.21,Suporte Forte,0,0
2021-07-30,1.20,1.31,1.38,1.43,1.48,1.56,1.66,1.79,1.94,0.13,0.00,0.11,Suporte Forte,0,0
2021-08-02,1.10,1.23,1.31,1.38,1.45,1.54,1.66,1.81,2.01,0.07,0.00,0.17,Suporte Forte,0,0
2021-08-03,1.04,1.19,1.28,1.35,1.42,1.53,1.66,1.83,2.04,0.11,0.00,0.13,Suporte Forte,0,0
2021-08-04,1.04,1.19,1.28,1.35,1.42,1.53,1.66,1.83,2.04,0.10,0.00,0.14,Suporte Forte,0,0
2021-08-05,0.89,1.07,1.18,1.27,1.37,1.50,1.66,1.87,2.14,0.14,0.00,0.10,Suporte Forte,0,0
2021-08-06,0.89,1.07,1.18,1.27,1.37,1.50,1.66,1.87,2.14,0.14,0.00,0.10,Suporte Forte,0,0
2021-08-09,0.89,1.07,1.18,1.27,1.37,1.50,1.66,1.87,2.14,0.16,0.00,0.08,Suporte Forte,0,0
2021-08-10,0.89,1.07,1.18,1.27,1.37,1.50,1.66,1.87,2.14,0.14,0.00,0.10,Suporte Forte,0,0
2021-08-11,0.89,1.07,1.18,1.27,1.37,1.50,1.66,1.87,2.14,0.21,0.00,0.03,Suporte Forte,0,0
2021-08-12,0.89,1.07,1.18,1.27,1.37,1.50,1.66,1.87,2.14,0.17,0.00,0.07,Suporte Forte,0,0
2021-08-13,0.89,1.07,1.18,1.27,1.37,1.50,1.66,1.87,2.14,0.25,0.24,0.13,Suporte,0,0
2021-08-16,0.89,1.07,1.18,1.27,1.37,1.50,1.66,1.87,2.14,0.10,0.00,0.14,Suporte Forte,0,0
2021-08-17,0.89,1.07,1.18,1.27,1.37,1.50,1.66,1.87,2.14,0.04,0.00,0.20,Suporte Forte,0,0
2021-08-18,0.89,1.07,1.18,1.27,1.37,1.50,1.66,1.87,2.14,0.03,0.00,0.21,Suporte Forte,0,0
2021-08-19,0.85,1.04,1.16,1.25,1.35,1.49,1.66,1.88,2.16,0.06,0.00,0.18,Suporte Forte,0,0
2021-08-20,0.72,0.94,1.08,1.19,1.30,1.46,1.66,1.92,2.24,0.07,0.00,0.17,Suporte Forte,0,0
2021-08-23,0.72,0.94,1.08,1.19,1.30,1.46,1.66,1.92,2.24,0.14,0.00,0.10,Suporte Forte,0,0
2021-08-24,0.72,0.94,1.08,1.19,1.30,1.46,1.66,1.92,2.24,0.09,0.00,0.15,Suporte Forte,0,0
2021-08-25,0.72,0.94,1.08,1.19,1.30,1.46,1.66,1.92,2.24,0.18,0.00,0.06,Suporte Forte,0,0
2021-08-26,0.72,0.94,1.08,1.19,1.30,1.46,1.66,1.92,2.24,0.22,0.00,0.02,Suporte Forte,0,0
2021-08-27,0.72,0.94,1.08,1.19,1.30,1.46,1.66,1.92,2.24,0.27,0.24,0.11,Suporte,0,0
2021-08-30,0.72,0.94,1.08,1.19,1.30,1.46,1.66,1.92,2.24,0.29,0.24,0.09,Suporte,0,0
2021-08-31,0.72,0.94,1.08,1.19,1.30,1.46,1.66,1.92,2.24,0.40,0.38,0.10,Zona de Consolidação,0,0
2021-09-01,0.72,0.94,1.08,1.19,1.30,1.46,1.66,1.92,2.24,0.45,0.38,0.05,Zona de Consolidação,0,0
2021-09-02,0.72,0.94,1.08,1.19,1.30,1.46,1.66,1.92,2.24,0.47,0.38,0.03,Zona de Consolidação,0,0
2021-09-03,0.72,0.94,1.08,1.19,1.30,1.46,1.66,1.92,2.24,0.73,0.62,0.06,Resistência,0,0
2021-09-07,0.72,1.00,1.18,1.32,1.46,1.66,1.92,2.25,2.66,0.86,0.79,0.14,Resistência Forte,0,0
2021-09-08,0.72,1.00,1.18,1.32,1.46,1.66,1.92,2.25,2.66,0.90,0.79,0.10,Resistência Forte,0,0
2021-09-09,0.72,1.06,1.26,1.43,1.60,1.84,2.14,2.53,3.02,0.87,0.79,0.13,Resistência Forte,0,0
2021-09-10,0.72,1.06,1.26,1.43,1.60,1.84,2.14,2.53,3.02,0.82,0.79,0.18,Resistência Forte,0,0
2021-09-13,0.72,1.06,1.26,1.43,1.60,1.84,2.14,2.53,3.02,0.58,0.50,0.04,Zona de Consolidação,0,0
2021-09-14,0.72,1.06,1.26,1.43,1.60,1.84,2.14,2.53,3.02,0.52,0.50,0.10,Zona de Consolidação,0,0
2021-09-15,0.72,1.06,1.26,1.43,1.60,1.84,2.14,2.53,3.02,0.46,0.38,0.04,Zona de Consolidação,0,0
2021-09-16,0.72,1.06,1.26,1.43,1.60,1.84,2.14,2.53,3.02,0.63,0.62,0.16,Resistência,1,0
2021-09-17,0.72,1.06,1.26,1.43,1.60,1.84,2.14,2.53,3.02,0.65,0.62,0.14,Resistência,0,0
2021-09-20,0.72,1.06,1.26,1.43,1.60,1.84,2.14,2.53,3.02,0.59,0.50,0.03,Zona de Consolidação,0,0
2021-09-21,0.72,1.06,1.26,1.43,1.60,1.84,2.14,2.53,3.02,0.77,0.62,0.02,Resistência,0,0
2021-09-22,0.72,1.06,1.26,1.43,1.60,1.84,2.14,2.53,3.02,0.85,0.79,0.15,Resistência Forte,0,0
2021-09-23,0.72,1.06,1.26,1.43,1.60,1.84,2.14,2.53,3.02,0.89,0.79,0.11,Resistência Forte,0,0
2021-09-24,0.72,1.06,1.26,1.43,1.60,1.84,2.14,2.53,3.02,0.85,0.79,0.15,Resistência Forte,0,0
2021-09-27,0.72,1.06,1.26,1.43,1.60,1.84,2.14,2.53,3.02,0.89,0.79,0.11,Resistência Forte,0,0
2021-09-28,0.72,1.06,1.26,1.43,1.60,1.84,2.14,2.53,3.02,0.89,0.79,0.11,Resistência Forte,0,0
2021-09-29,0.72,1.06,1.26,1.43,1.60,1.84,2.14,2.53,3.02,0.82,0.79,0.18,Resistência Forte,0,0
2021-09-30,0.72,1.06,1.26,1.43,1.60,1.84,2.14,2.53,3.02,0.89,0.79,0.11,Resistência Forte,0,0
2021-10-01,0.72,1.06,1.26,1.43,1.60,1.84,2.14,2.53,3.02,0.89,0.79,0.11,Resistência Forte,0,0
2021-10-04,0.72,1.06,1.26,1.43,1.60,1.84,2.14,2.53,3.02,0.76,0.62,0.03,Resistência,0,0
2021-10-05,0.72,1.06,1.26,1.43,1.60,1.84,2.14,2.53,3.02,0.77,0.62,0.02,Resistência,0,0
2021-10-06,0.72,1.06,1.26,1.43,1.60,1.84,2.14,2.53,3.02,0.72,0.62,0.07,Resistência,0,0
2021-10-07,0.72,1.06,1.26,1.43,1.60,1.84,2.14,2.53,3.02,0.82,0.79,0.18,Resistência Forte,0,0
2021-10-08,0.72,1.06,1.26,1.43,1.60,1.84,2.14,2.53,3.02,0.88,0.79,0.12,Resistência Forte,0,0
2021-10-11,0.72,1.06,1.26,1.43,1.60,1.84,2.14,2.53,3.02,0.87,0.79,0.13,Resistência Forte,0,0
2021-10-12,0.72,1.06,1.26,1.43,1.60,1.84,2.14,2.53,3.02,0.89,0.79,0.11,Resistência Forte,0,0
2021-10-13,0.72,1.06,1.26,1.43,1.60,1.84,2.14,2.53,3.02,0.91,0.79,0.09,Resistência Forte,0,0
2021-10-14,0.72,1.06,1.26,1.43,1.60,1.84,2.14,2.53,3.02,0.86,0.79,0.14,Resistência Forte,0,0
2021-10-15,0.72,1.06,1.26,1.43,1.60,1.84,2.14,2.53,3.02,0.90,0.79,0.10,Resistência Forte,0,0
2021-10-18,0.72,1.06,1.26,1.43,1.60,1.84,2.14,2.53,3.02,0.87,0.79,0.13,Resistência Forte,0,0
2021-10-19,0.72,1.06,1.26,1.43,1.60,1.84,2.14,2.53,3.02,0.89,0.79,0.11,Resistência Forte,0,0
2021-10-20,0.72,1.06,1.26,1.43,1.60,1.84,2.14,2.53,3.02,0.84,0.79,0.16,Resistência Forte,0,0
2021-10-21,0.72,1.06,1.26,1.43,1.60,1.84,2.14,2.53,3.02,0.84,0.79,0.16,Resistência Forte,0,0
2021-10-22,0.72,1.06,1.26,1.43,1.60,1.84,2.14,2.53,3.02,0.86,0.79,0.14,Resistência Forte,0,0
2021-10-25,0.72,1.06,1.26,1.43,1.60,1.84,2.14,2.53,3.02,0.84,0.79,0.16,Resistência Forte,0,0
2021-10-26,0.72,1.06,1.26,1.43,1.60,1.84,2.14,2.53,3.02,0.83,0.79,0.17,Resistência Forte,0,0
2021-10-27,0.72,1.06,1.26,1.43,1.60,1.84,2.14,2.53,3.02,0.82,0.79,0.18,Resistência Forte,0,0
2021-10-28,0.72,1.06,1.26,1.43,1.60,1.84,2.14,2.53,3.02,0.77,0.62,0.02,Resistência,0,0
2021-10-29,0.72,1.06,1.26,1.43,1.60,1.84,2.14,2.53,3.02,0.76,0.62,0.03,Resistência,0,0
2021-11-01,0.79,1.14,1.36,1.54,1.72,1.97,2.29,2.70,3.22,0.83,0.79,0.17,Resistência Forte,0,0
2021-11-02,0.80,1.15,1.37,1.54,1.72,1.97,2.29,2.70,3.21,0.89,0.79,0.11,Resistência Forte,0,0
2021-11-03,0.83,1.17,1.39,1.56,1.73,1.98,2.29,2.69,3.19,0.86,0.79,0.14,Resistência Forte,0,0
2021-11-04,0.92,1.24,1.44,1.60,1.77,2.00,2.29,2.66,3.14,0.86,0.79,0.14,Resistência Forte,0,0
2021-11-05,0.92,1.24,1.44,1.60,1.77,2.00,2.29,2.66,3.14,0.91,0.79,0.09,Resistência Forte,0,0
2021-11-08,0.92,1.24,1.44,1.60,1.77,2.00,2.29,2.66,3.14,0.89,0.79,0.11,Resistência Forte,0,0
2021-11-09,1.05,1.34,1.52,1.67,1.82,2.02,2.29,2.63,3.06,0.86,0.79,0.14,Resistência Forte,0,0
2021-11-10,1.11,1.39,1.56,1.70,1.84,2.04,2.29,2.61,3.02,0.80,0.79,0.20,Resistência Forte,0,1
2021-11-11,1.16,1.43,1.59,1.72,1.86,2.05,2.29,2.60,2.99,0.79,0.79,0.21,Resistência Forte,0,1
2021-11-12,1.16,1.43,1.59,1.72,1.86,2.05,2.29,2.60,2.99,0.80,0.79,0.20,Resistência Forte,0,1
2021-11-15,1.20,1.46,1.62,1.74,1.87,2.06,2.29,2.59,2.96,0.84,0.79,0.16,Resistência Forte,0,0
2021-11-16,1.20,1.46,1.62,1.74,1.87,2.06,2.29,2.59,2.96,0.83,0.79,0.17,Resistência Forte,0,0
2021-11-17,1.20,1.46,1.62,1.74,1.87,2.06,2.29,2.59,2.96,0.67,0.62,0.12,Resistência,0,0
2021-11-18,1.20,1.46,1.62,1.74,1.87,2.06,2.29,2.59,2.96,0.64,0.62,0.15,Resistência,0,0
2021-11-19,1.20,1.46,1.62,1.74,1.87,2.06,2.29,2.59,2.96,0.53,0.50,0.09,Zona de Consolidação,0,0
2021-11-22,1.20,1.46,1.62,1.74,1.87,2.06,2.29,2.59,2.96,0.53,0.50,0.09,Zona de Consolidação,0,0
2021-11-23,1.20,1.46,1.62,1.74,1.87,2.06,2.29,2.59,2.96,0.45,0.38,0.05,Zona de Consolidação,0,0
2021-11-24,1.20,1.46,1.62,1.74,1.87,2.06,2.29,2.59,2.96,0.46,0.38,0.04,Zona de Consolidação,0,0
2021-11-26,1.20,1.46,1.62,1.74,1.87,2.06,2.29,2.59,2.96,0.46,0.38,0.04,Zona de Consolidação,0,0
2021-11-29,1.20,1.46,1.62,1.74,1.87,2.06,2.29,2.59,2.96,0.39,0.38,0.11,Zona de Consolidação,1,0
2021-11-30,1.36,1.58,1.72,1.83,1.93,2.09,2.29,2.54,2.86,0.32,0.24,0.06,Suporte,0,0
2021-12-01,1.36,1.58,1.72,1.83,1.93,2.09,2.29,2.54,2.86,0.32,0.24,0.06,Suporte,0,0
2021-12-02,1.36,1.58,1.72,1.83,1.93,2.09,2.29,2.54,2.86,0.32,0.24,0.06,Suporte,0,0
2021-12-03,1.36,1.58,1.72,1.83,1.93,2.09,2.29,2.54,2.86,0.37,0.24,0.01,Suporte,0,0
2021-12-06,1.36,1.58,1.72,1.83,1.93,2.09,2.29,2.54,2.86,0.31,0.24,0.07,Suporte,0,0
2021-12-07,1.36,1.58,1.72,1.83,1.93,2.09,2.29,2.54,2.86,0.43,0.38,0.07,Zona de Consolidação,0,0
2021-12-08,1.36,1.58,1.72,1.83,1.93,2.09,2.29,2.54,2.86,0.42,0.38,0.08,Zona de Consolidação,0,0
2021-12-09,1.36,1.58,1.72,1.83,1.93,2.09,2.29,2.54,2.86,0.41,0.38,0.09,Zona de Consolidação,0,0
2021-12-10,1.36,1.58,1.72,1.83,1.93,2.09,2.29,2.54,2.86,0.16,0.00,0.08,Suporte Forte,0,0
2021-12-13,1.35,1.57,1.71,1.82,1.93,2.09,2.29,2.55,2.87,0.15,0.00,0.09,Suporte Forte,0,0
2021-12-14,1.35,1.57,1.71,1.82,1.93,2.09,2.29,2.55,2.87,0.15,0.00,0.09,Suporte Forte,0,0
2021-12-15,1.35,1.57,1.71,1.82,1.93,2.09,2.29,2.55,2.87,0.15,0.00,0.09,Suporte Forte,0,0
2021-12-16,1.35,1.57,1.71,1.82,1.93,2.09,2.29,2.55,2.87,0.15,0.00,0.09,Suporte Forte,0,0
2021-12-17,1.35,1.57,1.71,1.82,1.93,2.09,2.29,2.55,2.87,0.16,0.00,0.08,Suporte Forte,0,0
2021-12-20,1.35,1.57,1.71,1.82,1.93,2.09,2.29,2.55,2.87,0.11,0.00,0.13,Suporte Forte,0,0
2021-12-21,1.35,1.57,1.71,1.82,1.93,2.09,2.29,2.55,2.87,0.20,0.00,0.04,Suporte Forte,0,0
2021-12-22,1.35,1.57,1.71,1.82,1.93,2.09,2.29,2.55,2.87,0.10,0.00,0.14,Suporte Forte,0,0
2021-12-23,1.34,1.56,1.70,1.82,1.93,2.09,2.29,2.55,2.88,0.04,0.00,0.20,Suporte Forte,0,0
2021-12-27,1.34,1.56,1.70,1.82,1.93,2.09,2.29,2.55,2.88,0.22,0.00,0.02,Suporte Forte,0,0
2021-12-28,1.34,1.56,1.70,1.82,1.93,2.09,2.29,2.55,2.88,0.08,0.00,0.16,Suporte Forte,0,0
2021-12-29,1.34,1.56,1.70,1.82,1.93,2.09,2.29,2.55,2.88,0.16,0.00,0.08,Suporte Forte,0,0
2021-12-30,1.34,1.56,1.70,1.82,1.93,2.09,2.29,2.55,2.88,0.04,0.00,0.20,Suporte Forte,0,0
2021-12-31,1.29,1.53,1.67,1.79,1.91,2.08,2.29,2.56,2.91,0.10,0.00,0.14,Suporte Forte,0,0
2022-01-03,1.29,1.53,1.67,1.79,1.91,2.08,2.29,2.56,2.91,0.10,0.00,0.14,Suporte Forte,0,0
2022-01-04,1.29,1.53,1.67,1.79,1.91,2.08,2.29,2.56,2.91,0.16,0.00,0.08,Suporte Forte,0,0
2022-01-05,1.29,1.53,1.67,1.79,1.91,2.08,2.29,2.56,2.91,0.10,0.00,0.14,Suporte Forte,0,0
2022-01-06,1.29,1.53,1.67,1.79,1.91,2.08,2.29,2.56,2.91,0.10,0.00,0.14,Suporte Forte,0,0
2022-01-07,1.29,1.53,1.67,1.79,1.91,2.08,2.29,2.56,2.91,0.06,0.00,0.18,Suporte Forte,0,0
2022-01-10,1.25,1.50,1.65,1.77,1.89,2.07,2.29,2.57,2.93,0.00,0.00,0.24,Suporte Forte,0,0
2022-01-11,1.20,1.46,1.62,1.74,1.87,2.06,2.29,2.59,2.96,0.00,0.00,0.24,Suporte Forte,0,0
2022-01-12,0.96,1.25,1.43,1.58,1.73,1.93,2.20,2.54,2.97,0.10,0.00,0.14,Suporte Forte,0,0
2022-01-13,0.96,1.25,1.43,1.58,1.73,1.93,2.20,2.54,2.97,0.23,0.00,0.01,Suporte Forte,0,0
2022-01-14,0.96,1.25,1.43,1.58,1.73,1.93,2.20,2.54,2.97,0.23,0.00,0.01,Suporte Forte,0,0
2022-01-18,0.96,1.25,1.43,1.58,1.73,1.93,2.20,2.54,2.97,0.20,0.00,0.04,Suporte Forte,0,0
2022-01-19,0.96,1.25,1.43,1.58,1.72,1.93,2.19,2.52,2.95,0.11,0.00,0.13,Suporte Forte,0,0
2022-01-20,0.96,1.24,1.41,1.56,1.70,1.90,2.15,2.47,2.89,0.08,0.00,0.16,Suporte Forte,0,0
2022-01-21,0.85,1.16,1.35,1.50,1.65,1.87,2.15,2.50,2.95,0.13,0.00,0.11,Suporte Forte,0,0
2022-01-24,0.85,1.15,1.34,1.48,1.63,1.85,2.12,2.47,2.90,0.06,0.00,0.18,Suporte Forte,0,0
2022-01-25,0.76,1.08,1.28,1.44,1.60,1.83,2.12,2.49,2.96,0.07,0.00,0.17,Suporte Forte,0,0
2022-01-26,0.76,1.08,1.28,1.44,1.60,1.83,2.12,2.49,2.96,0.10,0.00,0.14,Suporte Forte,0,0
2022-01-27,0.76,1.08,1.27,1.43,1.59,1.81,2.10,2.46,2.93,0.00,0.00,0.24,Suporte Forte,0,0
2022-01-28,0.70,1.03,1.23,1.40,1.57,1.80,2.10,2.48,2.97,0.19,0.00,0.05,Suporte Forte,0,0
2022-01-31,0.70,1.03,1.23,1.40,1.57,1.80,2.10,2.48,2.97,0.20,0.00,0.04,Suporte Forte,0,0
2022-02-01,0.70,1.00,1.19,1.34,1.49,1.71,1.98,2.33,2.77,0.26,0.24,0.12,Suporte,0,0
2022-02-02,0.70,1.00,1.19,1.34,1.49,1.71,1.98,2.33,2.77,0.23,0.00,0.01,Suporte Forte,0,0
2022-02-03,0.70,1.00,1.19,1.34,1.49,1.71,1.98,2.33,2.77,0.20,0.00,0.04,Suporte Forte,0,0
2022-02-04,0.70,1.00,1.19,1.34,1.49,1.71,1.98,2.33,2.77,0.17,0.00,0.07,Suporte Forte,0,0
2022-02-07,0.70,0.98,1.15,1.29,1.43,1.63,1.88,2.20,2.61,0.19,0.00,0.05,Suporte Forte,0,0
2022-02-08,0.70,0.98,1.15,1.29,1.43,1.63,1.88,2.20,2.61,0.08,0.00,0.16,Suporte Forte,0,0
2022-02-09,0.70,0.98,1.15,1.29,1.43,1.63,1.88,2.20,2.61,0.12,0.00,0.12,Suporte Forte,0,0
2022-02-10,0.70,0.98,1.15,1.29,1.43,1.63,1.88,2.20,2.61,0.12,0.00,0.12,Suporte Forte,0,0
2022-02-11,0.70,0.98,1.15,1.29,1.43,1.63,1.88,2.20,2.61,0.32,0.24,0.06,Suporte,0,0
2022-02-14,0.70,0.98,1.15,1.29,1.43,1.63,1.88,2.20,2.61,0.42,0.38,0.08,Zona de Consolidação,0,0
2022-02-15,0.70,0.95,1.11,1.23,1.36,1.54,1.77,2.06,2.43,0.52,0.50,0.10,Zona de Consolidação,0,0
2022-02-16,0.70,0.95,1.11,1.23,1.36,1.54,1.77,2.06,2.43,0.61,0.50,0.01,Zona de Consolidação,1,0
2022-02-17,0.70,0.95,1.11,1.23,1.36,1.54,1.77,2.06,2.43,0.50,0.50,0.12,Zona de Consolidação,0,0
2022-02-18,0.70,0.95,1.10,1.23,1.35,1.53,1.75,2.04,2.40,0.53,0.50,0.09,Zona de Consolidação,0,0
2022-02-22,0.70,0.92,1.06,1.16,1.27,1.43,1.63,1.88,2.20,0.75,0.62,0.04,Resistência,0,0
2022-02-23,0.70,0.91,1.04,1.15,1.26,1.41,1.60,1.84,2.16,0.54,0.50,0.08,Zona de Consolidação,0,0
2022-02-24,0.70,0.91,1.04,1.14,1.25,1.40,1.59,1.83,2.14,0.65,0.62,0.14,Resistência,0,0
2022-02-25,0.70,0.91,1.04,1.14,1.25,1.40,1.59,1.83,2.14,0.78,0.62,0.01,Resistência,0,1
2022-02-28,0.70,0.91,1.04,1.14,1.25,1.40,1.59,1.83,2.14,0.81,0.79,0.19,Resistência Forte,0,0
2022-03-01,0.70,0.91,1.04,1.14,1.25,1.40,1.59,1.83,2.14,0.76,0.62,0.03,Resistência,0,0
2022-03-02,0.70,0.91,1.04,1.14,1.25,1.40,1.59,1.83,2.14,0.78,0.62,0.01,Resistência,0,1
2022-03-03,0.70,0.91,1.04,1.14,1.25,1.40,1.59,1.83,2.14,0.85,0.79,0.15,Resistência Forte,0,0
2022-03-04,0.70,0.91,1.04,1.14,1.24,1.39,1.58,1.82,2.12,0.90,0.79,0.10,Resistência Forte,0,0
2022-03-07,0.70,0.91,1.04,1.14,1.24,1.39,1.58,1.82,2.12,0.73,0.62,0.06,Resistência,0,0
2022-03-08,0.70,0.91,1.04,1.14,1.24,1.39,1.58,1.82,2.12,0.83,0.79,0.17,Resistência Forte,0,0
2022-03-09,0.70,0.91,1.04,1.14,1.24,1.39,1.58,1.82,2.12,0.92,0.79,0.08,Resistência Forte,0,0
2022-03-10,0.70,0.91,1.04,1.15,1.26,1.41,1.60,1.84,2.16,0.99,0.79,0.01,Resistência Forte,0,1
2022-03-11,0.70,0.95,1.10,1.23,1.35,1.53,1.75,2.04,2.40,1.00,1.00,0.27,Resistência Forte,0,1
2022-03-14,0.70,1.03,1.23,1.40,1.56,1.79,2.09,2.47,2.95,0.72,0.62,0.07,Resistência,0,0
2022-03-15,0.70,1.03,1.23,1.40,1.56,1.79,2.09,2.47,2.95,0.72,0.62,0.07,Resistência,0,0
2022-03-16,0.70,1.03,1.23,1.40,1.56,1.79,2.09,2.47,2.95,0.73,0.62,0.06,Resistência,0,0
2022-03-17,0.70,1.03,1.23,1.40,1.56,1.79,2.09,2.47,2.95,0.78,0.62,0.01,Resistência,0,1
2022-03-18,0.70,1.03,1.23,1.40,1.56,1.79,2.09,2.47,2.95,0.89,0.79,0.11,Resistência Forte,0,0
2022-03-21,0.70,1.03,1.23,1.40,1.56,1.79,2.09,2.47,2.95,0.94,0.79,0.06,Resistência Forte,0,0
2022-03-22,0.70,1.03,1.23,1.40,1.56,1.79,2.09,2.47,2.95,0.98,0.79,0.02,Resistência Forte,0,0
2022-03-23,0.70,1.03,1.23,1.40,1.56,1.79,2.09,2.47,2.95,0.91,0.79,0.09,Resistência Forte,0,0
2022-03-24,0.70,1.05,1.27,1.44,1.62,1.87,2.19,2.60,3.11,1.00,1.00,0.27,Resistência Forte,0,1
2022-03-25,0.70,1.11,1.36,1.56,1.76,2.05,2.42,2.89,3.48,0.93,0.79,0.07,Resistência Forte,0,0
2022-03-28,0.70,1.12,1.39,1.60,1.81,2.11,2.50,2.99,3.61,0.97,0.79,0.03,Resistência Forte,0,0
2022-03-29,0.70,1.12,1.39,1.60,1.81,2.11,2.50,2.99,3.61,0.91,0.79,0.09,Resistência Forte,0,0
2022-03-30,0.70,1.12,1.39,1.60,1.81,2.11,2.50,2.99,3.61,0.91,0.79,0.09,Resistência Forte,0,0
2022-03-31,0.70,1.12,1.39,1.60,1.81,2.11,2.50,2.99,3.61,0.86,0.79,0.14,Resistência Forte,0,0
2022-04-01,0.70,1.13,1.40,1.61,1.83,2.14,2.53,3.03,3.66,0.91,0.79,0.09,Resistência Forte,0,0
2022-04-04,0.70,1.13,1.40,1.61,1.83,2.14,2.53,3.03,3.66,0.83,0.79,0.17,Resistência Forte,0,0
2022-04-05,0.70,1.13,1.40,1.61,1.83,2.14,2.53,3.03,3.66,0.84,0.79,0.16,Resistência Forte,0,0
2022-04-06,0.70,1.13,1.40,1.61,1.83,2.14,2.53,3.03,3.66,0.84,0.79,0.16,Resistência Forte,0,0
2022-04-07,0.70,1.13,1.40,1.61,1.83,2.14,2.53,3.03,3.66,0.74,0.62,0.05,Resistência,0,0
2022-04-08,0.70,1.13,1.40,1.61,1.83,2.14,2.53,3.03,3.66,0.68,0.62,0.11,Resistência,0,0
2022-04-11,0.70,1.13,1.40,1.61,1.83,2.14,2.53,3.03,3.66,0.67,0.62,0.12,Resistência,0,0
2022-04-12,0.70,1.13,1.40,1.61,1.83,2.14,2.53,3.03,3.66,0.66,0.62,0.13,Resistência,0,0
2022-04-13,0.70,1.13,1.40,1.61,1.83,2.14,2.53,3.03,3.66,0.71,0.62,0.08,Resistência,0,0
2022-04-14,0.70,1.13,1.40,1.61,1.83,2.14,2.53,3.03,3.66,0.64,0.62,0.15,Resistência,0,0
2022-04-18,0.70,1.13,1.40,1.61,1.83,2.14,2.53,3.03,3.66,0.65,0.62,0.14,Resistência,0,0
2022-04-19,0.70,1.13,1.40,1.61,1.83,2.14,2.53,3.03,3.66,0.69,0.62,0.10,Resistência,0,0
2022-04-20,0.70,1.13,1.40,1.61,1.83,2.14,2.53,3.03,3.66,0.69,0.62,0.10,Resistência,0,0
2022-04-21,0.70,1.13,1.40,1.61,1.83,2.14,2.53,3.03,3.66,0.74,0.62,0.05,Resistência,0,0
2022-04-22,0.70,1.13,1.40,1.61,1.83,2.14,2.53,3.03,3.66,0.70,0.62,0.09,Resistência,0,0
2022-04-25,0.75,1.17,1.43,1.64,1.85,2.15,2.53,3.01,3.63,0.76,0.62,0.03,Resistência,0,0
2022-04-26,1.03,1.38,1.60,1.78,1.96,2.21,2.53,2.94,3.46,0.61,0.50,0.01,Zona de Consolidação,1,0
2022-04-27,1.04,1.39,1.61,1.78,1.96,2.21,2.53,2.94,3.45,0.62,0.62,0.17,Resistência,1,0
2022-04-28,1.04,1.39,1.61,1.78,1.96,2.21,2.53,2.94,3.45,0.67,0.62,0.12,Resistência,0,0
2022-04-29,1.04,1.39,1.61,1.78,1.96,2.21,2.53,2.94,3.45,0.74,0.62,0.05,Resistência,0,0
2022-05-02,1.14,1.47,1.67,1.84,2.00,2.23,2.53,2.91,3.39,0.72,0.62,0.07,Resistência,0,0
2022-05-03,1.14,1.47,1.67,1.84,2.00,2.23,2.53,2.91,3.39,0.71,0.62,0.08,Resistência,0,0
2022-05-04,1.14,1.47,1.67,1.84,2.00,2.23,2.53,2.91,3.39,0.74,0.62,0.05,Resistência,0,0
2022-05-05,1.14,1.47,1.67,1.84,2.00,2.23,2.53,2.91,3.39,0.65,0.62,0.14,Resistência,0,0
2022-05-06,1.30,1.59,1.77,1.92,2.06,2.27,2.53,2.86,3.29,0.65,0.62,0.14,Resistência,0,0
2022-05-09,1.30,1.59,1.77,1.92,2.06,2.27,2.53,2.86,3.29,0.39,0.38,0.11,Zona de Consolidação,1,0
2022-05-10,1.17,1.49,1.69,1.85,2.01,2.24,2.53,2.90,3.37,0.09,0.00,0.15,Suporte Forte,0,0
2022-05-11,1.00,1.36,1.58,1.76,1.95,2.20,2.53,2.95,3.48,0.12,0.00,0.12,Suporte Forte,0,0
2022-05-12,0.95,1.32,1.55,1.74,1.93,2.19,2.53,2.96,3.51,0.27,0.24,0.11,Suporte,0,0
2022-05-13,0.95,1.32,1.55,1.74,1.93,2.19,2.53,2.96,3.51,0.53,0.50,0.09,Zona de Consolidação,0,0
2022-05-16,0.95,1.32,1.55,1.74,1.93,2.19,2.53,2.96,3.51,0.53,0.50,0.09,Zona de Consolidação,0,0
2022-05-17,0.95,1.32,1.55,1.74,1.93,2.19,2.53,2.96,3.51,0.51,0.50,0.11,Zona de Consolidação,0,0
2022-05-18,0.95,1.32,1.55,1.74,1.93,2.19,2.53,2.96,3.51,0.51,0.50,0.11,Zona de Consolidação,0,0
2022-05-19,0.95,1.32,1.55,1.74,1.93,2.19,2.53,2.96,3.51,0.46,0.38,0.04,Zona de Consolidação,0,0
2022-05-20,0.95,1.32,1.55,1.74,1.93,2.19,2.53,2.96,3.51,0.46,0.38,0.04,Zona de Consolidação,0,0
2022-05-23,0.95,1.32,1.55,1.74,1.93,2.19,2.53,2.96,3.51,0.51,0.50,0.11,Zona de Consolidação,0,0
2022-05-24,0.95,1.32,1.55,1.74,1.93,2.19,2.53,2.96,3.51,0.46,0.38,0.04,Zona de Consolidação,0,0
2022-05-25,0.95,1.32,1.55,1.74,1.93,2.19,2.53,2.96,3.51,0.46,0.38,0.04,Zona de Consolidação,0,0
2022-05-26,0.95,1.32,1.55,1.74,1.93,2.19,2.53,2.96,3.51,0.45,0.38,0.05,Zona de Consolidação,0,0
2022-05-27,0.95,1.32,1.55,1.74,1.93,2.19,2.53,2.96,3.51,0.47,0.38,0.03,Zona de Consolidação,0,0
2022-05-31,0.95,1.32,1.55,1.74,1.93,2.19,2.53,2.96,3.51,0.53,0.50,0.09,Zona de Consolidação,0,0
2022-06-01,0.95,1.32,1.55,1.74,1.93,2.19,2.53,2.96,3.51,0.50,0.50,0.12,Zona de Consolidação,0,0
2022-06-02,0.95,1.32,1.55,1.74,1.93,2.19,2.53,2.96,3.51,0.55,0.50,0.07,Zona de Consolidação,0,0
2022-06-03,0.95,1.32,1.55,1.74,1.93,2.19,2.53,2.96,3.51,0.51,0.50,0.11,Zona de Consolidação,0,0
2022-06-06,0.95,1.32,1.55,1.74,1.93,2.19,2.53,2.96,3.51,0.50,0.50,0.12,Zona de Consolidação,0,0
2022-06-07,0.95,1.32,1.55,1.74,1.93,2.19,2.53,2.96,3.51,0.35,0.24,0.03,Suporte,0,0
2022-06-08,0.95,1.32,1.55,1.74,1.93,2.19,2.53,2.96,3.51,0.43,0.38,0.07,Zona de Consolidação,0,0
2022-06-09,0.95,1.32,1.55,1.74,1.93,2.19,2.53,2.96,3.51,0.48,0.38,0.02,Zona de Consolidação,0,0
2022-06-10,0.95,1.32,1.55,1.74,1.93,2.19,2.53,2.96,3.51,0.48,0.38,0.02,Zona de Consolidação,0,0
2022-06-13,0.95,1.32,1.55,1.74,1.93,2.19,2.53,2.96,3.51,0.34,0.24,0.04,Suporte,0,0
2022-06-14,0.95,1.28,1.49,1.65,1.82,2.06,2.36,2.74,3.23,0.38,0.24,0.00,Suporte,1,0
2022-06-15,0.95,1.27,1.47,1.62,1.78,2.01,2.30,2.67,3.13,0.34,0.24,0.04,Suporte,0,0
2022-06-16,0.95,1.27,1.46,1.62,1.78,2.00,2.29,2.65,3.12,0.34,0.24,0.04,Suporte,0,0
2022-06-17,0.95,1.27,1.46,1.62,1.78,2.00,2.29,2.65,3.12,0.37,0.24,0.01,Suporte,0,0
2022-06-21,0.95,1.27,1.46,1.62,1.78,2.00,2.29,2.65,3.12,0.48,0.38,0.02,Zona de Consolidação,0,0
2022-06-22,0.95,1.27,1.46,1.62,1.78,2.00,2.29,2.65,3.12,0.48,0.38,0.02,Zona de Consolidação,0,0
2022-06-23,0.95,1.27,1.46,1.62,1.78,2.00,2.29,2.65,3.12,0.36,0.24,0.02,Suporte,0,0
2022-06-24,0.95,1.27,1.46,1.62,1.78,2.00,2.29,2.65,3.12,0.40,0.38,0.10,Zona de Consolidação,0,0
2022-06-27,0.95,1.27,1.46,1.62,1.78,2.00,2.29,2.65,3.12,0.26,0.24,0.12,Suporte,0,0
2022-06-28,0.95,1.27,1.46,1.62,1.78,2.00,2.29,2.65,3.12,0.19,0.00,0.05,Suporte Forte,0,0
2022-06-29,0.95,1.27,1.46,1.62,1.78,2.00,2.29,2.65,3.12,0.35,0.24,0.03,Suporte,0,0
2022-06-30,0.95,1.27,1.46,1.62,1.78,2.00,2.29,2.65,3.12,0.35,0.24,0.03,Suporte,0,0
2022-07-01,0.95,1.27,1.46,1.62,1.78,2.00,2.29,2.65,3.12,0.35,0.24,0.03,Suporte,0,0
2022-07-05,0.95,1.27,1.46,1.62,1.78,2.00,2.29,2.65,3.12,0.34,0.24,0.04,Suporte,0,0
2022-07-06,0.95,1.27,1.46,1.62,1.78,2.00,2.29,2.65,3.12,0.34,0.24,0.04,Suporte,0,0
2022-07-07,0.95,1.27,1.46,1.62,1.78,2.00,2.29,2.65,3.12,0.31,0.24,0.07,Suporte,0,0
2022-07-08,0.95,1.27,1.46,1.62,1.78,2.00,2.29,2.65,3.12,0.41,0.38,0.09,Zona de Consolidação,0,0
2022-07-11,0.95,1.27,1.46,1.62,1.78,2.00,2.29,2.65,3.12,0.41,0.38,0.09,Zona de Consolidação,0,0
2022-07-12,0.95,1.27,1.46,1.62,1.78,2.00,2.29,2.65,3.12,0.41,0.38,0.09,Zona de Consolidação,0,0
2022-07-13,0.95,1.27,1.46,1.62,1.78,2.00,2.29,2.65,3.12,0.34,0.24,0.04,Suporte,0,0
2022-07-14,0.95,1.27,1.46,1.62,1.78,2.00,2.29,2.65,3.12,0.26,0.24,0.12,Suporte,0,0
2022-07-15,0.95,1.27,1.46,1.62,1.78,2.00,2.29,2.65,3.12,0.30,0.24,0.08,Suporte,0,0
2022-07-18,0.95,1.22,1.39,1.52,1.66,1.85,2.10,2.41,2.81,0.17,0.00,0.07,Suporte Forte,0,0
2022-07-19,0.95,1.22,1.39,1.52,1.66,1.85,2.10,2.41,2.81,0.37,0.24,0.01,Suporte,1,0
2022-07-20,0.95,1.22,1.38,1.52,1.65,1.84,2.08,2.39,2.78,0.40,0.38,0.10,Zona de Consolidação,0,0
2022-07-21,0.95,1.17,1.31,1.42,1.54,1.70,1.90,2.16,2.49,0.57,0.50,0.05,Zona de Consolidação,0,0
2022-07-22,0.95,1.17,1.31,1.42,1.54,1.70,1.90,2.16,2.49,0.35,0.24,0.03,Suporte,0,0
2022-07-25,0.95,1.17,1.31,1.42,1.54,1.70,1.90,2.16,2.49,0.59,0.50,0.03,Zona de Consolidação,0,0
2022-07-26,1.09,1.28,1.40,1.50,1.59,1.73,1.90,2.12,2.40,0.38,0.24,0.00,Suporte,1,0
2022-07-27,1.09,1.28,1.40,1.50,1.59,1.73,1.90,2.12,2.40,0.52,0.50,0.10,Zona de Consolidação,0,0
2022-07-28,1.09,1.28,1.40,1.50,1.59,1.73,1.90,2.12,2.40,0.52,0.50,0.10,Zona de Consolidação,0,0
2022-07-29,1.09,1.28,1.40,1.50,1.59,1.73,1.90,2.12,2.40,0.91,0.79,0.09,Resistência Forte,0,0
2022-08-01,1.09,1.28,1.40,1.50,1.59,1.73,1.90,2.12,2.40,0.91,0.79,0.09,Resistência Forte,0,0
2022-08-02,1.09,1.28,1.40,1.50,1.59,1.73,1.90,2.12,2.40,0.57,0.50,0.05,Zona de Consolidação,0,0
2022-08-03,1.09,1.28,1.40,1.50,1.59,1.73,1.90,2.12,2.40,0.51,0.50,0.11,Zona de Consolidação,0,0
2022-08-04,1.09,1.28,1.40,1.50,1.59,1.73,1.90,2.12,2.40,0.53,0.50,0.09,Zona de Consolidação,0,0
2022-08-05,1.09,1.28,1.40,1.50,1.59,1.73,1.90,2.12,2.40,0.54,0.50,0.08,Zona de Consolidação,0,0
2022-08-08,1.09,1.28,1.40,1.50,1.59,1.73,1.90,2.12,2.40,0.57,0.50,0.05,Zona de Consolidação,0,0
2022-08-09,1.09,1.28,1.40,1.50,1.59,1.73,1.90,2.12,2.40,0.57,0.50,0.05,Zona de Consolidação,0,0
2022-08-10,1.09,1.28,1.40,1.50,1.59,1.73,1.90,2.12,2.40,0.51,0.50,0.11,Zona de Consolidação,0,0
2022-08-11,1.09,1.28,1.40,1.50,1.59,1.73,1.90,2.12,2.40,0.51,0.50,0.11,Zona de Consolidação,0,0
2022-08-12,1.09,1.28,1.40,1.50,1.59,1.73,1.90,2.12,2.40,0.47,0.38,0.03,Zona de Consolidação,0,0
2022-08-15,1.09,1.26,1.37,1.46,1.55,1.67,1.83,2.03,2.29,0.51,0.50,0.11,Zona de Consolidação,0,0
2022-08-16,1.09,1.26,1.37,1.46,1.55,1.67,1.83,2.03,2.29,0.51,0.50,0.11,Zona de Consolidação,0,0
2022-08-17,1.09,1.26,1.37,1.46,1.55,1.67,1.83,2.03,2.29,0.76,0.62,0.03,Resistência,0,0
2022-08-18,1.09,1.26,1.37,1.46,1.55,1.67,1.83,2.03,2.29,0.58,0.50,0.04,Zona de Consolidação,0,0
2022-08-19,1.09,1.26,1.37,1.46,1.55,1.67,1.83,2.03,2.29,0.30,0.24,0.08,Suporte,0,0
2022-08-22,1.08,1.26,1.37,1.46,1.54,1.67,1.83,2.03,2.29,0.36,0.24,0.02,Suporte,0,0
2022-08-23,1.08,1.26,1.37,1.46,1.54,1.67,1.83,2.03,2.29,0.25,0.24,0.13,Suporte,0,0
2022-08-24,1.08,1.26,1.37,1.46,1.54,1.67,1.83,2.03,2.29,0.27,0.24,0.11,Suporte,0,0
2022-08-25,1.08,1.26,1.37,1.46,1.54,1.67,1.83,2.03,2.29,0.32,0.24,0.06,Suporte,0,0
2022-08-26,1.08,1.26,1.37,1.46,1.54,1.67,1.83,2.03,2.29,0.51,0.50,0.11,Zona de Consolidação,0,0
2022-08-29,1.08,1.26,1.37,1.46,1.54,1.67,1.83,2.03,2.29,0.33,0.24,0.05,Suporte,0,0
2022-08-30,1.08,1.26,1.37,1.46,1.54,1.67,1.83,2.03,2.29,0.33,0.24,0.05,Suporte,0,0
2022-08-31,1.08,1.26,1.37,1.46,1.54,1.67,1.83,2.03,2.29,0.33,0.24,0.05,Suporte,0,0
2022-09-01,1.08,1.26,1.37,1.46,1.54,1.67,1.83,2.03,2.29,0.32,0.24,0.06,Suporte,0,0
2022-09-02,1.08,1.26,1.37,1.46,1.54,1.67,1.83,2.03,2.29,0.32,0.24,0.06,Suporte,0,0
2022-09-06,1.08,1.26,1.37,1.46,1.54,1.67,1.83,2.03,2.29,0.35,0.24,0.03,Suporte,0,0
2022-09-07,1.08,1.26,1.37,1.46,1.54,1.67,1.83,2.03,2.29,0.36,0.24,0.02,Suporte,0,0
2022-09-08,1.08,1.26,1.37,1.46,1.54,1.67,1.83,2.03,2.29,0.43,0.38,0.07,Zona de Consolidação,0,0
2022-09-09,1.08,1.26,1.37,1.46,1.54,1.67,1.83,2.03,2.29,0.55,0.50,0.07,Zona de Consolidação,0,0
2022-09-12,1.08,1.26,1.37,1.46,1.54,1.67,1.83,2.03,2.29,0.52,0.50,0.10,Zona de Consolidação,0,0
2022-09-13,1.08,1.26,1.37,1.46,1.54,1.67,1.83,2.03,2.29,0.59,0.50,0.03,Zona de Consolidação,0,0
2022-09-14,1.08,1.26,1.37,1.46,1.54,1.67,1.83,2.03,2.29,0.35,0.24,0.03,Suporte,0,0
2022-09-15,1.08,1.26,1.37,1.46,1.54,1.67,1.83,2.03,2.29,0.35,0.24,0.03,Suporte,0,0
2022-09-16,1.08,1.26,1.37,1.46,1.54,1.67,1.83,2.03,2.29,0.36,0.24,0.02,Suporte,0,0
2022-09-19,1.08,1.26,1.37,1.46,1.54,1.67,1.83,2.03,2.29,0.20,0.00,0.04,Suporte Forte,0,0
2022-09-20,1.08,1.26,1.37,1.46,1.54,1.67,1.83,2.03,2.29,0.01,0.00,0.23,Suporte Forte,0,0
2022-09-21,1.06,1.24,1.35,1.44,1.54,1.67,1.83,2.04,2.31,0.00,0.00,0.24,Suporte Forte,0,0
2022-09-22,1.05,1.23,1.35,1.44,1.53,1.66,1.83,2.04,2.31,0.00,0.00,0.24,Suporte Forte,0,0
2022-09-23,0.96,1.17,1.29,1.40,1.50,1.64,1.83,2.07,2.37,0.09,0.00,0.15,Suporte Forte,0,0
2022-09-26,0.95,1.16,1.29,1.39,1.49,1.64,1.83,2.07,2.37,0.15,0.00,0.09,Suporte Forte,0,0
2022-09-27,0.93,1.14,1.27,1.38,1.49,1.64,1.83,2.07,2.39,0.07,0.00,0.17,Suporte Forte,0,0
2022-09-28,0.93,1.14,1.27,1.38,1.49,1.64,1.83,2.07,2.39,0.10,0.00,0.14,Suporte Forte,0,0
2022-09-29,0.90,1.12,1.26,1.36,1.47,1.63,1.83,2.08,2.40,0.12,0.00,0.12,Suporte Forte,0,0
2022-09-30,0.83,1.07,1.21,1.33,1.45,1.62,1.83,2.10,2.45,0.13,0.00,0.11,Suporte Forte,0,0
2022-10-03,0.83,1.07,1.21,1.33,1.45,1.62,1.83,2.10,2.45,0.20,0.00,0.04,Suporte Forte,0,0
2022-10-04,0.83,1.07,1.21,1.33,1.45,1.62,1.83,2.10,2.45,0.16,0.00,0.08,Suporte Forte,0,0
2022-10-05,0.83,1.07,1.21,1.33,1.45,1.62,1.83,2.10,2.45,0.09,0.00,0.15,Suporte Forte,0,0
2022-10-06,0.83,1.07,1.21,1.33,1.45,1.62,1.83,2.10,2.45,0.20,0.00,0.04,Suporte Forte,0,0
2022-10-07,0.83,1.07,1.21,1.33,1.45,1.62,1.83,2.10,2.45,0.07,0.00,0.17,Suporte Forte,0,0
2022-10-10,0.82,1.06,1.21,1.33,1.44,1.61,1.83,2.10,2.45,0.00,0.00,0.24,Suporte Forte,0,0
2022-10-11,0.78,1.03,1.18,1.31,1.43,1.61,1.83,2.12,2.48,0.05,0.00,0.19,Suporte Forte,0,0
2022-10-12,0.78,1.03,1.18,1.31,1.43,1.61,1.83,2.12,2.48,0.09,0.00,0.15,Suporte Forte,0,0
2022-10-13,0.78,1.03,1.18,1.31,1.43,1.61,1.83,2.12,2.48,0.14,0.00,0.10,Suporte Forte,0,0
2022-10-14,0.78,1.03,1.18,1.31,1.43,1.61,1.83,2.12,2.48,0.11,0.00,0.13,Suporte Forte,0,0
2022-10-17,0.78,1.03,1.18,1.31,1.43,1.61,1.83,2.12,2.48,0.10,0.00,0.14,Suporte Forte,0,0
2022-10-18,0.78,1.03,1.18,1.31,1.43,1.61,1.83,2.12,2.48,0.11,0.00,0.13,Suporte Forte,0,0
2022-10-19,0.78,0.99,1.11,1.21,1.32,1.46,1.65,1.89,2.19,0.14,0.00,0.10,Suporte Forte,0,0
2022-10-20,0.78,0.99,1.11,1.21,1.32,1.46,1.65,1.89,2.19,0.14,0.00,0.10,Suporte Forte,0,0
2022-10-21,0.78,0.99,1.11,1.21,1.32,1.46,1.65,1.89,2.19,0.16,0.00,0.08,Suporte Forte,0,0
2022-10-24,0.78,0.99,1.11,1.21,1.32,1.46,1.65,1.89,2.19,0.24,0.24,0.14,Suporte,0,0
2022-10-25,0.78,0.99,1.11,1.21,1.32,1.46,1.65,1.89,2.19,0.20,0.00,0.04,Suporte Forte,0,0
2022-10-26,0.78,0.99,1.11,1.21,1.32,1.46,1.65,1.89,2.19,0.25,0.24,0.13,Suporte,0,0
2022-10-27,0.78,0.95,1.06,1.15,1.24,1.36,1.52,1.72,1.98,0.23,0.00,0.01,Suporte Forte,0,0
2022-10-28,0.78,0.95,1.06,1.15,1.24,1.36,1.52,1.72,1.98,0.26,0.24,0.12,Suporte,0,0
2022-10-31,0.78,0.95,1.06,1.15,1.24,1.36,1.52,1.72,1.98,0.28,0.24,0.10,Suporte,0,0
2022-11-01,0.78,0.95,1.06,1.15,1.24,1.36,1.52,1.72,1.98,0.27,0.24,0.11,Suporte,0,0
2022-11-02,0.78,0.95,1.06,1.15,1.24,1.36,1.52,1.72,1.98,0.54,0.50,0.08,Zona de Consolidação,0,0
2022-11-03,0.78,0.95,1.06,1.15,1.24,1.36,1.52,1.72,1.98,0.45,0.38,0.05,Zona de Consolidação,0,0
2022-11-04,0.78,0.95,1.06,1.15,1.24,1.36,1.52,1.72,1.98,0.45,0.38,0.05,Zona de Consolidação,0,0
2022-11-07,0.78,0.95,1.06,1.15,1.24,1.36,1.52,1.72,1.98,0.51,0.50,0.11,Zona de Consolidação,0,0
2022-11-08,0.78,0.95,1.06,1.15,1.24,1.36,1.52,1.72,1.98,0.42,0.38,0.08,Zona de Consolidação,0,0
2022-11-09,0.78,0.95,1.06,1.15,1.24,1.36,1.52,1.72,1.98,0.20,0.00,0.04,Suporte Forte,0,0
2022-11-10,0.78,0.95,1.06,1.15,1.24,1.36,1.52,1.72,1.98,0.49,0.38,0.01,Zona de Consolidação,0,0
2022-11-11,0.78,0.95,1.06,1.15,1.24,1.36,1.52,1.72,1.98,0.49,0.38,0.01,Zona de Consolidação,0,0
2022-11-14,0.78,0.95,1.06,1.15,1.24,1.36,1.52,1.72,1.98,0.58,0.50,0.04,Zona de Consolidação,0,0
2022-11-15,0.78,0.95,1.06,1.15,1.24,1.36,1.52,1.72,1.98,0.68,0.62,0.11,Resistência,0,0
2022-11-16,0.78,0.95,1.06,1.15,1.24,1.36,1.52,1.72,1.98,0.70,0.62,0.09,Resistência,0,0
2022-11-17,0.78,0.95,1.06,1.15,1.24,1.36,1.52,1.72,1.98,0.70,0.62,0.09,Resistência,0,0
2022-11-18,0.78,0.95,1.06,1.15,1.24,1.36,1.52,1.72,1.98,0.70,0.62,0.09,Resistência,0,0
2022-11-21,0.78,0.95,1.06,1.15,1.24,1.36,1.52,1.72,1.98,0.70,0.62,0.09,Resistência,0,0
2022-11-22,0.78,0.93,1.03,1.10,1.18,1.29,1.43,1.61,1.83,0.75,0.62,0.04,Resistência,0,0
2022-11-23,0.78,0.91,1.00,1.06,1.13,1.23,1.35,1.51,1.70,0.84,0.79,0.16,Resistência Forte,0,0
2022-11-25,0.78,0.91,1.00,1.06,1.13,1.23,1.35,1.51,1.70,0.82,0.79,0.18,Resistência Forte,0,0
2022-11-28,0.78,0.91,1.00,1.06,1.13,1.23,1.35,1.51,1.70,0.82,0.79,0.18,Resistência Forte,0,0
2022-11-29,0.78,0.91,1.00,1.06,1.13,1.23,1.35,1.51,1.70,0.82,0.79,0.18,Resistência Forte,0,0
2022-11-30,0.78,0.91,1.00,1.06,1.13,1.23,1.35,1.51,1.70,0.95,0.79,0.05,Resistência Forte,0,0
2022-12-01,0.78,0.91,1.00,1.06,1.13,1.23,1.35,1.51,1.70,0.91,0.79,0.09,Resistência Forte,0,0
2022-12-02,0.78,0.93,1.02,1.09,1.16,1.27,1.40,1.57,1.78,0.98,0.79,0.02,Resistência Forte,0,1
2022-12-05,0.78,0.93,1.02,1.10,1.17,1.28,1.41,1.58,1.80,1.00,1.00,0.27,Resistência Forte,0,1
2022-12-06,0.78,0.93,1.02,1.10,1.18,1.28,1.42,1.59,1.82,0.86,0.79,0.14,Resistência Forte,0,0
2022-12-07,0.78,0.93,1.02,1.10,1.18,1.28,1.42,1.59,1.82,0.86,0.79,0.14,Resistência Forte,0,0
2022-12-08,0.78,0.93,1.02,1.10,1.18,1.28,1.42,1.59,1.82,0.86,0.79,0.14,Resistência Forte,0,0
2022-12-09,0.78,0.93,1.02,1.10,1.18,1.28,1.42,1.59,1.82,0.86,0.79,0.14,Resistência Forte,0,0
2022-12-12,0.78,0.93,1.02,1.10,1.18,1.28,1.42,1.59,1.82,0.81,0.79,0.19,Resistência Forte,0,0
2022-12-13,0.78,0.93,1.02,1.10,1.18,1.28,1.42,1.59,1.82,0.94,0.79,0.06,Resistência Forte,0,0
2022-12-14,0.78,0.94,1.04,1.12,1.19,1.31,1.45,1.63,1.86,0.90,0.79,0.10,Resistência Forte,0,0
2022-12-15,0.78,0.94,1.04,1.12,1.19,1.31,1.45,1.63,1.86,0.94,0.79,0.06,Resistência Forte,0,0
2022-12-16,0.78,0.95,1.06,1.14,1.22,1.35,1.50,1.70,1.94,0.87,0.79,0.13,Resistência Forte,0,0
2022-12-19,0.78,0.95,1.06,1.14,1.22,1.35,1.50,1.70,1.94,0.72,0.62,0.07,Resistência,0,0
2022-12-20,0.78,0.95,1.06,1.14,1.22,1.35,1.50,1.70,1.94,0.69,0.62,0.10,Resistência,0,0
2022-12-21,0.80,0.97,1.07,1.15,1.23,1.35,1.50,1.69,1.93,0.66,0.62,0.13,Resistência,0,0
2022-12-22,0.80,0.97,1.07,1.15,1.23,1.35,1.50,1.69,1.93,0.64,0.62,0.15,Resistência,0,0
2022-12-23,0.80,0.97,1.07,1.15,1.23,1.35,1.50,1.69,1.93,0.64,0.62,0.15,Resistência,0,0
2022-12-27,0.80,0.97,1.07,1.15,1.23,1.35,1.50,1.69,1.93,0.60,0.50,0.02,Zona de Consolidação,1,0
2022-12-28,0.80,0.97,1.07,1.15,1.23,1.35,1.50,1.69,1.93,0.61,0.50,0.01,Zona de Consolidação,1,0
2022-12-29,0.80,0.97,1.07,1.15,1.23,1.35,1.50,1.69,1.93,0.60,0.50,0.02,Zona de Consolidação,1,0
2022-12-30,0.80,0.97,1.07,1.15,1.23,1.35,1.50,1.69,1.93,0.71,0.62,0.08,Resistência,0,0
2023-01-03,0.80,0.97,1.07,1.15,1.23,1.35,1.50,1.69,1.93,0.69,0.62,0.10,Resistência,0,0
2023-01-04,0.84,1.00,1.09,1.17,1.25,1.36,1.50,1.68,1.91,0.65,0.62,0.14,Resistência,0,0
2023-01-05,0.87,1.02,1.11,1.18,1.26,1.37,1.50,1.67,1.89,0.71,0.62,0.08,Resistência,0,0
2023-01-06,0.91,1.05,1.14,1.20,1.27,1.37,1.50,1.66,1.86,0.71,0.62,0.08,Resistência,0,0
2023-01-09,0.91,1.05,1.14,1.20,1.27,1.37,1.50,1.66,1.86,0.80,0.79,0.20,Resistência Forte,0,1
2023-01-10,0.91,1.05,1.14,1.20,1.27,1.37,1.50,1.66,1.86,0.71,0.62,0.08,Resistência,0,0
2023-01-11,0.92,1.06,1.14,1.21,1.28,1.38,1.50,1.66,1.86,0.67,0.62,0.12,Resistência,0,0
2023-01-12,0.92,1.06,1.14,1.21,1.28,1.38,1.50,1.66,1.86,0.69,0.62,0.10,Resistência,0,0
2023-01-13,0.92,1.06,1.14,1.21,1.28,1.38,1.50,1.66,1.86,0.83,0.79,0.17,Resistência Forte,0,0
2023-01-17,0.93,1.10,1.21,1.30,1.38,1.50,1.66,1.86,2.11,0.71,0.62,0.08,Resistência,0,0
2023-01-18,0.93,1.10,1.21,1.30,1.38,1.50,1.66,1.86,2.11,0.77,0.62,0.02,Resistência,0,1
2023-01-19,0.93,1.10,1.21,1.30,1.38,1.50,1.66,1.86,2.11,0.78,0.62,0.01,Resistência,0,1
2023-01-20,0.93,1.10,1.21,1.30,1.38,1.50,1.66,1.86,2.11,0.81,0.79,0.19,Resistência Forte,0,0
2023-01-23,0.93,1.10,1.21,1.30,1.38,1.50,1.66,1.86,2.11,0.73,0.62,0.06,Resistência,0,0
2023-01-24,1.11,1.24,1.32,1.38,1.45,1.54,1.66,1.81,2.00,0.62,0.62,0.17,Resistência,1,0
2023-01-25,1.11,1.24,1.32,1.38,1.45,1.54,1.66,1.81,2.00,0.62,0.62,0.17,Resistência,1,0
2023-01-26,1.11,1.24,1.32,1.38,1.45,1.54,1.66,1.81,2.00,0.89,0.79,0.11,Resistência Forte,0,0
2023-01-27,1.11,1.24,1.32,1.38,1.45,1.54,1.66,1.81,2.00,0.89,0.79,0.11,Resistência Forte,0,0
2023-01-30,1.11,1.24,1.32,1.38,1.45,1.54,1.66,1.81,2.00,0.89,0.79,0.11,Resistência Forte,0,0
2023-01-31,1.11,1.24,1.32,1.38,1.45,1.54,1.66,1.81,2.00,0.91,0.79,0.09,Resistência Forte,0,0
2023-02-01,1.11,1.24,1.32,1.38,1.45,1.54,1.66,1.81,2.00,1.00,1.00,0.27,Resistência Forte,0,1
2023-02-02,1.11,1.25,1.34,1.40,1.47,1.57,1.70,1.86,2.06,1.00,1.00,0.27,Resistência Forte,0,1
2023-02-03,1.11,1.25,1.34,1.40,1.47,1.57,1.70,1.86,2.06,1.00,1.00,0.27,Resistência Forte,0,1
2023-02-06,1.11,1.25,1.34,1.40,1.47,1.57,1.70,1.86,2.06,1.00,1.00,0.27,Resistência Forte,0,1
2023-02-07,1.11,1.27,1.37,1.45,1.53,1.64,1.79,1.97,2.21,0.87,0.79,0.13,Resistência Forte,0,0
2023-02-08,1.11,1.27,1.37,1.45,1.53,1.64,1.79,1.97,2.21,1.00,1.00,0.27,Resistência Forte,0,1
2023-02-09,1.11,1.27,1.37,1.45,1.53,1.64,1.79,1.97,2.21,0.97,0.79,0.03,Resistência Forte,0,0
2023-02-10,1.11,1.27,1.37,1.45,1.53,1.64,1.79,1.97,2.21,0.97,0.79,0.03,Resistência Forte,0,0
2023-02-13,1.12,1.28,1.38,1.46,1.53,1.65,1.79,1.97,2.20,0.97,0.79,0.03,Resistência Forte,0,0
2023-02-14,1.12,1.28,1.38,1.46,1.53,1.65,1.79,1.97,2.20,0.96,0.79,0.04,Resistência Forte,0,0
2023-02-15,1.12,1.28,1.38,1.46,1.53,1.65,1.79,1.97,2.20,0.96,0.79,0.04,Resistência Forte,0,0
2023-02-16,1.12,1.29,1.40,1.48,1.57,1.69,1.85,2.05,2.30,0.89,0.79,0.11,Resistência Forte,0,0
2023-02-17,1.12,1.29,1.40,1.48,1.57,1.69,1.85,2.05,2.30,0.89,0.79,0.11,Resistência Forte,0,0
2023-02-21,1.12,1.29,1.40,1.48,1.57,1.69,1.85,2.05,2.30,0.89,0.79,0.11,Resistência Forte,0,0
2023-02-22,1.12,1.29,1.40,1.48,1.57,1.69,1.85,2.05,2.30,0.64,0.62,0.15,Resistência,0,0
2023-02-23,1.12,1.29,1.40,1.48,1.57,1.69,1.85,2.05,2.30,0.56,0.50,0.06,Zona de Consolidação,0,0
2023-02-24,1.12,1.29,1.40,1.48,1.57,1.69,1.85,2.05,2.30,0.53,0.50,0.09,Zona de Consolidação,0,0
2023-02-27,1.12,1.29,1.40,1.48,1.57,1.69,1.85,2.05,2.30,0.53,0.50,0.09,Zona de Consolidação,0,0
2023-02-28,1.12,1.29,1.40,1.48,1.57,1.69,1.85,2.05,2.30,0.68,0.62,0.11,Resistência,0,0
2023-03-01,1.12,1.29,1.40,1.48,1.57,1.69,1.85,2.05,2.30,0.62,0.62,0.17,Resistência,1,0
2023-03-02,1.12,1.29,1.40,1.48,1.57,1.69,1.85,2.05,2.30,0.59,0.50,0.03,Zona de Consolidação,0,0
2023-03-03,1.12,1.29,1.40,1.48,1.57,1.69,1.85,2.05,2.30,0.59,0.50,0.03,Zona de Consolidação,0,0
2023-03-06,1.12,1.29,1.40,1.48,1.57,1.69,1.85,2.05,2.30,0.58,0.50,0.04,Zona de Consolidação,0,0
2023-03-07,1.12,1.29,1.40,1.48,1.57,1.69,1.85,2.05,2.30,0.58,0.50,0.04,Zona de Consolidação,0,0
2023-03-08,1.12,1.29,1.40,1.48,1.57,1.69,1.85,2.05,2.30,0.66,0.62,0.13,Resistência,0,0
2023-03-09,1.12,1.29,1.40,1.48,1.57,1.69,1.85,2.05,2.30,0.66,0.62,0.13,Resistência,0,0
2023-03-10,1.12,1.29,1.40,1.48,1.57,1.69,1.85,2.05,2.30,0.66,0.62,0.13,Resistência,0,0
2023-03-13,1.12,1.29,1.40,1.48,1.57,1.69,1.85,2.05,2.30,0.66,0.62,0.13,Resistência,0,0
2023-03-14,1.15,1.32,1.42,1.50,1.58,1.70,1.85,2.04,2.28,0.54,0.50,0.08,Zona de Consolidação,0,0
2023-03-15,1.18,1.34,1.44,1.52,1.59,1.71,1.85,2.03,2.26,0.52,0.50,0.10,Zona de Consolidação,0,0
2023-03-16,1.18,1.34,1.44,1.52,1.59,1.71,1.85,2.03,2.26,0.48,0.38,0.02,Zona de Consolidação,0,0
2023-03-17,1.18,1.34,1.44,1.52,1.59,1.71,1.85,2.03,2.26,0.48,0.38,0.02,Zona de Consolidação,0,0
2023-03-20,1.18,1.34,1.44,1.52,1.59,1.71,1.85,2.03,2.26,0.48,0.38,0.02,Zona de Consolidação,0,0
2023-03-21,1.18,1.34,1.44,1.52,1.59,1.71,1.85,2.03,2.26,0.48,0.38,0.02,Zona de Consolidação,0,0
2023-03-22,1.18,1.34,1.44,1.52,1.59,1.71,1.85,2.03,2.26,0.48,0.38,0.02,Zona de Consolidação,0,0
2023-03-23,1.18,1.34,1.44,1.52,1.59,1.71,1.85,2.03,2.26,0.48,0.38,0.02,Zona de Consolidação,0,0
2023-03-24,1.21,1.36,1.45,1.53,1.61,1.71,1.85,2.02,2.25,0.47,0.38,0.03,Zona de Consolidação,0,0
2023-03-27,1.18,1.34,1.44,1.52,1.59,1.71,1.85,2.03,2.26,0.49,0.38,0.01,Zona de Consolidação,0,0
2023-03-28,1.18,1.34,1.44,1.52,1.59,1.71,1.85,2.03,2.26,0.49,0.38,0.01,Zona de Consolidação,0,0
2023-03-29,1.18,1.34,1.44,1.52,1.59,1.71,1.85,2.03,2.26,0.49,0.38,0.01,Zona de Consolidação,0,0
2023-03-30,1.18,1.34,1.44,1.52,1.59,1.71,1.85,2.03,2.26,0.49,0.38,0.01,Zona de Consolidação,0,0
2023-03-31,1.18,1.34,1.44,1.52,1.59,1.71,1.85,2.03,2.26,0.64,0.62,0.15,Resistência,0,0
2023-04-03,1.18,1.34,1.44,1.52,1.59,1.71,1.85,2.03,2.26,0.64,0.62,0.15,Resistência,0,0
2023-04-04,1.18,1.34,1.44,1.52,1.59,1.71,1.85,2.03,2.26,0.64,0.62,0.15,Resistência,0,0
2023-04-05,1.18,1.34,1.44,1.52,1.59,1.71,1.85,2.03,2.26,0.64,0.62,0.15,Resistência,0,0
2023-04-06,1.18,1.34,1.44,1.52,1.59,1.71,1.85,2.03,2.26,0.64,0.62,0.15,Resistência,0,0
2023-04-10,1.18,1.34,1.44,1.52,1.59,1.71,1.85,2.03,2.26,0.58,0.50,0.04,Zona de Consolidação,0,0
2023-04-11,1.18,1.34,1.44,1.52,1.59,1.71,1.85,2.03,2.26,0.58,0.50,0.04,Zona de Consolidação,0,0
2023-04-12,1.18,1.34,1.44,1.52,1.59,1.71,1.85,2.03,2.26,0.58,0.50,0.04,Zona de Consolidação,0,0
2023-04-13,1.18,1.34,1.44,1.52,1.60,1.71,1.86,2.04,2.28,0.62,0.62,0.17,Resistência,1,0
2023-04-14,1.18,1.34,1.44,1.52,1.60,1.71,1.86,2.04,2.28,0.62,0.62,0.17,Resistência,1,0
2023-04-17,1.18,1.34,1.44,1.52,1.60,1.71,1.86,2.04,2.28,0.31,0.24,0.07,Suporte,0,0
2023-04-18,1.18,1.34,1.44,1.52,1.60,1.71,1.86,2.04,2.28,0.32,0.24,0.06,Suporte,0,0
2023-04-19,1.18,1.34,1.44,1.52,1.60,1.71,1.86,2.04,2.28,0.31,0.24,0.07,Suporte,0,0
2023-04-20,1.18,1.34,1.44,1.52,1.60,1.71,1.86,2.04,2.28,0.32,0.24,0.06,Suporte,0,0
2023-04-21,1.18,1.34,1.44,1.52,1.60,1.71,1.86,2.04,2.28,0.31,0.24,0.07,Suporte,0,0
2023-04-24,1.18,1.34,1.44,1.52,1.60,1.71,1.86,2.04,2.28,0.31,0.24,0.07,Suporte,0,0
2023-04-25,1.18,1.34,1.44,1.52,1.60,1.71,1.86,2.04,2.28,0.35,0.24,0.03,Suporte,0,0
2023-04-26,1.18,1.34,1.44,1.52,1.60,1.71,1.86,2.04,2.28,0.32,0.24,0.06,Suporte,0,0
2023-04-27,1.18,1.34,1.44,1.52,1.60,1.71,1.86,2.04,2.28,0.51,0.50,0.11,Zona de Consolidação,0,0
2023-04-28,1.18,1.34,1.44,1.52,1.60,1.71,1.86,2.04,2.28,0.51,0.50,0.11,Zona de Consolidação,0,0
2023-05-01,1.18,1.34,1.44,1.52,1.60,1.71,1.86,2.04,2.28,0.40,0.38,0.10,Zona de Consolidação,1,0
2023-05-02,1.18,1.34,1.44,1.52,1.60,1.71,1.86,2.04,2.28,0.40,0.38,0.10,Zona de Consolidação,1,0
2023-05-03,1.18,1.34,1.44,1.52,1.60,1.71,1.86,2.04,2.28,0.40,0.38,0.10,Zona de Consolidação,1,0
2023-05-04,1.18,1.34,1.44,1.52,1.60,1.71,1.86,2.04,2.28,0.40,0.38,0.10,Zona de Consolidação,1,0
2023-05-05,1.18,1.34,1.44,1.52,1.60,1.71,1.86,2.04,2.28,0.41,0.38,0.09,Zona de Consolidação,0,0
2023-05-08,1.18,1.34,1.44,1.52,1.60,1.71,1.86,2.04,2.28,0.41,0.38,0.09,Zona de Consolidação,0,0
2023-05-09,1.18,1.34,1.44,1.52,1.60,1.71,1.86,2.04,2.28,0.32,0.24,0.06,Suporte,0,0
2023-05-10,1.18,1.34,1.44,1.52,1.60,1.71,1.86,2.04,2.28,0.12,0.00,0.12,Suporte Forte,0,0
2023-05-11,1.18,1.34,1.44,1.52,1.60,1.71,1.86,2.04,2.28,0.35,0.24,0.03,Suporte,0,0
2023-05-12,1.18,1.34,1.44,1.52,1.60,1.71,1.86,2.04,2.28,0.37,0.24,0.01,Suporte,1,0
2023-05-15,1.18,1.34,1.44,1.52,1.60,1.71,1.86,2.04,2.28,0.37,0.24,0.01,Suporte,1,0
2023-05-16,1.18,1.34,1.44,1.52,1.60,1.71,1.86,2.04,2.28,0.29,0.24,0.09,Suporte,0,0
2023-05-17,1.18,1.34,1.44,1.52,1.60,1.71,1.86,2.04,2.28,0.51,0.50,0.11,Zona de Consolidação,0,0
2023-05-18,1.18,1.34,1.44,1.52,1.60,1.71,1.86,2.04,2.28,0.38,0.24,0.00,Suporte,1,0
2023-05-19,1.18,1.34,1.44,1.52,1.60,1.71,1.86,2.04,2.28,0.43,0.38,0.07,Zona de Consolidação,0,0
2023-05-22,1.18,1.34,1.44,1.52,1.60,1.71,1.86,2.04,2.28,0.43,0.38,0.07,Zona de Consolidação,0,0
2023-05-23,1.18,1.34,1.44,1.52,1.60,1.71,1.86,2.04,2.28,0.43,0.38,0.07,Zona de Consolidação,0,0
2023-05-24,1.18,1.34,1.44,1.52,1.60,1.71,1.86,2.04,2.28,0.43,0.38,0.07,Zona de Consolidação,0,0
2023-05-25,1.18,1.34,1.44,1.52,1.60,1.71,1.86,2.04,2.28,0.51,0.50,0.11,Zona de Consolidação,0,0
2023-05-26,1.18,1.34,1.44,1.52,1.60,1.71,1.86,2.04,2.28,0.59,0.50,0.03,Zona de Consolidação,0,0
2023-05-30,1.18,1.34,1.44,1.52,1.60,1.71,1.86,2.04,2.28,0.74,0.62,0.05,Resistência,0,0
2023-05-31,1.18,1.34,1.44,1.52,1.60,1.71,1.86,2.04,2.28,0.46,0.38,0.04,Zona de Consolidação,0,0
2023-06-01,1.18,1.34,1.44,1.52,1.60,1.71,1.86,2.04,2.28,0.46,0.38,0.04,Zona de Consolidação,0,0
2023-06-02,1.18,1.34,1.44,1.52,1.60,1.71,1.86,2.04,2.28,0.90,0.79,0.10,Resistência Forte,0,0
2023-06-05,1.18,1.34,1.44,1.52,1.60,1.71,1.86,2.04,2.28,0.63,0.62,0.16,Resistência,1,0
2023-06-06,1.18,1.34,1.44,1.52,1.60,1.71,1.86,2.04,2.28,0.51,0.50,0.11,Zona de Consolidação,0,0
2023-06-07,1.23,1.38,1.47,1.54,1.62,1.73,1.86,2.03,2.25,0.48,0.38,0.02,Zona de Consolidação,0,0
2023-06-08,1.23,1.38,1.47,1.54,1.62,1.73,1.86,2.03,2.25,0.51,0.50,0.11,Zona de Consolidação,0,0
2023-06-09,1.23,1.38,1.47,1.54,1.62,1.73,1.86,2.03,2.25,0.62,0.62,0.17,Resistência,1,0
2023-06-12,1.23,1.38,1.47,1.54,1.62,1.73,1.86,2.03,2.25,0.59,0.50,0.03,Zona de Consolidação,0,0
2023-06-13,1.23,1.38,1.47,1.54,1.62,1.73,1.86,2.03,2.25,0.62,0.62,0.17,Resistência,1,0
2023-06-14,1.23,1.38,1.47,1.54,1.62,1.73,1.86,2.03,2.25,0.62,0.62,0.17,Resistência,1,0
2023-06-15,1.23,1.38,1.47,1.54,1.62,1.73,1.86,2.03,2.25,0.65,0.62,0.14,Resistência,0,0
2023-06-16,1.23,1.38,1.47,1.54,1.62,1.73,1.86,2.03,2.25,0.65,0.62,0.14,Resistência,0,0
2023-06-20,1.23,1.38,1.47,1.54,1.62,1.73,1.86,2.03,2.25,0.65,0.62,0.14,Resistência,0,0
2023-06-21,1.23,1.38,1.47,1.54,1.62,1.73,1.86,2.03,2.25,0.48,0.38,0.02,Zona de Consolidação,0,0
2023-06-22,1.23,1.38,1.47,1.54,1.62,1.73,1.86,2.03,2.25,0.48,0.38,0.02,Zona de Consolidação,0,0
2023-06-23,1.23,1.38,1.47,1.54,1.62,1.73,1.86,2.03,2.25,0.48,0.38,0.02,Zona de Consolidação,0,0
2023-06-26,1.23,1.36,1.44,1.51,1.58,1.67,1.79,1.94,2.14,0.54,0.50,0.08,Zona de Consolidação,0,0
2023-06-27,1.23,1.36,1.44,1.51,1.58,1.67,1.79,1.94,2.14,0.43,0.38,0.07,Zona de Consolidação,0,0
2023-06-28,1.23,1.36,1.44,1.51,1.58,1.67,1.79,1.94,2.14,0.43,0.38,0.07,Zona de Consolidação,0,0
2023-06-29,1.23,1.36,1.44,1.51,1.58,1.67,1.79,1.94,2.14,0.43,0.38,0.07,Zona de Consolidação,0,0
2023-06-30,1.23,1.36,1.44,1.51,1.58,1.67,1.79,1.94,2.14,0.46,0.38,0.04,Zona de Consolidação,0,0
2023-07-03,1.23,1.36,1.44,1.51,1.58,1.67,1.79,1.94,2.14,0.46,0.38,0.04,Zona de Consolidação,0,0
2023-07-05,1.23,1.36,1.44,1.51,1.58,1.67,1.79,1.94,2.14,0.46,0.38,0.04,Zona de Consolidação,0,0
2023-07-06,1.23,1.36,1.44,1.51,1.58,1.67,1.79,1.94,2.14,0.41,0.38,0.09,Zona de Consolidação,0,0
2023-07-07,1.23,1.36,1.44,1.51,1.58,1.67,1.79,1.94,2.14,0.46,0.38,0.04,Zona de Consolidação,0,0
2023-07-10,1.23,1.36,1.44,1.51,1.58,1.67,1.79,1.94,2.14,0.34,0.24,0.04,Suporte,0,0
2023-07-11,1.23,1.36,1.44,1.51,1.58,1.67,1.79,1.94,2.14,0.45,0.38,0.05,Zona de Consolidação,0,0
2023-07-12,1.23,1.36,1.44,1.51,1.58,1.67,1.79,1.94,2.14,0.50,0.50,0.12,Zona de Consolidação,0,0
2023-07-13,1.23,1.36,1.44,1.51,1.58,1.67,1.79,1.94,2.14,0.73,0.62,0.06,Resistência,0,0
2023-07-14,1.23,1.36,1.44,1.51,1.58,1.67,1.79,1.94,2.14,0.68,0.62,0.11,Resistência,0,0
2023-07-17,1.23,1.36,1.44,1.51,1.58,1.67,1.79,1.94,2.14,0.68,0.62,0.11,Resistência,0,0
2023-07-18,1.23,1.36,1.44,1.51,1.58,1.67,1.79,1.94,2.14,0.68,0.62,0.11,Resistência,0,0
2023-07-19,1.23,1.36,1.44,1.51,1.58,1.67,1.79,1.94,2.14,0.30,0.24,0.08,Suporte,0,0
2023-07-20,1.16,1.31,1.40,1.48,1.55,1.66,1.79,1.96,2.18,0.38,0.24,0.00,Suporte,1,0
2023-07-21,1.16,1.31,1.40,1.48,1.55,1.66,1.79,1.96,2.18,0.38,0.24,0.00,Suporte,1,0
2023-07-24,1.16,1.31,1.40,1.48,1.55,1.66,1.79,1.96,2.18,0.06,0.00,0.18,Suporte Forte,0,0
2023-07-25,1.16,1.31,1.40,1.48,1.55,1.66,1.79,1.96,2.18,0.05,0.00,0.19,Suporte Forte,0,0
2023-07-26,1.16,1.31,1.40,1.48,1.55,1.66,1.79,1.96,2.18,0.30,0.24,0.08,Suporte,0,0
2023-07-27,1.16,1.31,1.40,1.48,1.55,1.66,1.79,1.96,2.18,0.30,0.24,0.08,Suporte,0,0
2023-07-28,1.16,1.31,1.40,1.48,1.55,1.66,1.79,1.96,2.18,0.14,0.00,0.10,Suporte Forte,0,0
2023-07-31,1.16,1.31,1.40,1.48,1.55,1.66,1.79,1.96,2.18,0.14,0.00,0.10,Suporte Forte,0,0
2023-08-01,1.16,1.31,1.40,1.48,1.55,1.66,1.79,1.96,2.18,0.11,0.00,0.13,Suporte Forte,0,0
2023-08-02,0.94,1.14,1.26,1.36,1.47,1.61,1.79,2.02,2.32,0.31,0.24,0.07,Suporte,0,0
2023-08-03,0.94,1.14,1.26,1.36,1.47,1.61,1.79,2.02,2.32,0.28,0.24,0.10,Suporte,0,0
2023-08-04,0.94,1.14,1.26,1.36,1.47,1.61,1.79,2.02,2.32,0.28,0.24,0.10,Suporte,0,0
2023-08-07,0.94,1.14,1.26,1.36,1.47,1.61,1.79,2.02,2.32,0.28,0.24,0.10,Suporte,0,0
2023-08-08,0.94,1.14,1.26,1.36,1.47,1.61,1.79,2.02,2.32,0.29,0.24,0.09,Suporte,0,0
2023-08-09,0.94,1.14,1.26,1.36,1.47,1.61,1.79,2.02,2.32,0.29,0.24,0.09,Suporte,0,0
2023-08-10,0.94,1.14,1.26,1.36,1.47,1.61,1.79,2.02,2.32,0.29,0.24,0.09,Suporte,0,0
2023-08-11,0.94,1.14,1.26,1.36,1.47,1.61,1.79,2.02,2.32,0.31,0.24,0.07,Suporte,0,0
2023-08-14,0.94,1.14,1.26,1.36,1.47,1.61,1.79,2.02,2.32,0.31,0.24,0.07,Suporte,0,0
2023-08-15,0.94,1.11,1.22,1.30,1.39,1.51,1.67,1.87,2.12,0.36,0.24,0.02,Suporte,0,0
2023-08-16,0.94,1.11,1.22,1.30,1.39,1.51,1.67,1.87,2.12,0.36,0.24,0.02,Suporte,0,0
2023-08-17,0.94,1.11,1.22,1.30,1.39,1.51,1.67,1.87,2.12,0.36,0.24,0.02,Suporte,0,0
2023-08-18,0.94,1.11,1.22,1.30,1.39,1.51,1.67,1.87,2.12,0.36,0.24,0.02,Suporte,0,0
2023-08-21,0.94,1.11,1.22,1.30,1.39,1.51,1.67,1.87,2.12,0.36,0.24,0.02,Suporte,0,0
2023-08-22,0.94,1.11,1.22,1.30,1.39,1.51,1.67,1.87,2.12,0.34,0.24,0.04,Suporte,0,0
2023-08-23,0.94,1.11,1.22,1.30,1.39,1.51,1.67,1.87,2.12,0.34,0.24,0.04,Suporte,0,0
2023-08-24,0.94,1.11,1.21,1.30,1.38,1.50,1.65,1.84,2.09,0.37,0.24,0.01,Suporte,1,0
2023-08-25,0.94,1.11,1.21,1.30,1.38,1.50,1.65,1.84,2.09,0.37,0.24,0.01,Suporte,1,0
2023-08-28,0.94,1.11,1.21,1.30,1.38,1.50,1.65,1.84,2.09,0.37,0.24,0.01,Suporte,1,0
2023-08-29,0.94,1.11,1.21,1.30,1.38,1.50,1.65,1.84,2.09,0.37,0.24,0.01,Suporte,1,0
2023-08-30,0.94,1.11,1.21,1.30,1.38,1.50,1.65,1.84,2.09,0.34,0.24,0.04,Suporte,0,0
2023-08-31,0.94,1.11,1.21,1.29,1.37,1.49,1.64,1.83,2.07,0.36,0.24,0.02,Suporte,0,0
2023-09-01,0.94,1.11,1.21,1.29,1.37,1.49,1.64,1.83,2.07,0.36,0.24,0.02,Suporte,0,0
2023-09-05,0.94,1.11,1.21,1.29,1.37,1.49,1.64,1.83,2.07,0.36,0.24,0.02,Suporte,0,0
2023-09-06,0.94,1.11,1.21,1.29,1.37,1.49,1.64,1.83,2.07,0.36,0.24,0.02,Suporte,0,0
2023-09-07,0.94,1.11,1.21,1.29,1.37,1.49,1.64,1.83,2.07,0.36,0.24,0.02,Suporte,0,0
2023-09-08,0.94,1.11,1.21,1.29,1.37,1.49,1.64,1.83,2.07,0.37,0.24,0.01,Suporte,1,0
2023-09-11,0.94,1.11,1.21,1.29,1.37,1.49,1.64,1.83,2.07,0.50,0.50,0.12,Zona de Consolidação,0,0
2023-09-12,0.94,1.11,1.21,1.29,1.37,1.49,1.64,1.83,2.07,0.50,0.50,0.12,Zona de Consolidação,0,0
2023-09-13,0.94,1.11,1.21,1.29,1.37,1.49,1.64,1.83,2.07,0.50,0.50,0.12,Zona de Consolidação,0,0
2023-09-14,0.94,1.11,1.21,1.29,1.37,1.49,1.64,1.83,2.07,0.61,0.50,0.01,Zona de Consolidação,1,0
2023-09-15,0.94,1.11,1.21,1.29,1.37,1.49,1.64,1.83,2.07,0.59,0.50,0.03,Zona de Consolidação,0,0
2023-09-18,0.94,1.11,1.21,1.29,1.37,1.49,1.64,1.83,2.07,0.59,0.50,0.03,Zona de Consolidação,0,0
2023-09-19,0.94,1.11,1.21,1.29,1.37,1.49,1.64,1.83,2.07,0.59,0.50,0.03,Zona de Consolidação,0,0
2023-09-20,0.94,1.11,1.21,1.29,1.37,1.49,1.64,1.83,2.07,0.60,0.50,0.02,Zona de Consolidação,1,0
2023-09-21,0.94,1.11,1.21,1.29,1.37,1.49,1.64,1.83,2.07,0.60,0.50,0.02,Zona de Consolidação,1,0
2023-09-22,0.94,1.10,1.20,1.27,1.35,1.47,1.61,1.79,2.02,0.63,0.62,0.16,Resistência,1,0
2023-09-25,0.94,1.10,1.20,1.27,1.35,1.47,1.61,1.79,2.02,0.63,0.62,0.16,Resistência,1,0
2023-09-26,0.94,1.10,1.20,1.27,1.35,1.47,1.61,1.79,2.02,0.63,0.62,0.16,Resistência,1,0
2023-09-27,0.94,1.06,1.13,1.19,1.26,1.34,1.45,1.59,1.77,0.82,0.79,0.18,Resistência Forte,0,0
2023-09-28,0.94,1.06,1.13,1.19,1.26,1.34,1.45,1.59,1.77,0.82,0.79,0.18,Resistência Forte,0,0
2023-09-29,0.94,1.06,1.13,1.19,1.25,1.33,1.44,1.58,1.75,0.84,0.79,0.16,Resistência Forte,0,0
2023-10-02,0.94,1.06,1.13,1.19,1.25,1.33,1.44,1.58,1.75,0.88,0.79,0.12,Resistência Forte,0,0
2023-10-03,0.94,1.06,1.13,1.19,1.25,1.33,1.44,1.58,1.75,0.94,0.79,0.06,Resistência Forte,0,0
2023-10-04,0.94,1.06,1.13,1.19,1.25,1.33,1.44,1.58,1.75,0.94,0.79,0.06,Resistência Forte,0,0
2023-10-05,0.94,1.06,1.13,1.19,1.25,1.33,1.44,1.58,1.75,0.54,0.50,0.08,Zona de Consolidação,0,0
2023-10-06,0.94,1.06,1.13,1.19,1.26,1.34,1.45,1.59,1.77,1.00,1.00,0.27,Resistência Forte,0,1
2023-10-09,0.94,1.06,1.13,1.19,1.26,1.34,1.45,1.59,1.77,0.59,0.50,0.03,Zona de Consolidação,0,0
2023-10-10,0.94,1.07,1.15,1.22,1.29,1.38,1.50,1.65,1.85,0.87,0.79,0.13,Resistência Forte,0,0
2023-10-11,0.94,1.07,1.15,1.22,1.29,1.38,1.50,1.65,1.85,0.86,0.79,0.14,Resistência Forte,0,0
2023-10-12,0.99,1.11,1.18,1.25,1.31,1.39,1.50,1.64,1.82,0.84,0.79,0.16,Resistência Forte,0,0
2023-10-13,0.99,1.11,1.18,1.25,1.31,1.39,1.50,1.64,1.82,0.78,0.62,0.01,Resistência,0,1
2023-10-16,0.99,1.11,1.18,1.25,1.31,1.39,1.50,1.64,1.82,0.80,0.79,0.20,Resistência Forte,0,1
2023-10-17,0.99,1.11,1.18,1.25,1.31,1.39,1.50,1.64,1.82,0.67,0.62,0.12,Resistência,0,0
2023-10-18,0.99,1.11,1.18,1.25,1.31,1.39,1.50,1.64,1.82,0.31,0.24,0.07,Suporte,0,0
2023-10-19,0.99,1.11,1.18,1.25,1.31,1.39,1.50,1.64,1.82,0.51,0.50,0.11,Zona de Consolidação,0,0
2023-10-20,0.99,1.11,1.18,1.25,1.31,1.39,1.50,1.64,1.82,0.12,0.00,0.12,Suporte Forte,0,0
2023-10-23,0.96,1.09,1.17,1.23,1.29,1.38,1.50,1.65,1.83,0.22,0.00,0.02,Suporte Forte,0,0
2023-10-24,0.96,1.09,1.17,1.23,1.29,1.38,1.50,1.65,1.83,0.22,0.00,0.02,Suporte Forte,0,0
2023-10-25,0.96,1.09,1.17,1.23,1.29,1.38,1.50,1.65,1.83,0.22,0.00,0.02,Suporte Forte,0,0
2023-10-26,0.92,1.06,1.14,1.21,1.28,1.38,1.50,1.66,1.86,0.17,0.00,0.07,Suporte Forte,0,0
2023-10-27,0.83,0.99,1.09,1.16,1.24,1.36,1.50,1.68,1.91,0.00,0.00,0.24,Suporte Forte,0,0
2023-10-30,0.83,0.99,1.09,1.16,1.24,1.36,1.50,1.68,1.91,0.16,0.00,0.08,Suporte Forte,0,0
2023-10-31,0.83,0.99,1.09,1.16,1.24,1.36,1.50,1.68,1.91,0.69,0.62,0.10,Resistência,0,0
2023-11-01,0.83,0.99,1.09,1.16,1.24,1.36,1.50,1.68,1.91,0.27,0.24,0.11,Suporte,0,0
2023-11-02,0.83,0.99,1.09,1.16,1.24,1.36,1.50,1.68,1.91,0.90,0.79,0.10,Resistência Forte,0,0
2023-11-03,0.83,0.99,1.09,1.16,1.24,1.36,1.50,1.68,1.91,0.66,0.62,0.13,Resistência,0,0
2023-11-06,0.83,0.99,1.09,1.16,1.24,1.36,1.50,1.68,1.91,0.66,0.62,0.13,Resistência,0,0
2023-11-07,0.83,0.99,1.09,1.16,1.24,1.36,1.50,1.68,1.91,0.66,0.62,0.13,Resistência,0,0
2023-11-08,0.83,0.99,1.09,1.16,1.24,1.36,1.50,1.68,1.91,0.66,0.62,0.13,Resistência,0,0
2023-11-09,0.83,0.99,1.09,1.16,1.24,1.36,1.50,1.68,1.91,0.28,0.24,0.10,Suporte,0,0
2023-11-10,0.83,0.99,1.09,1.16,1.24,1.36,1.50,1.68,1.91,0.48,0.38,0.02,Zona de Consolidação,0,0
2023-11-13,0.83,0.99,1.09,1.16,1.24,1.36,1.50,1.68,1.91,0.15,0.00,0.09,Suporte Forte,0,0
2023-11-14,0.83,0.99,1.09,1.16,1.24,1.36,1.50,1.68,1.91,0.46,0.38,0.04,Zona de Consolidação,0,0
2023-11-15,0.83,0.99,1.09,1.16,1.24,1.36,1.50,1.68,1.91,0.61,0.50,0.01,Zona de Consolidação,1,0
2023-11-16,0.83,0.99,1.09,1.16,1.24,1.36,1.50,1.68,1.91,0.61,0.50,0.01,Zona de Consolidação,1,0
2023-11-17,0.83,0.99,1.09,1.16,1.24,1.36,1.50,1.68,1.91,0.63,0.62,0.16,Resistência,1,0
2023-11-20,0.83,0.99,1.09,1.16,1.24,1.36,1.50,1.68,1.91,0.60,0.50,0.02,Zona de Consolidação,1,0
2023-11-21,0.83,0.99,1.09,1.16,1.24,1.36,1.50,1.68,1.91,0.48,0.38,0.02,Zona de Consolidação,0,0
2023-11-22,0.83,0.99,1.09,1.16,1.24,1.36,1.50,1.68,1.91,0.63,0.62,0.16,Resistência,1,0
2023-11-24,0.83,0.99,1.09,1.16,1.24,1.36,1.50,1.68,1.91,0.63,0.62,0.16,Resistência,1,0
2023-11-27,0.83,0.99,1.09,1.16,1.24,1.36,1.50,1.68,1.91,0.63,0.62,0.16,Resistência,1,0
2023-11-28,0.83,0.99,1.09,1.16,1.24,1.36,1.50,1.68,1.91,0.63,0.62,0.16,Resistência,1,0
2023-11-29,0.83,0.99,1.09,1.16,1.24,1.36,1.50,1.68,1.91,0.63,0.62,0.16,Resistência,1,0
2023-11-30,0.83,0.99,1.09,1.16,1.24,1.36,1.50,1.68,1.91,0.63,0.62,0.16,Resistência,1,0
2023-12-01,0.83,0.99,1.09,1.16,1.24,1.36,1.50,1.68,1.91,0.63,0.62,0.16,Resistência,1,0
2023-12-04,0.83,0.99,1.09,1.16,1.24,1.36,1.50,1.68,1.91,0.63,0.62,0.16,Resistência,1,0
2023-12-05,0.83,0.99,1.09,1.16,1.24,1.36,1.50,1.68,1.91,0.63,0.62,0.16,Resistência,1,0
2023-12-06,0.83,0.99,1.09,1.16,1.24,1.36,1.50,1.68,1.91,0.63,0.62,0.16,Resistência,1,0
2023-12-07,0.83,0.99,1.09,1.16,1.24,1.36,1.50,1.68,1.91,0.63,0.62,0.16,Resistência,1,0
2023-12-08,0.83,0.99,1.09,1.16,1.24,1.36,1.50,1.68,1.91,0.63,0.62,0.16,Resistência,1,0
2023-12-11,0.83,0.99,1.09,1.16,1.24,1.36,1.50,1.68,1.91,0.63,0.62,0.16,Resistência,1,0
2023-12-12,0.83,0.99,1.09,1.16,1.24,1.36,1.50,1.68,1.91,0.73,0.62,0.06,Resistência,0,0
2023-12-13,0.83,0.99,1.09,1.16,1.24,1.36,1.50,1.68,1.91,0.73,0.62,0.06,Resistência,0,0
2023-12-14,0.83,0.99,1.09,1.16,1.24,1.36,1.50,1.68,1.91,0.87,0.79,0.13,Resistência Forte,0,0
2023-12-15,0.83,0.99,1.09,1.16,1.24,1.36,1.50,1.68,1.91,0.87,0.79,0.13,Resistência Forte,0,0
2023-12-18,0.81,0.97,1.07,1.16,1.24,1.35,1.50,1.69,1.93,0.88,0.79,0.12,Resistência Forte,0,0
2023-12-19,0.81,0.97,1.07,1.16,1.24,1.35,1.50,1.69,1.93,0.97,0.79,0.03,Resistência Forte,0,0
2023-12-20,0.81,1.00,1.11,1.20,1.30,1.43,1.60,1.81,2.09,1.00,1.00,0.27,Resistência Forte,0,1
2023-12-21,0.81,1.00,1.11,1.20,1.30,1.43,1.60,1.81,2.09,1.00,1.00,0.27,Resistência Forte,0,1
2023-12-22,0.81,1.01,1.13,1.23,1.33,1.47,1.65,1.88,2.17,1.00,1.00,0.27,Resistência Forte,0,1
2023-12-26,0.81,1.01,1.13,1.23,1.33,1.47,1.65,1.88,2.17,1.00,1.00,0.27,Resistência Forte,0,1
2023-12-27,0.81,1.01,1.13,1.23,1.33,1.47,1.65,1.88,2.17,0.82,0.79,0.18,Resistência Forte,0,0
2023-12-28,0.81,1.01,1.13,1.23,1.33,1.47,1.65,1.88,2.17,0.99,0.79,0.01,Resistência Forte,0,1
2023-12-29,0.81,1.01,1.13,1.23,1.33,1.47,1.65,1.88,2.17,0.96,0.79,0.04,Resistência Forte,0,0
2024-01-02,0.81,1.01,1.13,1.23,1.33,1.47,1.65,1.88,2.17,0.96,0.79,0.04,Resistência Forte,0,0
2024-01-03,0.81,1.01,1.13,1.23,1.33,1.47,1.65,1.88,2.17,0.99,0.79,0.01,Resistência Forte,0,1
2024-01-04,0.81,1.01,1.13,1.23,1.33,1.47,1.65,1.88,2.17,1.00,1.00,0.27,Resistência Forte,0,1
2024-01-05,0.81,1.01,1.13,1.23,1.33,1.47,1.65,1.88,2.17,1.00,1.00,0.27,Resistência Forte,0,1
2024-01-08,0.81,1.01,1.13,1.23,1.33,1.47,1.65,1.88,2.17,0.92,0.79,0.08,Resistência Forte,0,0
2024-01-09,0.81,1.01,1.13,1.23,1.33,1.47,1.65,1.88,2.17,0.82,0.79,0.18,Resistência Forte,0,0
2024-01-10,0.81,1.01,1.13,1.23,1.33,1.47,1.65,1.88,2.17,0.75,0.62,0.04,Resistência,0,0
2024-01-11,0.81,1.01,1.13,1.23,1.33,1.47,1.65,1.88,2.17,0.71,0.62,0.08,Resistência,0,0
2024-01-12,0.81,1.01,1.13,1.23,1.33,1.47,1.65,1.88,2.17,0.82,0.79,0.18,Resistência Forte,0,0
2024-01-16,0.81,1.01,1.13,1.23,1.33,1.47,1.65,1.88,2.17,0.82,0.79,0.18,Resistência Forte,0,0
2024-01-17,0.81,1.01,1.13,1.23,1.33,1.47,1.65,1.88,2.17,0.86,0.79,0.14,Resistência Forte,0,0
2024-01-18,0.81,1.01,1.13,1.23,1.33,1.47,1.65,1.88,2.17,0.98,0.79,0.02,Resistência Forte,0,0
2024-01-19,0.81,1.01,1.13,1.23,1.33,1.47,1.65,1.88,2.17,0.98,0.79,0.02,Resistência Forte,0,0
2024-01-22,0.81,1.01,1.13,1.23,1.33,1.47,1.65,1.88,2.17,0.67,0.62,0.12,Resistência,0,0
2024-01-23,0.81,1.01,1.13,1.23,1.33,1.47,1.65,1.88,2.17,0.92,0.79,0.08,Resistência Forte,0,0
2024-01-24,0.81,1.01,1.13,1.23,1.33,1.47,1.65,1.88,2.17,0.92,0.79,0.08,Resistência Forte,0,0
2024-01-25,0.81,1.01,1.13,1.23,1.33,1.47,1.65,1.88,2.17,0.92,0.79,0.08,Resistência Forte,0,0
2024-01-26,0.81,1.01,1.13,1.23,1.33,1.47,1.65,1.88,2.17,0.92,0.79,0.08,Resistência Forte,0,0
2024-01-29,0.81,1.01,1.13,1.23,1.33,1.47,1.65,1.88,2.17,0.92,0.79,0.08,Resistência Forte,0,0
2024-01-30,0.81,1.01,1.13,1.23,1.33,1.47,1.65,1.88,2.17,0.73,0.62,0.06,Resistência,0,0
2024-01-31,0.81,1.01,1.13,1.23,1.33,1.47,1.65,1.88,2.17,0.73,0.62,0.06,Resistência,0,0
2024-02-01,0.81,1.01,1.13,1.23,1.33,1.47,1.65,1.88,2.17,0.73,0.62,0.06,Resistência,0,0
2024-02-02,0.81,1.01,1.13,1.23,1.33,1.47,1.65,1.88,2.17,0.73,0.62,0.06,Resistência,0,0
2024-02-05,0.81,1.01,1.13,1.23,1.33,1.47,1.65,1.88,2.17,0.73,0.62,0.06,Resistência,0,0
2024-02-06,0.81,1.01,1.13,1.23,1.33,1.47,1.65,1.88,2.17,0.73,0.62,0.06,Resistência,0,0
2024-02-07,0.81,1.01,1.13,1.23,1.33,1.47,1.65,1.88,2.17,0.73,0.62,0.06,Resistência,0,0
2024-02-08,0.81,1.01,1.13,1.23,1.33,1.47,1.65,1.88,2.17,0.73,0.62,0.06,Resistência,0,0
2024-02-09,0.81,1.01,1.13,1.23,1.33,1.47,1.65,1.88,2.17,0.50,0.50,0.12,Zona de Consolidação,0,0
2024-02-12,0.81,1.01,1.13,1.23,1.33,1.47,1.65,1.88,2.17,0.58,0.50,0.04,Zona de Consolidação,0,0
2024-02-13,0.81,1.01,1.13,1.23,1.33,1.47,1.65,1.88,2.17,0.58,0.50,0.04,Zona de Consolidação,0,0
2024-02-14,0.81,1.01,1.13,1.23,1.33,1.47,1.65,1.88,2.17,0.35,0.24,0.03,Suporte,0,0
2024-02-15,0.81,1.01,1.13,1.23,1.33,1.47,1.65,1.88,2.17,0.43,0.38,0.07,Zona de Consolidação,0,0
2024-02-16,0.81,1.01,1.13,1.23,1.33,1.47,1.65,1.88,2.17,0.43,0.38,0.07,Zona de Consolidação,0,0
2024-02-20,0.81,1.01,1.13,1.23,1.33,1.47,1.65,1.88,2.17,0.27,0.24,0.11,Suporte,0,0
2024-02-21,0.71,0.93,1.07,1.18,1.29,1.45,1.65,1.91,2.23,0.23,0.00,0.01,Suporte Forte,0,0
2024-02-22,0.71,0.93,1.07,1.18,1.29,1.45,1.65,1.91,2.23,0.23,0.00,0.01,Suporte Forte,0,0
2024-02-23,0.71,0.93,1.07,1.18,1.29,1.45,1.65,1.91,2.23,0.23,0.00,0.01,Suporte Forte,0,0
2024-02-26,0.71,0.93,1.07,1.18,1.29,1.45,1.65,1.91,2.23,0.36,0.24,0.02,Suporte,0,0
2024-02-27,0.71,0.93,1.07,1.18,1.29,1.45,1.65,1.91,2.23,0.31,0.24,0.07,Suporte,0,0
2024-02-28,0.71,0.93,1.07,1.18,1.29,1.45,1.65,1.91,2.23,0.31,0.24,0.07,Suporte,0,0
2024-02-29,0.71,0.93,1.07,1.18,1.29,1.45,1.65,1.91,2.23,0.62,0.62,0.17,Resistência,1,0
2024-03-01,0.71,0.93,1.07,1.18,1.29,1.45,1.65,1.91,2.23,0.39,0.38,0.11,Zona de Consolidação,1,0
2024-03-04,0.71,0.93,1.07,1.18,1.29,1.45,1.65,1.91,2.23,0.39,0.38,0.11,Zona de Consolidação,1,0
2024-03-05,0.71,0.93,1.07,1.18,1.29,1.45,1.65,1.91,2.23,0.33,0.24,0.05,Suporte,0,0
2024-03-06,0.71,0.93,1.07,1.18,1.29,1.45,1.65,1.91,2.23,0.47,0.38,0.03,Zona de Consolidação,0,0
2024-03-07,0.71,0.93,1.07,1.18,1.29,1.45,1.65,1.91,2.23,0.47,0.38,0.03,Zona de Consolidação,0,0
2024-03-08,0.71,0.93,1.07,1.18,1.29,1.45,1.65,1.91,2.23,0.41,0.38,0.09,Zona de Consolidação,0,0
2024-03-11,0.71,0.93,1.07,1.18,1.29,1.45,1.65,1.91,2.23,0.22,0.00,0.02,Suporte Forte,0,0
2024-03-12,0.71,0.93,1.07,1.18,1.29,1.45,1.65,1.91,2.23,0.30,0.24,0.08,Suporte,0,0
2024-03-13,0.71,0.93,1.07,1.18,1.29,1.45,1.65,1.91,2.23,0.19,0.00,0.05,Suporte Forte,0,0
2024-03-14,0.71,0.93,1.07,1.18,1.29,1.45,1.65,1.91,2.23,0.22,0.00,0.02,Suporte Forte,0,0
2024-03-15,0.71,0.93,1.07,1.18,1.29,1.45,1.65,1.91,2.23,0.29,0.24,0.09,Suporte,0,0
2024-03-18,0.71,0.93,1.07,1.18,1.29,1.45,1.65,1.91,2.23,0.40,0.38,0.10,Zona de Consolidação,0,0
2024-03-19,0.71,0.93,1.07,1.18,1.29,1.45,1.65,1.91,2.23,0.18,0.00,0.06,Suporte Forte,0,0
2024-03-20,0.71,0.93,1.07,1.18,1.29,1.45,1.65,1.91,2.23,0.24,0.24,0.14,Suporte,0,0
2024-03-21,0.71,0.93,1.07,1.18,1.29,1.45,1.65,1.91,2.23,0.31,0.24,0.07,Suporte,0,0
2024-03-22,0.71,0.93,1.07,1.18,1.29,1.45,1.65,1.91,2.23,0.33,0.24,0.05,Suporte,0,0
2024-03-25,0.71,0.93,1.07,1.18,1.29,1.45,1.65,1.91,2.23,0.26,0.24,0.12,Suporte,0,0
2024-03-26,0.71,0.93,1.07,1.18,1.29,1.45,1.65,1.91,2.23,0.20,0.00,0.04,Suporte Forte,0,0
2024-03-27,0.71,0.93,1.07,1.18,1.29,1.45,1.65,1.91,2.23,0.49,0.38,0.01,Zona de Consolidação,0,0
2024-03-28,0.71,0.93,1.06,1.17,1.28,1.43,1.63,1.88,2.20,0.54,0.50,0.08,Zona de Consolidação,0,0
2024-04-01,0.71,0.93,1.06,1.17,1.28,1.43,1.63,1.88,2.20,0.32,0.24,0.06,Suporte,0,0
2024-04-02,0.71,0.92,1.05,1.16,1.26,1.41,1.60,1.84,2.15,0.48,0.38,0.02,Zona de Consolidação,0,0
2024-04-03,0.71,0.92,1.04,1.14,1.25,1.39,1.58,1.82,2.12,0.31,0.24,0.07,Suporte,0,0
2024-04-04,0.71,0.92,1.04,1.14,1.25,1.39,1.58,1.82,2.12,0.32,0.24,0.06,Suporte,0,0
2024-04-05,0.71,0.92,1.04,1.14,1.25,1.39,1.58,1.82,2.12,0.32,0.24,0.06,Suporte,0,0
2024-04-08,0.71,0.92,1.04,1.14,1.25,1.39,1.58,1.82,2.12,0.22,0.00,0.02,Suporte Forte,0,0
2024-04-09,0.71,0.92,1.04,1.14,1.25,1.39,1.58,1.82,2.12,0.20,0.00,0.04,Suporte Forte,0,0
2024-04-10,0.71,0.88,0.98,1.06,1.15,1.27,1.42,1.61,1.86,0.28,0.24,0.10,Suporte,0,0
2024-04-11,0.71,0.88,0.98,1.06,1.15,1.27,1.42,1.61,1.86,0.28,0.24,0.10,Suporte,0,0
2024-04-12,0.71,0.88,0.98,1.06,1.15,1.27,1.42,1.61,1.86,0.30,0.24,0.08,Suporte,0,0
2024-04-15,0.71,0.88,0.98,1.06,1.15,1.27,1.42,1.61,1.86,0.32,0.24,0.06,Suporte,0,0
2024-04-16,0.71,0.88,0.98,1.06,1.15,1.27,1.42,1.61,1.86,0.27,0.24,0.11,Suporte,0,0
2024-04-17,0.71,0.88,0.98,1.06,1.15,1.27,1.42,1.61,1.86,0.34,0.24,0.04,Suporte,0,0
2024-04-18,0.71,0.88,0.98,1.06,1.15,1.27,1.42,1.61,1.86,0.34,0.24,0.04,Suporte,0,0
2024-04-19,0.71,0.88,0.98,1.06,1.15,1.27,1.42,1.61,1.86,0.34,0.24,0.04,Suporte,0,0
2024-04-22,0.71,0.86,0.95,1.03,1.11,1.21,1.35,1.52,1.75,0.53,0.50,0.09,Zona de Consolidação,0,0
2024-04-23,0.71,0.85,0.94,1.02,1.09,1.19,1.32,1.49,1.70,0.51,0.50,0.11,Zona de Consolidação,0,0
2024-04-24,0.71,0.85,0.94,1.00,1.07,1.17,1.30,1.46,1.66,0.63,0.62,0.16,Resistência,1,0
2024-04-25,0.71,0.85,0.94,1.00,1.07,1.17,1.30,1.46,1.66,0.73,0.62,0.06,Resistência,0,0
2024-04-26,0.71,0.85,0.94,1.02,1.09,1.19,1.32,1.49,1.70,0.89,0.79,0.11,Resistência Forte,0,0
2024-04-29,0.71,0.85,0.94,1.02,1.09,1.19,1.32,1.49,1.70,0.80,0.79,0.20,Resistência Forte,0,1
2024-04-30,0.71,0.85,0.94,1.02,1.09,1.19,1.32,1.49,1.70,0.98,0.79,0.02,Resistência Forte,0,1
2024-05-01,0.71,0.85,0.94,1.02,1.09,1.19,1.32,1.49,1.70,0.89,0.79,0.11,Resistência Forte,0,0
2024-05-02,0.80,0.92,1.00,1.06,1.12,1.21,1.32,1.46,1.64,0.87,0.79,0.13,Resistência Forte,0,0
2024-05-03,0.80,0.92,1.00,1.06,1.12,1.21,1.32,1.46,1.64,0.88,0.79,0.12,Resistência Forte,0,0
2024-05-06,0.80,0.92,1.00,1.06,1.12,1.21,1.32,1.46,1.64,0.88,0.79,0.12,Resistência Forte,0,0
2024-05-07,0.80,0.92,1.00,1.06,1.12,1.21,1.32,1.46,1.64,0.48,0.38,0.02,Zona de Consolidação,0,0
2024-05-08,0.80,0.92,1.00,1.06,1.12,1.21,1.32,1.46,1.64,0.48,0.38,0.02,Zona de Consolidação,0,0
2024-05-09,0.80,0.92,1.00,1.06,1.12,1.21,1.32,1.46,1.64,0.77,0.62,0.02,Resistência,0,1
2024-05-10,0.80,0.92,1.00,1.06,1.12,1.21,1.32,1.46,1.64,0.65,0.62,0.14,Resistência,0,0
2024-05-13,0.80,0.92,1.00,1.06,1.12,1.21,1.32,1.46,1.64,0.65,0.62,0.14,Resistência,0,0
2024-05-14,0.80,0.92,1.00,1.06,1.12,1.21,1.32,1.46,1.64,0.65,0.62,0.14,Resistência,0,0
2024-05-15,0.80,0.92,1.00,1.06,1.12,1.21,1.32,1.46,1.64,0.65,0.62,0.14,Resistência,0,0
2024-05-16,0.80,0.92,1.00,1.06,1.12,1.21,1.32,1.46,1.64,0.65,0.62,0.14,Resistência,0,0
2024-05-17,0.80,0.92,1.00,1.06,1.12,1.21,1.32,1.46,1.64,0.65,0.62,0.14,Resistência,0,0
2024-05-20,0.80,0.92,1.00,1.06,1.12,1.21,1.32,1.46,1.64,0.65,0.62,0.14,Resistência,0,0
2024-05-21,0.80,0.92,1.00,1.06,1.12,1.21,1.32,1.46,1.64,0.65,0.62,0.14,Resistência,0,0
2024-05-22,0.80,0.92,1.00,1.06,1.12,1.21,1.32,1.46,1.64,0.65,0.62,0.14,Resistência,0,0
2024-05-23,0.80,0.92,1.00,1.06,1.12,1.21,1.32,1.46,1.64,0.54,0.50,0.08,Zona de Consolidação,0,0
2024-05-24,0.80,0.92,1.00,1.06,1.12,1.21,1.32,1.46,1.64,0.38,0.24,0.00,Suporte,1,0
2024-05-28,0.80,0.92,1.00,1.06,1.12,1.21,1.32,1.46,1.64,0.38,0.24,0.00,Suporte,1,0
2024-05-29,0.80,0.92,1.00,1.06,1.12,1.21,1.32,1.46,1.64,0.38,0.24,0.00,Suporte,1,0
2024-05-30,0.80,0.92,1.00,1.06,1.12,1.21,1.32,1.46,1.64,0.77,0.62,0.02,Resistência,0,1
2024-05-31,0.80,0.93,1.01,1.08,1.14,1.23,1.35,1.50,1.69,1.00,1.00,0.27,Resistência Forte,0,1
2024-06-03,0.81,0.94,1.02,1.08,1.14,1.23,1.35,1.50,1.68,1.00,1.00,0.27,Resistência Forte,0,1
2024-06-04,0.81,0.94,1.02,1.08,1.14,1.23,1.35,1.50,1.68,0.46,0.38,0.04,Zona de Consolidação,0,0
2024-06-05,0.81,0.94,1.02,1.08,1.14,1.23,1.35,1.50,1.68,0.48,0.38,0.02,Zona de Consolidação,0,0
2024-06-06,0.83,0.95,1.03,1.09,1.15,1.24,1.35,1.49,1.67,0.35,0.24,0.03,Suporte,0,0
2024-06-07,0.83,0.95,1.03,1.09,1.15,1.24,1.35,1.49,1.67,0.62,0.62,0.17,Resistência,1,0
2024-06-10,0.83,0.95,1.03,1.09,1.15,1.24,1.35,1.49,1.67,0.62,0.62,0.17,Resistência,1,0
2024-06-11,0.83,0.95,1.03,1.09,1.15,1.24,1.35,1.49,1.67,0.19,0.00,0.05,Suporte Forte,0,0
2024-06-12,0.83,0.95,1.03,1.09,1.15,1.24,1.35,1.49,1.67,0.50,0.50,0.12,Zona de Consolidação,0,0
2024-06-13,0.70,0.85,0.95,1.02,1.10,1.21,1.35,1.53,1.75,0.35,0.24,0.03,Suporte,0,0
2024-06-14,0.70,0.85,0.95,1.02,1.10,1.21,1.35,1.53,1.75,0.31,0.24,0.07,Suporte,0,0
2024-06-17,0.70,0.85,0.95,1.02,1.10,1.21,1.35,1.53,1.75,0.37,0.24,0.01,Suporte,0,0
2024-06-18,0.70,0.85,0.95,1.02,1.10,1.21,1.35,1.53,1.75,0.29,0.24,0.09,Suporte,0,0
2024-06-20,0.70,0.85,0.95,1.02,1.10,1.21,1.35,1.53,1.75,0.29,0.24,0.09,Suporte,0,0
2024-06-21,0.70,0.85,0.95,1.02,1.10,1.21,1.35,1.53,1.75,0.15,0.00,0.09,Suporte Forte,0,0
2024-06-24,0.70,0.85,0.95,1.02,1.10,1.21,1.35,1.53,1.75,0.15,0.00,0.09,Suporte Forte,0,0
2024-06-25,0.70,0.85,0.95,1.02,1.10,1.21,1.35,1.53,1.75,0.14,0.00,0.10,Suporte Forte,0,0
2024-06-26,0.70,0.85,0.95,1.02,1.10,1.21,1.35,1.53,1.75,0.14,0.00,0.10,Suporte Forte,0,0
2024-06-27,0.70,0.85,0.95,1.02,1.10,1.21,1.35,1.53,1.75,0.15,0.00,0.09,Suporte Forte,0,0
2024-06-28,0.70,0.89,1.01,1.10,1.19,1.33,1.50,1.72,1.99,1.00,1.00,0.27,Resistência Forte,0,1
2024-07-01,0.70,0.89,1.01,1.10,1.19,1.33,1.50,1.72,1.99,0.14,0.00,0.10,Suporte Forte,0,0
2024-07-02,0.70,0.89,1.01,1.10,1.19,1.33,1.50,1.72,1.99,0.08,0.00,0.16,Suporte Forte,0,0
2024-07-03,0.70,0.89,1.01,1.10,1.19,1.33,1.50,1.72,1.99,0.19,0.00,0.05,Suporte Forte,0,0
2024-07-05,0.70,0.89,1.01,1.10,1.19,1.33,1.50,1.72,1.99,0.18,0.00,0.06,Suporte Forte,0,0
2024-07-08,0.63,0.84,0.96,1.06,1.17,1.31,1.50,1.74,2.04,0.22,0.00,0.02,Suporte Forte,0,0
2024-07-09,0.63,0.84,0.96,1.06,1.17,1.31,1.50,1.74,2.04,0.05,0.00,0.19,Suporte Forte,0,0
2024-07-10,0.63,0.84,0.96,1.06,1.17,1.31,1.50,1.74,2.04,0.14,0.00,0.10,Suporte Forte,0,0
2024-07-11,0.63,0.84,0.96,1.06,1.17,1.31,1.50,1.74,2.04,0.29,0.24,0.09,Suporte,0,0
2024-07-12,0.63,0.84,0.96,1.06,1.17,1.31,1.50,1.74,2.04,0.29,0.24,0.09,Suporte,0,0
2024-07-15,0.63,0.84,0.96,1.06,1.17,1.31,1.50,1.74,2.04,0.36,0.24,0.02,Suporte,0,0
2024-07-16,0.63,0.84,0.96,1.06,1.17,1.31,1.50,1.74,2.04,0.29,0.24,0.09,Suporte,0,0
2024-07-17,0.63,0.84,0.96,1.06,1.17,1.31,1.50,1.74,2.04,0.29,0.24,0.09,Suporte,0,0
2024-07-18,0.63,0.84,0.96,1.06,1.17,1.31,1.50,1.74,2.04,0.31,0.24,0.07,Suporte,0,0
2024-07-19,0.63,0.84,0.96,1.06,1.17,1.31,1.50,1.74,2.04,0.31,0.24,0.07,Suporte,0,0
2024-07-22,0.63,0.84,0.96,1.06,1.17,1.31,1.50,1.74,2.04,0.31,0.24,0.07,Suporte,0,0
2024-07-23,0.63,0.84,0.96,1.06,1.17,1.31,1.50,1.74,2.04,0.31,0.24,0.07,Suporte,0,0
2024-07-24,0.63,0.84,0.96,1.06,1.17,1.31,1.50,1.74,2.04,0.26,0.24,0.12,Suporte,0,0
2024-07-25,0.63,0.84,0.96,1.06,1.17,1.31,1.50,1.74,2.04,0.34,0.24,0.04,Suporte,0,0
2024-07-26,0.63,0.84,0.96,1.06,1.17,1.31,1.50,1.74,2.04,0.38,0.24,0.00,Suporte,1,0
2024-07-29,0.63,0.84,0.96,1.06,1.17,1.31,1.50,1.74,2.04,0.38,0.24,0.00,Suporte,1,0
2024-07-30,0.63,0.84,0.96,1.06,1.17,1.31,1.50,1.74,2.04,0.14,0.00,0.10,Suporte Forte,0,0
2024-07-31,0.63,0.86,1.00,1.12,1.23,1.39,1.60,1.86,2.20,1.00,1.00,0.27,Resistência Forte,0,1
2024-08-01,0.63,0.86,1.00,1.12,1.23,1.39,1.60,1.86,2.20,0.28,0.24,0.10,Suporte,0,0
2024-08-02,0.63,0.86,1.00,1.12,1.23,1.39,1.60,1.86,2.20,0.28,0.24,0.10,Suporte,0,0
2024-08-05,0.63,0.86,1.00,1.12,1.23,1.39,1.60,1.86,2.20,0.33,0.24,0.05,Suporte,0,0
2024-08-06,0.63,0.86,1.00,1.12,1.23,1.39,1.60,1.86,2.20,0.27,0.24,0.11,Suporte,0,0
2024-08-07,0.63,0.86,1.00,1.12,1.23,1.39,1.60,1.86,2.20,0.24,0.24,0.14,Suporte,0,0
2024-08-08,0.63,0.86,1.00,1.12,1.23,1.39,1.60,1.86,2.20,0.24,0.24,0.14,Suporte,0,0
2024-08-09,0.63,0.86,1.00,1.12,1.23,1.39,1.60,1.86,2.20,0.24,0.24,0.14,Suporte,0,0
2024-08-12,0.63,0.86,1.00,1.12,1.23,1.39,1.60,1.86,2.20,0.38,0.24,0.00,Suporte,1,0
2024-08-13,0.63,0.86,1.00,1.12,1.23,1.39,1.60,1.86,2.20,0.24,0.24,0.14,Suporte,0,0
2024-08-14,0.63,0.86,1.00,1.12,1.23,1.39,1.60,1.86,2.20,0.35,0.24,0.03,Suporte,0,0
2024-08-15,0.63,0.86,1.00,1.12,1.23,1.39,1.60,1.86,2.20,0.39,0.38,0.11,Zona de Consolidação,1,0
2024-08-16,0.63,0.86,1.00,1.12,1.23,1.39,1.60,1.86,2.20,0.15,0.00,0.09,Suporte Forte,0,0
2024-08-19,0.63,0.86,1.00,1.12,1.23,1.39,1.60,1.86,2.20,0.28,0.24,0.10,Suporte,0,0
2024-08-20,0.63,0.86,1.00,1.12,1.23,1.39,1.60,1.86,2.20,0.31,0.24,0.07,Suporte,0,0
2024-08-21,0.63,0.86,1.00,1.12,1.23,1.39,1.60,1.86,2.20,0.18,0.00,0.06,Suporte Forte,0,0
2024-08-22,0.63,0.86,1.00,1.12,1.23,1.39,1.60,1.86,2.20,0.28,0.24,0.10,Suporte,0,0
2024-08-23,0.63,0.86,1.00,1.12,1.23,1.39,1.60,1.86,2.20,0.23,0.00,0.01,Suporte Forte,0,0
2024-08-26,0.63,0.86,1.00,1.12,1.23,1.39,1.60,1.86,2.20,0.23,0.00,0.01,Suporte Forte,0,0
2024-08-27,0.63,0.86,1.00,1.12,1.23,1.39,1.60,1.86,2.20,0.36,0.24,0.02,Suporte,0,0
2024-08-28,0.63,0.86,1.00,1.12,1.23,1.39,1.60,1.86,2.20,0.36,0.24,0.02,Suporte,0,0
2024-08-29,0.63,0.86,1.00,1.12,1.23,1.39,1.60,1.86,2.20,0.36,0.24,0.02,Suporte,0,0
2024-08-30,0.63,0.86,1.00,1.12,1.23,1.39,1.60,1.86,2.20,0.73,0.62,0.06,Resistência,0,0
2024-09-03,0.63,0.86,1.00,1.12,1.23,1.39,1.60,1.86,2.20,0.35,0.24,0.03,Suporte,0,0
2024-09-04,0.63,0.86,1.00,1.12,1.23,1.39,1.60,1.86,2.20,0.35,0.24,0.03,Suporte,0,0
2024-09-05,0.63,0.86,1.00,1.12,1.23,1.39,1.60,1.86,2.20,0.23,0.00,0.01,Suporte Forte,0,0
2024-09-06,0.63,0.86,1.00,1.12,1.23,1.39,1.60,1.86,2.20,0.48,0.38,0.02,Zona de Consolidação,0,0
2024-09-09,0.63,0.86,1.00,1.12,1.23,1.39,1.60,1.86,2.20,0.48,0.38,0.02,Zona de Consolidação,0,0
2024-09-10,0.63,0.86,1.00,1.12,1.23,1.39,1.60,1.86,2.20,0.48,0.38,0.02,Zona de Consolidação,0,0
2024-09-11,0.63,0.86,1.00,1.12,1.23,1.39,1.60,1.86,2.20,0.48,0.38,0.02,Zona de Consolidação,0,0
2024-09-12,0.63,0.86,1.00,1.12,1.23,1.39,1.60,1.86,2.20,0.48,0.38,0.02,Zona de Consolidação,0,0
2024-09-13,0.63,0.86,1.00,1.12,1.23,1.39,1.60,1.86,2.20,0.48,0.38,0.02,Zona de Consolidação,0,0
2024-09-16,0.63,0.86,1.00,1.12,1.23,1.39,1.60,1.86,2.20,0.48,0.38,0.02,Zona de Consolidação,0,0
2024-09-17,0.66,0.88,1.02,1.13,1.24,1.40,1.60,1.86,2.18,0.23,0.00,0.01,Suporte Forte,0,0
2024-09-18,0.66,0.88,1.02,1.13,1.24,1.40,1.60,1.86,2.18,0.36,0.24,0.02,Suporte,0,0
2024-09-19,0.66,0.88,1.02,1.13,1.24,1.40,1.60,1.86,2.18,0.36,0.24,0.02,Suporte,0,0
2024-09-20,0.66,0.88,1.02,1.13,1.24,1.40,1.60,1.86,2.18,0.36,0.24,0.02,Suporte,0,0
2024-09-23,0.66,0.88,1.02,1.13,1.24,1.40,1.60,1.86,2.18,0.36,0.24,0.02,Suporte,0,0
2024-09-24,0.66,0.88,1.02,1.13,1.24,1.40,1.60,1.86,2.18,0.36,0.24,0.02,Suporte,0,0
2024-09-25,0.66,0.88,1.02,1.13,1.24,1.40,1.60,1.86,2.18,0.36,0.24,0.02,Suporte,0,0
2024-09-26,0.66,0.88,1.02,1.13,1.24,1.40,1.60,1.86,2.18,0.21,0.00,0.03,Suporte Forte,0,0
2024-09-27,0.66,0.88,1.02,1.13,1.24,1.40,1.60,1.86,2.18,0.21,0.00,0.03,Suporte Forte,0,0
2024-09-30,0.66,0.88,1.02,1.13,1.24,1.40,1.60,1.86,2.18,0.72,0.62,0.07,Resistência,0,0
2024-10-01,0.66,0.88,1.02,1.13,1.24,1.40,1.60,1.86,2.18,0.41,0.38,0.09,Zona de Consolidação,0,0
2024-10-02,0.66,0.88,1.02,1.13,1.24,1.40,1.60,1.86,2.18,0.41,0.38,0.09,Zona de Consolidação,0,0
2024-10-03,0.66,0.88,1.02,1.13,1.24,1.40,1.60,1.86,2.18,0.26,0.24,0.12,Suporte,0,0
2024-10-04,0.66,0.88,1.02,1.13,1.24,1.40,1.60,1.86,2.18,0.26,0.24,0.12,Suporte,0,0
2024-10-07,0.66,0.88,1.02,1.13,1.24,1.40,1.60,1.86,2.18,0.46,0.38,0.04,Zona de Consolidação,0,0
2024-10-08,0.66,0.88,1.02,1.13,1.24,1.40,1.60,1.86,2.18,0.46,0.38,0.04,Zona de Consolidação,0,0
2024-10-09,0.66,0.88,1.02,1.13,1.24,1.40,1.60,1.86,2.18,0.46,0.38,0.04,Zona de Consolidação,0,0
2024-10-10,0.66,0.82,0.92,1.00,1.08,1.19,1.34,1.52,1.76,0.97,0.79,0.03,Resistência Forte,0,0
2024-10-11,0.66,0.86,0.98,1.08,1.18,1.32,1.50,1.73,2.02,0.76,0.62,0.03,Resistência,0,0
2024-10-14,0.66,0.88,1.02,1.13,1.24,1.40,1.60,1.86,2.18,1.00,1.00,0.27,Resistência Forte,0,1
2024-10-15,0.66,0.88,1.02,1.13,1.24,1.40,1.60,1.86,2.18,0.73,0.62,0.06,Resistência,0,0
2024-10-16,0.66,0.88,1.02,1.13,1.24,1.40,1.60,1.86,2.18,0.68,0.62,0.11,Resistência,0,0
2024-10-17,0.66,0.88,1.02,1.13,1.24,1.40,1.60,1.86,2.18,0.68,0.62,0.11,Resistência,0,0
2024-10-18,0.66,0.88,1.02,1.13,1.24,1.40,1.60,1.86,2.18,0.68,0.62,0.11,Resistência,0,0
2024-10-21,0.66,0.88,1.02,1.13,1.24,1.40,1.60,1.86,2.18,0.68,0.62,0.11,Resistência,0,0
2024-10-22,0.66,0.88,1.02,1.13,1.24,1.40,1.60,1.86,2.18,0.68,0.62,0.11,Resistência,0,0
2024-10-23,0.71,0.92,1.05,1.16,1.26,1.41,1.60,1.84,2.15,0.66,0.62,0.13,Resistência,0,0
2024-10-24,0.71,0.92,1.05,1.16,1.26,1.41,1.60,1.84,2.15,0.49,0.38,0.01,Zona de Consolidação,0,0
2024-10-25,0.71,0.92,1.05,1.16,1.26,1.41,1.60,1.84,2.15,0.49,0.38,0.01,Zona de Consolidação,0,0
2024-10-28,0.71,0.92,1.05,1.16,1.26,1.41,1.60,1.84,2.15,0.49,0.38,0.01,Zona de Consolidação,0,0
2024-10-29,0.71,0.92,1.05,1.16,1.26,1.41,1.60,1.84,2.15,0.49,0.38,0.01,Zona de Consolidação,0,0
2024-10-30,0.71,0.92,1.05,1.16,1.26,1.41,1.60,1.84,2.15,0.54,0.50,0.08,Zona de Consolidação,0,0
2024-10-31,0.81,1.00,1.11,1.20,1.30,1.43,1.60,1.81,2.09,0.75,0.62,0.04,Resistência,0,0
2024-11-01,0.81,1.00,1.11,1.20,1.30,1.43,1.60,1.81,2.09,0.75,0.62,0.04,Resistência,0,0
2024-11-04,0.81,1.00,1.11,1.20,1.30,1.43,1.60,1.81,2.09,0.75,0.62,0.04,Resistência,0,0
2024-11-05,0.81,1.00,1.11,1.20,1.30,1.43,1.60,1.81,2.09,0.38,0.24,0.00,Suporte,1,0
2024-11-06,0.81,1.00,1.11,1.20,1.30,1.43,1.60,1.81,2.09,0.66,0.62,0.13,Resistência,0,0
2024-11-07,0.81,1.00,1.11,1.20,1.30,1.43,1.60,1.81,2.09,0.66,0.62,0.13,Resistência,0,0
2024-11-08,0.81,1.00,1.11,1.20,1.30,1.43,1.60,1.81,2.09,0.46,0.38,0.04,Zona de Consolidação,0,0
2024-11-11,0.85,1.03,1.14,1.23,1.31,1.44,1.60,1.80,2.06,0.43,0.38,0.07,Zona de Consolidação,0,0
2024-11-12,0.85,1.03,1.14,1.23,1.31,1.44,1.60,1.80,2.06,0.65,0.62,0.14,Resistência,0,0
2024-11-13,0.85,1.03,1.14,1.23,1.31,1.44,1.60,1.80,2.06,0.65,0.62,0.14,Resistência,0,0
2024-11-14,0.86,1.03,1.14,1.23,1.32,1.44,1.60,1.80,2.06,0.65,0.62,0.14,Resistência,0,0
2024-11-15,0.86,1.03,1.14,1.23,1.32,1.44,1.60,1.80,2.06,0.43,0.38,0.07,Zona de Consolidação,0,0
2024-11-18,0.86,1.03,1.14,1.23,1.32,1.44,1.60,1.80,2.06,0.36,0.24,0.02,Suporte,1,0
2024-11-19,0.86,1.03,1.14,1.23,1.32,1.44,1.60,1.80,2.06,0.36,0.24,0.02,Suporte,1,0
2024-11-20,0.86,1.03,1.14,1.23,1.32,1.44,1.60,1.80,2.06,0.46,0.38,0.04,Zona de Consolidação,0,0
2024-11-21,0.86,1.03,1.14,1.23,1.32,1.44,1.60,1.80,2.06,0.53,0.50,0.09,Zona de Consolidação,0,0
2024-11-22,0.86,1.03,1.14,1.23,1.32,1.44,1.60,1.80,2.06,0.53,0.50,0.09,Zona de Consolidação,0,0
2024-11-25,0.86,1.03,1.14,1.23,1.32,1.44,1.60,1.80,2.06,0.86,0.79,0.14,Resistência Forte,0,0
2024-11-26,0.86,1.03,1.14,1.23,1.32,1.44,1.60,1.80,2.06,0.53,0.50,0.09,Zona de Consolidação,0,0
2024-11-27,0.86,1.03,1.14,1.23,1.32,1.44,1.60,1.80,2.06,0.85,0.79,0.15,Resistência Forte,0,0
2024-11-29,0.86,1.03,1.14,1.23,1.32,1.44,1.60,1.80,2.06,0.85,0.79,0.15,Resistência Forte,0,0
2024-12-02,0.86,1.03,1.14,1.23,1.32,1.44,1.60,1.80,2.06,0.65,0.62,0.14,Resistência,0,0
2024-12-03,0.86,1.03,1.14,1.23,1.32,1.44,1.60,1.80,2.06,0.53,0.50,0.09,Zona de Consolidação,0,0
2024-12-04,0.86,1.03,1.14,1.23,1.32,1.44,1.60,1.80,2.06,0.69,0.62,0.10,Resistência,0,0
2024-12-05,0.86,1.03,1.14,1.23,1.32,1.44,1.60,1.80,2.06,0.80,0.79,0.20,Resistência Forte,0,1
2024-12-06,0.86,1.03,1.14,1.23,1.32,1.44,1.60,1.80,2.06,0.82,0.79,0.18,Resistência Forte,0,0
2024-12-09,0.90,1.07,1.17,1.25,1.33,1.45,1.60,1.79,2.03,0.67,0.62,0.12,Resistência,0,0
2024-12-10,0.90,1.07,1.17,1.25,1.33,1.45,1.60,1.79,2.03,0.54,0.50,0.08,Zona de Consolidação,0,0
2024-12-11,0.90,1.07,1.17,1.25,1.33,1.45,1.60,1.79,2.03,0.69,0.62,0.10,Resistência,0,0
2024-12-12,0.90,1.07,1.17,1.25,1.33,1.45,1.60,1.79,2.03,0.69,0.62,0.10,Resistência,0,0
2024-12-13,0.90,1.07,1.17,1.25,1.33,1.45,1.60,1.79,2.03,0.64,0.62,0.15,Resistência,0,0
2024-12-16,1.02,1.16,1.24,1.31,1.38,1.48,1.60,1.76,1.96,0.67,0.62,0.12,Resistência,0,0
2024-12-17,1.02,1.16,1.24,1.31,1.38,1.48,1.60,1.76,1.96,0.67,0.62,0.12,Resistência,0,0
2024-12-18,1.02,1.16,1.24,1.31,1.38,1.48,1.60,1.76,1.96,0.22,0.00,0.02,Suporte Forte,0,0
2024-12-19,1.02,1.16,1.24,1.31,1.38,1.48,1.60,1.76,1.96,0.57,0.50,0.05,Zona de Consolidação,0,0
2024-12-20,1.02,1.16,1.24,1.31,1.38,1.48,1.60,1.76,1.96,0.31,0.24,0.07,Suporte,0,0
2024-12-23,1.02,1.16,1.24,1.31,1.38,1.48,1.60,1.76,1.96,0.60,0.50,0.02,Zona de Consolidação,1,0
2024-12-24,1.02,1.13,1.20,1.26,1.32,1.40,1.50,1.63,1.80,0.73,0.62,0.06,Resistência,0,0
2024-12-26,1.02,1.13,1.20,1.26,1.32,1.40,1.50,1.63,1.80,0.73,0.62,0.06,Resistência,0,0
2024-12-27,1.02,1.13,1.20,1.26,1.32,1.40,1.50,1.63,1.80,0.46,0.38,0.04,Zona de Consolidação,0,0
2024-12-30,1.02,1.13,1.20,1.26,1.32,1.40,1.50,1.63,1.80,0.46,0.38,0.04,Zona de Consolidação,0,0
2024-12-31,1.02,1.13,1.20,1.26,1.32,1.40,1.50,1.63,1.80,0.90,0.79,0.10,Resistência Forte,0,0
2025-01-02,1.02,1.13,1.20,1.26,1.32,1.40,1.50,1.63,1.80,0.08,0.00,0.16,Suporte Forte,0,0
2025-01-03,1.02,1.13,1.20,1.26,1.32,1.40,1.50,1.63,1.80,0.02,0.00,0.22,Suporte Forte,0,0
2025-01-06,1.02,1.13,1.20,1.26,1.32,1.40,1.50,1.63,1.80,0.15,0.00,0.09,Suporte Forte,0,0
2025-01-07,0.87,1.02,1.11,1.18,1.26,1.37,1.50,1.67,1.89,0.00,0.00,0.24,Suporte Forte,0,0
2025-01-08,0.87,1.02,1.11,1.18,1.26,1.37,1.50,1.67,1.89,0.00,0.00,0.24,Suporte Forte,0,0
2025-01-10,0.87,1.02,1.11,1.18,1.26,1.37,1.50,1.67,1.89,0.00,0.00,0.24,Suporte Forte,0,0
2025-01-13,0.87,1.02,1.11,1.18,1.26,1.37,1.50,1.67,1.89,0.00,0.00,0.24,Suporte Forte,0,0
2025-01-14,0.87,1.02,1.11,1.18,1.26,1.37,1.50,1.67,1.89,0.00,0.00,0.24,Suporte Forte,0,0
2025-01-15,0.87,1.02,1.11,1.18,1.26,1.37,1.50,1.67,1.89,0.00,0.00,0.24,Suporte Forte,0,0
2025-01-16,0.77,0.94,1.05,1.14,1.22,1.34,1.50,1.70,1.95,0.04,0.00,0.20,Suporte Forte,0,0
2025-01-17,0.70,0.89,1.01,1.10,1.19,1.33,1.50,1.72,1.99,0.09,0.00,0.15,Suporte Forte,0,0
2025-01-21,0.70,0.89,1.01,1.10,1.19,1.33,1.50,1.72,1.99,0.09,0.00,0.15,Suporte Forte,0,0
2025-01-22,0.70,0.89,1.01,1.10,1.19,1.33,1.50,1.72,1.99,0.35,0.24,0.03,Suporte,0,0
2025-01-23,0.70,0.89,1.01,1.10,1.19,1.33,1.50,1.72,1.99,0.29,0.24,0.09,Suporte,0,0
2025-01-24,0.70,0.89,1.01,1.10,1.19,1.33,1.50,1.72,1.99,0.29,0.24,0.09,Suporte,0,0
2025-01-27,0.70,0.89,1.01,1.10,1.19,1.33,1.50,1.72,1.99,0.26,0.24,0.12,Suporte,0,0
2025-01-28,0.70,0.89,1.01,1.10,1.19,1.33,1.50,1.72,1.99,0.31,0.24,0.07,Suporte,0,0
2025-01-29,0.70,0.89,1.01,1.10,1.19,1.33,1.50,1.72,1.99,0.35,0.24,0.03,Suporte,0,0
2025-01-30,0.70,0.89,1.01,1.10,1.19,1.33,1.50,1.72,1.99,0.19,0.00,0.05,Suporte Forte,0,0
2025-01-31,0.70,0.89,1.01,1.10,1.19,1.33,1.50,1.72,1.99,0.84,0.79,0.16,Resistência Forte,0,0
2025-02-03,0.70,0.89,1.01,1.10,1.19,1.33,1.50,1.72,1.99,0.84,0.79,0.16,Resistência Forte,0,0
2025-02-04,0.70,0.89,1.01,1.10,1.19,1.33,1.50,1.72,1.99,0.84,0.79,0.16,Resistência Forte,0,0
2025-02-05,0.70,0.89,1.01,1.10,1.19,1.33,1.50,1.72,1.99,0.40,0.38,0.10,Zona de Consolidação,1,0
2025-02-06,0.70,0.89,1.01,1.10,1.19,1.33,1.50,1.72,1.99,0.40,0.38,0.10,Zona de Consolidação,1,0
2025-02-07,0.70,0.89,1.01,1.10,1.19,1.33,1.50,1.72,1.99,0.20,0.00,0.04,Suporte Forte,0,0
2025-02-10,0.70,0.89,1.01,1.10,1.19,1.33,1.50,1.72,1.99,0.20,0.00,0.04,Suporte Forte,0,0
2025-02-11,0.70,0.89,1.01,1.10,1.19,1.33,1.50,1.72,1.99,0.20,0.00,0.04,Suporte Forte,0,0
2025-02-12,0.70,0.89,1.01,1.10,1.19,1.33,1.50,1.72,1.99,0.38,0.24,0.00,Suporte,1,0
2025-02-13,0.70,0.89,1.01,1.10,1.19,1.33,1.50,1.72,1.99,0.19,0.00,0.05,Suporte Forte,0,0
2025-02-14,0.70,0.89,1.01,1.10,1.19,1.33,1.50,1.72,1.99,0.20,0.00,0.04,Suporte Forte,0,0
2025-02-18,0.70,0.89,1.01,1.10,1.19,1.33,1.50,1.72,1.99,0.19,0.00,0.05,Suporte Forte,0,0
2025-02-19,0.70,0.89,1.01,1.10,1.19,1.33,1.50,1.72,1.99,0.19,0.00,0.05,Suporte Forte,0,0
2025-02-20,0.70,0.89,1.01,1.10,1.19,1.33,1.50,1.72,1.99,0.13,0.00,0.11,Suporte Forte,0,0
2025-02-21,0.70,0.89,1.01,1.10,1.19,1.33,1.50,1.72,1.99,0.10,0.00,0.14,Suporte Forte,0,0
2025-02-24,0.70,0.89,1.01,1.10,1.19,1.33,1.50,1.72,1.99,0.35,0.24,0.03,Suporte,0,0
2025-02-25,0.70,0.89,1.01,1.10,1.19,1.33,1.50,1.72,1.99,0.35,0.24,0.03,Suporte,0,0
2025-02-26,0.70,0.89,1.01,1.10,1.19,1.33,1.50,1.72,1.99,0.25,0.24,0.13,Suporte,0,0
2025-02-27,0.70,0.89,1.01,1.10,1.19,1.33,1.50,1.72,1.99,0.32,0.24,0.06,Suporte,0,0
2025-02-28,0.70,0.89,1.01,1.10,1.19,1.33,1.50,1.72,1.99,0.64,0.62,0.15,Resistência,0,0
2025-03-03,0.70,0.89,1.01,1.10,1.19,1.33,1.50,1.72,1.99,0.44,0.38,0.06,Zona de Consolidação,0,0
2025-03-04,0.70,0.89,1.01,1.10,1.19,1.33,1.50,1.72,1.99,0.44,0.38,0.06,Zona de Consolidação,0,0
2025-03-05,0.70,0.89,1.01,1.10,1.19,1.33,1.50,1.72,1.99,0.44,0.38,0.06,Zona de Consolidação,0,0
2025-03-06,0.70,0.89,1.01,1.10,1.19,1.33,1.50,1.72,1.99,0.35,0.24,0.03,Suporte,0,0
2025-03-07,0.70,0.89,1.01,1.10,1.19,1.33,1.50,1.72,1.99,0.14,0.00,0.10,Suporte Forte,0,0
2025-03-10,0.70,0.89,1.01,1.10,1.19,1.33,1.50,1.72,1.99,0.38,0.24,0.00,Suporte,1,0
2025-03-11,0.70,0.89,1.01,1.10,1.19,1.33,1.50,1.72,1.99,0.34,0.24,0.04,Suporte,0,0
2025-03-12,0.70,0.89,1.01,1.10,1.19,1.33,1.50,1.72,1.99,0.30,0.24,0.08,Suporte,0,0
2025-03-13,0.70,0.89,1.01,1.10,1.19,1.33,1.50,1.72,1.99,0.23,0.00,0.01,Suporte Forte,0,0
2025-03-14,0.70,0.89,1.01,1.10,1.19,1.33,1.50,1.72,1.99,0.28,0.24,0.10,Suporte,0,0
2025-03-17,0.70,0.86,0.96,1.04,1.11,1.23,1.37,1.55,1.78,0.33,0.24,0.05,Suporte,0,0
2025-03-18,0.70,0.86,0.96,1.04,1.11,1.23,1.37,1.55,1.78,0.33,0.24,0.05,Suporte,0,0
2025-03-19,0.70,0.86,0.96,1.04,1.11,1.23,1.37,1.55,1.78,0.33,0.24,0.05,Suporte,0,0
2025-03-20,0.70,0.86,0.96,1.04,1.11,1.23,1.37,1.55,1.78,0.33,0.24,0.05,Suporte,0,0
2025-03-21,0.70,0.86,0.96,1.04,1.11,1.23,1.37,1.55,1.78,0.33,0.24,0.05,Suporte,0,0
2025-03-24,0.70,0.86,0.96,1.04,1.11,1.23,1.37,1.55,1.78,0.33,0.24,0.05,Suporte,0,0
2025-03-25,0.70,0.86,0.96,1.04,1.11,1.23,1.37,1.55,1.78,0.33,0.24,0.05,Suporte,0,0
2025-03-26,0.70,0.86,0.96,1.04,1.11,1.23,1.37,1.55,1.78,0.45,0.38,0.05,Zona de Consolidação,0,0
2025-03-27,0.70,0.86,0.96,1.04,1.11,1.23,1.37,1.55,1.78,0.45,0.38,0.05,Zona de Consolidação,0,0
2025-03-28,0.70,0.86,0.96,1.04,1.11,1.23,1.37,1.55,1.78,0.81,0.79,0.19,Resistência Forte,0,1
2025-03-31,0.70,0.86,0.96,1.04,1.11,1.23,1.37,1.55,1.78,0.82,0.79,0.18,Resistência Forte,0,0
2025-04-01,0.74,0.89,0.98,1.06,1.13,1.24,1.37,1.54,1.76,0.48,0.38,0.02,Zona de Consolidação,0,0
2025-04-02,0.74,0.89,0.98,1.06,1.13,1.24,1.37,1.54,1.76,0.48,0.38,0.02,Zona de Consolidação,0,0
2025-04-03,0.74,0.89,0.98,1.06,1.13,1.24,1.37,1.54,1.76,0.48,0.38,0.02,Zona de Consolidação,0,0
2025-04-04,0.74,0.89,0.98,1.06,1.13,1.24,1.37,1.54,1.76,0.43,0.38,0.07,Zona de Consolidação,0,0
2025-04-07,0.74,0.89,0.98,1.06,1.13,1.24,1.37,1.54,1.76,0.43,0.38,0.07,Zona de Consolidação,0,0
2025-04-08,0.74,0.89,0.98,1.06,1.13,1.24,1.37,1.54,1.76,0.43,0.38,0.07,Zona de Consolidação,0,0
2025-04-09,0.74,0.89,0.98,1.06,1.13,1.24,1.37,1.54,1.76,0.43,0.38,0.07,Zona de Consolidação,0,0
2025-04-10,0.74,0.89,0.98,1.06,1.13,1.24,1.37,1.54,1.76,0.43,0.38,0.07,Zona de Consolidação,0,0
2025-04-11,0.74,0.89,0.98,1.06,1.13,1.24,1.37,1.54,1.76,0.43,0.38,0.07,Zona de Consolidação,0,0
2025-04-14,0.74,0.89,0.98,1.06,1.13,1.24,1.37,1.54,1.76,0.43,0.38,0.07,Zona de Consolidação,0,0
2025-04-15,0.74,0.89,0.98,1.06,1.13,1.24,1.37,1.54,1.76,0.43,0.38,0.07,Zona de Consolidação,0,0
2025-04-16,0.74,0.87,0.95,1.01,1.07,1.16,1.28,1.43,1.61,0.50,0.50,0.12,Zona de Consolidação,0,0
2025-04-17,0.74,0.87,0.95,1.01,1.07,1.16,1.28,1.43,1.61,0.50,0.50,0.12,Zona de Consolidação,0,0
2025-04-21,0.74,0.87,0.95,1.01,1.07,1.16,1.28,1.43,1.61,0.50,0.50,0.12,Zona de Consolidação,0,0
2025-04-22,0.74,0.87,0.95,1.01,1.07,1.16,1.28,1.43,1.61,0.50,0.50,0.12,Zona de Consolidação,0,0
2025-04-23,0.74,0.87,0.95,1.01,1.07,1.16,1.28,1.43,1.61,0.50,0.50,0.12,Zona de Consolidação,0,0
2025-04-24,0.74,0.87,0.95,1.01,1.07,1.16,1.28,1.43,1.61,0.50,0.50,0.12,Zona de Consolidação,0,0
2025-04-25,0.74,0.87,0.95,1.01,1.07,1.16,1.28,1.43,1.61,0.50,0.50,0.12,Zona de Consolidação,0,0
2025-04-28,0.74,0.87,0.95,1.01,1.07,1.16,1.28,1.43,1.61,0.50,0.50,0.12,Zona de Consolidação,0,0
2025-04-29,0.74,0.87,0.95,1.01,1.07,1.16,1.28,1.43,1.61,0.50,0.50,0.12,Zona de Consolidação,0,0
2025-04-30,0.74,0.87,0.95,1.01,1.07,1.16,1.28,1.43,1.61,0.76,0.62,0.03,Resistência,0,1
2025-05-01,0.74,0.87,0.95,1.01,1.07,1.16,1.28,1.43,1.61,0.76,0.62,0.03,Resistência,0,1
2025-05-02,0.74,0.87,0.95,1.01,1.07,1.16,1.28,1.43,1.61,0.76,0.62,0.03,Resistência,0,1
2025-05-05,0.74,0.87,0.95,1.01,1.07,1.16,1.28,1.43,1.61,0.76,0.62,0.03,Resistência,0,1
2025-05-06,0.74,0.87,0.95,1.01,1.07,1.16,1.28,1.43,1.61,0.76,0.62,0.03,Resistência,0,1
2025-05-07,0.74,0.87,0.95,1.01,1.07,1.16,1.28,1.43,1.61,0.76,0.62,0.03,Resistência,0,1
2025-05-08,0.74,0.86,0.93,1.00,1.06,1.14,1.25,1.39,1.57,0.80,0.79,0.20,Resistência Forte,0,1
2025-05-09,0.74,0.86,0.93,1.00,1.06,1.14,1.25,1.39,1.57,0.80,0.79,0.20,Resistência Forte,0,1
2025-05-12,0.77,0.88,0.95,1.01,1.07,1.15,1.25,1.38,1.55,0.79,0.79,0.21,Resistência Forte,0,1
2025-05-13,0.77,0.88,0.95,1.01,1.07,1.15,1.25,1.38,1.55,0.79,0.79,0.21,Resistência Forte,0,1
2025-05-14,0.77,0.88,0.95,1.01,1.07,1.15,1.25,1.38,1.55,0.79,0.79,0.21,Resistência Forte,0,1
2025-05-15,0.77,0.88,0.95,1.01,1.07,1.15,1.25,1.38,1.55,0.79,0.79,0.21,Resistência Forte,0,1
2025-05-16,0.77,0.88,0.95,1.01,1.07,1.15,1.25,1.38,1.55,0.79,0.79,0.21,Resistência Forte,0,1
2025-05-19,0.79,0.90,0.97,1.02,1.07,1.15,1.25,1.38,1.53,0.78,0.62,0.01,Resistência,0,1
2025-05-20,0.79,0.90,0.97,1.02,1.07,1.15,1.25,1.38,1.53,0.78,0.62,0.01,Resistência,0,1
2025-05-21,0.79,0.90,0.97,1.02,1.07,1.15,1.25,1.38,1.53,0.78,0.62,0.01,Resistência,0,1
2025-05-22,0.81,0.91,0.98,1.03,1.08,1.16,1.25,1.37,1.52,0.77,0.62,0.02,Resistência,0,1
2025-05-23,0.84,0.94,1.00,1.04,1.09,1.16,1.25,1.36,1.50,0.76,0.62,0.03,Resistência,0,1
2025-05-27,0.85,0.94,1.00,1.05,1.10,1.16,1.25,1.36,1.50,0.75,0.62,0.04,Resistência,0,1
2025-05-28,0.85,0.94,1.00,1.05,1.10,1.16,1.25,1.36,1.50,0.75,0.62,0.04,Resistência,0,1
2025-05-29,0.85,0.94,1.00,1.05,1.10,1.16,1.25,1.36,1.50,1.00,1.00,0.27,Resistência Forte,0,1
2025-05-30,0.85,0.94,1.00,1.05,1.10,1.16,1.25,1.36,1.50,1.00,1.00,0.27,Resistência Forte,0,1
2025-06-02,0.85,0.94,1.00,1.05,1.10,1.16,1.25,1.36,1.50,1.00,1.00,0.27,Resistência Forte,0,1
2025-06-03,0.85,0.94,1.00,1.05,1.10,1.16,1.25,1.36,1.50,1.00,1.00,0.27,Resistência Forte,0,1
2025-06-04,0.85,0.94,1.00,1.05,1.10,1.16,1.25,1.36,1.50,1.00,1.00,0.27,Resistência Forte,0,1
2025-06-05,0.85,0.94,1.00,1.05,1.10,1.16,1.25,1.36,1.50,1.00,1.00,0.27,Resistência Forte,0,1
2025-06-06,0.85,0.94,1.00,1.05,1.10,1.16,1.25,1.36,1.50,1.00,1.00,0.27,Resistência Forte,0,1
2025-06-09,0.85,0.94,1.00,1.05,1.10,1.16,1.25,1.36,1.50,1.00,1.00,0.27,Resistência Forte,0,1
2025-06-10,0.85,0.94,1.00,1.05,1.10,1.16,1.25,1.36,1.50,1.00,1.00,0.27,Resistência Forte,0,1
2025-06-11,0.85,0.94,1.00,1.05,1.10,1.16,1.25,1.36,1.50,0.75,0.62,0.04,Resistência,0,1
2025-06-12,0.85,0.94,1.00,1.05,1.10,1.16,1.25,1.36,1.50,0.75,0.62,0.04,Resistência,0,1
2025-06-13,0.85,0.94,1.00,1.05,1.10,1.16,1.25,1.36,1.50,0.95,0.79,0.05,Resistência Forte,0,0
2025-06-16,0.85,0.94,1.00,1.05,1.10,1.16,1.25,1.36,1.50,0.95,0.79,0.05,Resistência Forte,0,0
2025-06-17,0.90,0.98,1.03,1.08,1.12,1.18,1.25,1.35,1.47,0.94,0.79,0.06,Resistência Forte,0,0
2025-06-18,0.90,0.98,1.03,1.08,1.12,1.18,1.25,1.35,1.47,0.94,0.79,0.06,Resistência Forte,0,0
2025-06-20,0.80,0.91,0.97,1.02,1.08,1.15,1.25,1.37,1.53,0.00,0.00,0.24,Suporte Forte,0,0
2025-06-23,0.80,0.91,0.97,1.02,1.08,1.15,1.25,1.37,1.53,0.00,0.00,0.24,Suporte Forte,0,0
2025-06-24,0.80,0.91,0.97,1.02,1.08,1.15,1.25,1.37,1.53,0.42,0.38,0.08,Zona de Consolidação,0,0
2025-06-25,0.80,0.91,0.97,1.02,1.08,1.15,1.25,1.37,1.53,0.42,0.38,0.08,Zona de Consolidação,0,0
2025-06-26,0.80,0.91,0.97,1.02,1.08,1.15,1.25,1.37,1.53,0.42,0.38,0.08,Zona de Consolidação,0,0
2025-06-27,0.80,0.91,0.97,1.02,1.08,1.15,1.25,1.37,1.53,0.42,0.38,0.08,Zona de Consolidação,0,0
2025-06-30,0.80,0.91,0.97,1.02,1.08,1.15,1.25,1.37,1.53,1.00,1.00,0.27,Resistência Forte,0,1
2025-07-01,0.80,0.91,0.97,1.02,1.08,1.15,1.25,1.37,1.53,0.89,0.79,0.11,Resistência Forte,0,0
2025-07-02,0.73,0.85,0.93,0.99,1.05,1.14,1.25,1.39,1.57,0.98,0.79,0.02,Resistência Forte,0,1
2025-07-03,0.73,0.85,0.93,0.99,1.05,1.14,1.25,1.39,1.57,0.98,0.79,0.02,Resistência Forte,0,1
2025-07-07,0.73,0.85,0.93,0.99,1.05,1.14,1.25,1.39,1.57,0.98,0.79,0.02,Resistência Forte,0,1
2025-07-08,0.73,0.85,0.93,0.99,1.05,1.14,1.25,1.39,1.57,0.98,0.79,0.02,Resistência Forte,0,1
2025-07-09,0.73,0.85,0.93,0.99,1.05,1.14,1.25,1.39,1.57,0.98,0.79,0.02,Resistência Forte,0,1
2025-07-10,0.73,0.85,0.93,0.99,1.05,1.14,1.25,1.39,1.57,0.98,0.79,0.02,Resistência Forte,0,1
2025-07-11,0.73,0.85,0.93,0.99,1.05,1.14,1.25,1.39,1.57,0.98,0.79,0.02,Resistência Forte,0,1
2025-07-14,0.73,0.85,0.93,0.99,1.05,1.14,1.25,1.39,1.57,0.98,0.79,0.02,Resistência Forte,0,1
2025-07-15,0.73,0.85,0.93,0.99,1.05,1.14,1.25,1.39,1.57,0.98,0.79,0.02,Resistência Forte,0,1
2025-07-16,0.73,0.85,0.93,0.99,1.05,1.14,1.25,1.39,1.57,0.98,0.79,0.02,Resistência Forte,0,1
2025-07-17,0.73,0.85,0.93,0.99,1.05,1.14,1.25,1.39,1.57,0.98,0.79,0.02,Resistência Forte,0,1
2025-07-18,0.73,0.85,0.93,0.99,1.05,1.14,1.25,1.39,1.57,0.98,0.79,0.02,Resistência Forte,0,1
2025-07-21,0.73,0.85,0.93,0.99,1.05,1.14,1.25,1.39,1.57,0.98,0.79,0.02,Resistência Forte,0,1
2025-07-22,0.73,0.85,0.93,0.99,1.05,1.14,1.25,1.39,1.57,0.52,0.50,0.10,Zona de Consolidação,0,0
2025-07-23,0.73,0.85,0.93,0.99,1.05,1.14,1.25,1.39,1.57,0.92,0.79,0.08,Resistência Forte,0,0
2025-07-24,0.73,0.85,0.93,0.99,1.05,1.14,1.25,1.39,1.57,0.92,0.79,0.08,Resistência Forte,0,0
2025-07-25,0.73,0.85,0.93,0.99,1.05,1.14,1.25,1.39,1.57,0.92,0.79,0.08,Resistência Forte,0,0
2025-07-28,0.73,0.85,0.93,0.99,1.05,1.14,1.25,1.39,1.57,0.92,0.79,0.08,Resistência Forte,0,0
2025-07-29,0.73,0.85,0.93,0.99,1.05,1.14,1.25,1.39,1.57,0.92,0.79,0.08,Resistência Forte,0,0
2025-07-30,0.73,0.85,0.93,0.99,1.05,1.14,1.25,1.39,1.57,0.92,0.79,0.08,Resistência Forte,0,0
2025-07-31,0.73,0.85,0.93,0.99,1.05,1.14,1.25,1.39,1.57,1.00,1.00,0.27,Resistência Forte,0,1
2025-08-01,0.73,0.85,0.93,0.99,1.05,1.14,1.25,1.39,1.57,1.00,1.00,0.27,Resistência Forte,0,1
2025-08-04,0.73,0.85,0.93,0.99,1.05,1.14,1.25,1.39,1.57,0.52,0.50,0.10,Zona de Consolidação,0,0
2025-08-05,0.73,0.85,0.93,0.99,1.05,1.14,1.25,1.39,1.57,0.52,0.50,0.10,Zona de Consolidação,0,0
2025-08-06,0.73,0.85,0.93,0.99,1.05,1.14,1.25,1.39,1.57,0.73,0.62,0.06,Resistência,0,0
2025-08-07,0.73,0.85,0.93,0.99,1.05,1.14,1.25,1.39,1.57,0.73,0.62,0.06,Resistência,0,0
2025-08-08,0.73,0.85,0.93,0.99,1.05,1.14,1.25,1.39,1.57,0.73,0.62,0.06,Resistência,0,0
2025-08-11,0.73,0.85,0.93,0.99,1.05,1.14,1.25,1.39,1.57,0.73,0.62,0.06,Resistência,0,0
2025-08-12,0.73,0.85,0.93,0.99,1.05,1.14,1.25,1.39,1.57,0.73,0.62,0.06,Resistência,0,0
2025-08-13,0.73,0.85,0.93,0.99,1.05,1.14,1.25,1.39,1.57,0.73,0.62,0.06,Resistência,0,0
2025-08-14,0.73,0.85,0.93,0.99,1.05,1.14,1.25,1.39,1.57,0.73,0.62,0.06,Resistência,0,0
2025-08-15,0.73,0.85,0.93,0.99,1.05,1.14,1.25,1.39,1.57,0.73,0.62,0.06,Resistência,0,0
2025-08-18,0.72,0.85,0.92,0.98,1.05,1.14,1.25,1.39,1.58,0.00,0.00,0.24,Suporte Forte,0,0
2025-08-19,0.72,0.85,0.92,0.98,1.05,1.14,1.25,1.39,1.58,0.00,0.00,0.24,Suporte Forte,0,0
2025-08-20,0.72,0.85,0.92,0.98,1.05,1.14,1.25,1.39,1.58,0.00,0.00,0.24,Suporte Forte,0,0
2025-08-21,0.72,0.85,0.92,0.98,1.05,1.14,1.25,1.39,1.58,0.91,0.79,0.09,Resistência Forte,0,0
2025-08-22,0.72,0.85,0.92,0.98,1.05,1.14,1.25,1.39,1.58,0.91,0.79,0.09,Resistência Forte,0,0
2025-08-25,0.72,0.85,0.92,0.98,1.05,1.14,1.25,1.39,1.58,0.91,0.79,0.09,Resistência Forte,0,0
2025-08-26,0.72,0.85,0.92,0.98,1.05,1.14,1.25,1.39,1.58,0.91,0.79,0.09,Resistência Forte,0,0
2025-08-27,0.72,0.85,0.92,0.98,1.05,1.14,1.25,1.39,1.58,0.91,0.79,0.09,Resistência Forte,0,0
2025-08-28,0.72,0.85,0.92,0.98,1.05,1.14,1.25,1.39,1.58,0.91,0.79,0.09,Resistência Forte,0,0
2025-08-29,0.72,0.85,0.92,0.98,1.05,1.14,1.25,1.39,1.58,0.81,0.79,0.19,Resistência Forte,0,1
2025-09-02,0.72,0.85,0.92,0.98,1.05,1.14,1.25,1.39,1.58,0.81,0.79,0.19,Resistência Forte,0,1
2025-09-03,0.72,0.85,0.92,0.98,1.05,1.14,1.25,1.39,1.58,0.81,0.79,0.19,Resistência Forte,0,1
2025-09-04,0.72,0.85,0.92,0.98,1.05,1.14,1.25,1.39,1.58,0.81,0.79,0.19,Resistência Forte,0,1
2025-09-05,0.72,0.85,0.92,0.98,1.05,1.14,1.25,1.39,1.58,0.81,0.79,0.19,Resistência Forte,0,1
2025-09-08,0.72,0.85,0.92,0.98,1.05,1.14,1.25,1.39,1.58,0.81,0.79,0.19,Resistência Forte,0,1
2025-09-09,0.72,0.85,0.92,0.98,1.05,1.14,1.25,1.39,1.58,0.51,0.50,0.11,Zona de Consolidação,0,0
2025-09-10,0.72,0.85,0.92,0.98,1.05,1.14,1.25,1.39,1.58,0.28,0.24,0.10,Suporte,0,0
2025-09-11,0.72,0.85,0.92,0.98,1.05,1.14,1.25,1.39,1.58,0.19,0.00,0.05,Suporte Forte,0,0
2025-09-12,0.68,0.81,0.90,0.97,1.03,1.13,1.25,1.41,1.60,0.12,0.00,0.12,Suporte Forte,0,0
2025-09-15,0.51,0.68,0.79,0.88,0.97,1.09,1.25,1.45,1.71,0.53,0.50,0.09,Zona de Consolidação,0,0
2025-09-16,0.51,0.68,0.79,0.88,0.97,1.09,1.25,1.45,1.71,0.47,0.38,0.03,Zona de Consolidação,0,0
2025-09-17,0.51,0.68,0.79,0.88,0.97,1.09,1.25,1.45,1.71,0.47,0.38,0.03,Zona de Consolidação,0,0
2025-09-18,0.51,0.68,0.79,0.88,0.97,1.09,1.25,1.45,1.71,0.49,0.38,0.01,Zona de Consolidação,0,0
2025-09-19,0.51,0.68,0.79,0.88,0.97,1.09,1.25,1.45,1.71,0.49,0.38,0.01,Zona de Consolidação,0,0
2025-09-22,0.51,0.68,0.79,0.88,0.97,1.09,1.25,1.45,1.71,0.49,0.38,0.01,Zona de Consolidação,0,0
2025-09-23,0.51,0.68,0.79,0.88,0.97,1.09,1.25,1.45,1.71,0.47,0.38,0.03,Zona de Consolidação,0,0
2025-09-24,0.51,0.68,0.79,0.88,0.97,1.09,1.25,1.45,1.71,0.51,0.50,0.11,Zona de Consolidação,0,0
2025-09-25,0.51,0.68,0.79,0.88,0.97,1.09,1.25,1.45,1.71,0.51,0.50,0.11,Zona de Consolidação,0,0
2025-09-26,0.51,0.68,0.79,0.88,0.97,1.09,1.25,1.45,1.71,0.50,0.50,0.12,Zona de Consolidação,0,0
2025-09-29,0.51,0.68,0.79,0.88,0.97,1.09,1.25,1.45,1.71,0.50,0.50,0.12,Zona de Consolidação,0,0
2025-09-30,0.51,0.68,0.79,0.88,0.97,1.09,1.25,1.45,1.71,0.50,0.50,0.12,Zona de Consolidação,0,0
2025-10-01,0.51,0.68,0.79,0.88,0.97,1.09,1.25,1.45,1.71,0.54,0.50,0.08,Zona de Consolidação,0,0
2025-10-02,0.51,0.68,0.79,0.88,0.97,1.09,1.25,1.45,1.71,0.54,0.50,0.08,Zona de Consolidação,0,0
2025-10-03,0.51,0.68,0.79,0.88,0.97,1.09,1.25,1.45,1.71,0.14,0.00,0.10,Suporte Forte,0,0
2025-10-06,0.51,0.68,0.79,0.88,0.97,1.09,1.25,1.45,1.71,0.39,0.38,0.11,Zona de Consolidação,0,0
2025-10-07,0.51,0.68,0.79,0.88,0.97,1.09,1.25,1.45,1.71,0.64,0.62,0.15,Resistência,0,0
2025-10-08,0.51,0.68,0.79,0.88,0.97,1.09,1.25,1.45,1.71,0.41,0.38,0.09,Zona de Consolidação,0,0
2025-10-09,0.51,0.68,0.79,0.88,0.97,1.09,1.25,1.45,1.71,0.54,0.50,0.08,Zona de Consolidação,0,0
2025-10-10,0.51,0.68,0.79,0.88,0.97,1.09,1.25,1.45,1.71,0.54,0.50,0.08,Zona de Consolidação,0,0
2025-10-13,0.51,0.67,0.77,0.86,0.94,1.05,1.20,1.39,1.63,0.48,0.38,0.02,Zona de Consolidação,0,0
2025-10-14,0.51,0.67,0.77,0.86,0.94,1.05,1.20,1.39,1.63,0.51,0.50,0.11,Zona de Consolidação,0,0
2025-10-15,0.51,0.67,0.77,0.86,0.94,1.05,1.20,1.39,1.63,0.36,0.24,0.02,Suporte,0,0
2025-10-16,0.47,0.64,0.75,0.84,0.92,1.04,1.20,1.40,1.65,0.04,0.00,0.20,Suporte Forte,0,0
2025-10-17,0.32,0.53,0.66,0.76,0.86,1.01,1.20,1.44,1.74,0.25,0.24,0.13,Suporte,0,0
2025-10-20,0.32,0.53,0.66,0.76,0.86,1.01,1.20,1.44,1.74,0.30,0.24,0.08,Suporte,0,0
2025-10-21,0.32,0.53,0.66,0.76,0.86,1.01,1.20,1.44,1.74,0.23,0.00,0.01,Suporte Forte,0,0
2025-10-22,0.32,0.53,0.66,0.76,0.86,1.01,1.20,1.44,1.74,0.23,0.00,0.01,Suporte Forte,0,0
2025-10-23,0.32,0.53,0.66,0.76,0.86,1.01,1.20,1.44,1.74,0.20,0.00,0.04,Suporte Forte,0,0
2025-10-24,0.32,0.53,0.66,0.76,0.86,1.01,1.20,1.44,1.74,0.18,0.00,0.06,Suporte Forte,0,0
2025-10-27,0.32,0.53,0.66,0.76,0.86,1.01,1.20,1.44,1.74,0.19,0.00,0.05,Suporte Forte,0,0
2025-10-28,0.32,0.53,0.66,0.76,0.86,1.01,1.20,1.44,1.74,0.09,0.00,0.15,Suporte Forte,0,0
2025-10-29,0.32,0.53,0.66,0.76,0.86,1.01,1.20,1.44,1.74,0.09,0.00,0.15,Suporte Forte,0,0
2025-10-30,0.32,0.53,0.66,0.76,0.86,1.01,1.20,1.44,1.74,0.15,0.00,0.09,Suporte Forte,0,0
2025-10-31,0.32,0.53,0.66,0.76,0.86,1.01,1.20,1.44,1.74,0.15,0.00,0.09,Suporte Forte,0,0
2025-11-03,0.26,0.48,0.62,0.73,0.84,1.00,1.20,1.46,1.78,0.04,0.00,0.20,Suporte Forte,0,0
2025-11-04,0.25,0.47,0.61,0.72,0.84,1.00,1.20,1.46,1.79,0.00,0.00,0.24,Suporte Forte,0,0
2025-11-05,0.23,0.46,0.60,0.72,0.83,0.99,1.20,1.46,1.80,0.00,0.00,0.24,Suporte Forte,0,0
2025-11-06,0.19,0.43,0.58,0.70,0.81,0.98,1.20,1.47,1.82,0.01,0.00,0.23,Suporte Forte,0,0
2025-11-07,0.19,0.42,0.56,0.67,0.78,0.94,1.15,1.41,1.74,0.05,0.00,0.19,Suporte Forte,0,0
2025-11-10,0.19,0.42,0.56,0.67,0.78,0.94,1.15,1.41,1.74,0.01,0.00,0.23,Suporte Forte,0,0
2025-11-11,0.19,0.42,0.56,0.67,0.78,0.94,1.15,1.41,1.74,0.03,0.00,0.21,Suporte Forte,0,0
2025-11-12,0.19,0.42,0.56,0.67,0.78,0.94,1.15,1.41,1.74,0.03,0.00,0.21,Suporte Forte,0,0
2025-11-13,0.18,0.41,0.55,0.66,0.78,0.94,1.15,1.41,1.75,0.03,0.00,0.21,Suporte Forte,0,0
2025-11-14,0.16,0.39,0.54,0.65,0.77,0.94,1.15,1.42,1.76,0.02,0.00,0.22,Suporte Forte,0,0
2025-11-17,0.16,0.39,0.54,0.65,0.77,0.94,1.15,1.42,1.76,0.04,0.00,0.20,Suporte Forte,0,0
2025-11-18,0.16,0.38,0.51,0.62,0.73,0.88,1.08,1.33,1.65,0.11,0.00,0.13,Suporte Forte,0,0
2025-11-19,0.16,0.35,0.47,0.57,0.67,0.80,0.98,1.20,1.49,0.12,0.00,0.12,Suporte Forte,0,0
2025-11-20,0.16,0.35,0.47,0.57,0.67,0.80,0.98,1.20,1.49,0.12,0.00,0.12,Suporte Forte,0,0
2025-11-21,0.16,0.35,0.47,0.57,0.67,0.80,0.98,1.20,1.49,0.28,0.24,0.10,Suporte,0,0
2025-11-24,0.16,0.35,0.47,0.57,0.67,0.80,0.98,1.20,1.49,0.12,0.00,0.12,Suporte Forte,0,0
2025-11-25,0.16,0.35,0.47,0.57,0.67,0.80,0.98,1.20,1.49,0.15,0.00,0.09,Suporte Forte,0,0
2025-11-26,0.16,0.35,0.47,0.57,0.67,0.80,0.98,1.20,1.49,0.23,0.00,0.01,Suporte Forte,0,0
2025-11-28,0.16,0.35,0.47,0.57,0.67,0.80,0.98,1.20,1.49,0.22,0.00,0.02,Suporte Forte,0,0
2025-12-01,0.16,0.35,0.47,0.57,0.67,0.80,0.98,1.20,1.49,0.24,0.24,0.14,Suporte,0,0
2025-12-02,0.16,0.35,0.47,0.57,0.67,0.80,0.98,1.20,1.49,0.24,0.24,0.14,Suporte,0,0
2025-12-03,0.16,0.35,0.47,0.57,0.67,0.80,0.98,1.20,1.49,0.27,0.24,0.11,Suporte,0,0
2025-12-04,0.16,0.35,0.47,0.57,0.67,0.80,0.98,1.20,1.49,0.28,0.24,0.10,Suporte,0,0
2025-12-05,0.16,0.35,0.47,0.57,0.67,0.80,0.98,1.20,1.49,0.15,0.00,0.09,Suporte Forte,0,0
2025-12-08,0.16,0.35,0.47,0.57,0.67,0.80,0.98,1.20,1.49,0.27,0.24,0.11,Suporte,0,0
2025-12-09,0.16,0.35,0.47,0.57,0.67,0.80,0.98,1.20,1.49,0.27,0.24,0.11,Suporte,0,0
2025-12-10,0.16,0.35,0.47,0.57,0.67,0.80,0.98,1.20,1.49,0.22,0.00,0.02,Suporte Forte,0,0
2025-12-11,0.16,0.35,0.47,0.57,0.67,0.80,0.98,1.20,1.49,0.24,0.24,0.14,Suporte,0,0
2025-12-12,0.16,0.35,0.47,0.57,0.67,0.80,0.98,1.20,1.49,0.24,0.24,0.14,Suporte,0,0
2025-12-15,0.16,0.35,0.47,0.57,0.67,0.80,0.98,1.20,1.49,0.16,0.00,0.08,Suporte Forte,0,0
2025-12-16,0.16,0.35,0.47,0.57,0.67,0.80,0.98,1.20,1.49,0.17,0.00,0.07,Suporte Forte,0,0
2025-12-17,0.16,0.34,0.45,0.54,0.62,0.75,0.91,1.11,1.37,0.23,0.00,0.01,Suporte Forte,0,0
2025-12-18,0.16,0.34,0.45,0.54,0.62,0.75,0.91,1.11,1.37,0.08,0.00,0.16,Suporte Forte,0,0
2025-12-19,0.16,0.34,0.45,0.54,0.62,0.75,0.91,1.11,1.37,0.11,0.00,0.13,Suporte Forte,0,0
2025-12-22,0.16,0.33,0.44,0.52,0.61,0.73,0.89,1.09,1.34,0.10,0.00,0.14,Suporte Forte,0,0
2025-12-23,0.16,0.33,0.44,0.52,0.61,0.73,0.89,1.09,1.34,0.08,0.00,0.16,Suporte Forte,0,0
2025-12-24,0.16,0.33,0.43,0.51,0.59,0.71,0.86,1.05,1.29,0.11,0.00,0.13,Suporte Forte,0,0
2025-12-26,0.16,0.33,0.43,0.51,0.59,0.71,0.86,1.05,1.29,0.11,0.00,0.13,Suporte Forte,0,0
2025-12-29,0.16,0.30,0.39,0.45,0.52,0.62,0.75,0.91,1.11,0.14,0.00,0.10,Suporte Forte,0,0
2025-12-30,0.16,0.29,0.37,0.43,0.49,0.58,0.70,0.85,1.03,0.15,0.00,0.09,Suporte Forte,0,0
2025-12-31,0.16,0.29,0.36,0.42,0.49,0.58,0.69,0.83,1.02,0.23,0.00,0.01,Suporte Forte,0,0
2026-01-02,0.16,0.29,0.36,0.42,0.49,0.58,0.69,0.83,1.02,0.23,0.00,0.01,Suporte Forte,0,0
2026-01-05,0.16,0.29,0.36,0.42,0.49,0.58,0.69,0.83,1.02,0.23,0.00,0.01,Suporte Forte,0,0
2026-01-06,0.16,0.28,0.35,0.42,0.48,0.56,0.67,0.81,0.99,0.25,0.24,0.13,Suporte,0,0
2026-01-07,0.16,0.28,0.35,0.42,0.48,0.56,0.67,0.81,0.99,0.25,0.24,0.13,Suporte,0,0
2026-01-08,0.16,0.24,0.29,0.32,0.36,0.42,0.49,0.58,0.69,0.39,0.38,0.11,Zona de Consolidação,1,0
2026-01-09,0.16,0.24,0.29,0.32,0.36,0.42,0.49,0.58,0.69,0.39,0.38,0.11,Zona de Consolidação,1,0
2026-01-12,0.16,0.24,0.29,0.32,0.36,0.42,0.49,0.58,0.69,0.39,0.38,0.11,Zona de Consolidação,1,0
2026-01-13,0.16,0.24,0.29,0.32,0.36,0.42,0.49,0.58,0.69,0.39,0.38,0.11,Zona de Consolidação,1,0
2026-01-14,0.16,0.22,0.26,0.28,0.31,0.36,0.41,0.48,0.56,0.52,0.50,0.10,Zona de Consolidação,0,0
2026-01-15,0.16,0.22,0.26,0.28,0.31,0.36,0.41,0.48,0.56,0.16,0.00,0.08,Suporte Forte,0,0
2026-01-16,0.16,0.22,0.26,0.28,0.31,0.36,0.41,0.48,0.56,0.16,0.00,0.08,Suporte Forte,0,0
2026-01-20,0.16,0.22,0.26,0.28,0.31,0.36,0.41,0.48,0.56,0.12,0.00,0.12,Suporte Forte,0,0
2026-01-21,0.16,0.22,0.26,0.28,0.31,0.36,0.41,0.48,0.56,0.12,0.00,0.12,Suporte Forte,0,0
2026-01-22,0.16,0.22,0.26,0.28,0.31,0.36,0.41,0.48,0.56,0.12,0.00,0.12,Suporte Forte,0,0
2026-01-23,0.16,0.22,0.26,0.28,0.31,0.36,0.41,0.48,0.56,0.12,0.00,0.12,Suporte Forte,0,0
2026-01-26,0.15,0.21,0.25,0.28,0.31,0.35,0.41,0.48,0.57,0.38,0.24,0.00,Suporte,1,0
2026-01-27,0.14,0.20,0.24,0.28,0.31,0.35,0.41,0.48,0.58,0.22,0.00,0.02,Suporte Forte,0,0
2026-01-28,0.14,0.20,0.24,0.28,0.31,0.35,0.41,0.48,0.58,0.22,0.00,0.02,Suporte Forte,0,0
2026-01-29,0.14,0.20,0.24,0.28,0.31,0.35,0.41,0.48,0.58,0.22,0.00,0.02,Suporte Forte,0,0
2026-01-30,0.14,0.20,0.24,0.28,0.31,0.35,0.41,0.48,0.58,0.22,0.00,0.02,Suporte Forte,0,0
2026-02-02,0.09,0.17,0.21,0.25,0.29,0.34,0.41,0.50,0.61,0.16,0.00,0.08,Suporte Forte,0,0
2026-02-03,0.09,0.17,0.21,0.25,0.29,0.34,0.41,0.50,0.61,0.16,0.00,0.08,Suporte Forte,0,0
2026-02-04,0.09,0.17,0.21,0.25,0.29,0.34,0.41,0.50,0.61,0.16,0.00,0.08,Suporte Forte,0,0
2026-02-05,0.09,0.17,0.21,0.25,0.29,0.34,0.41,0.50,0.61,0.03,0.00,0.21,Suporte Forte,0,0
2026-02-06,0.09,0.17,0.21,0.25,0.29,0.34,0.41,0.50,0.61,0.09,0.00,0.15,Suporte Forte,0,0
2026-02-09,0.09,0.17,0.21,0.25,0.29,0.34,0.41,0.50,0.61,0.06,0.00,0.18,Suporte Forte,0,0
2026-02-10,0.09,0.17,0.21,0.25,0.29,0.34,0.41,0.50,0.61,0.13,0.00,0.11,Suporte Forte,0,0
2026-02-11,0.09,0.17,0.21,0.25,0.29,0.34,0.41,0.50,0.61,0.06,0.00,0.18,Suporte Forte,0,0
2026-02-12,0.09,0.17,0.21,0.25,0.29,0.34,0.41,0.50,0.61,0.09,0.00,0.15,Suporte Forte,0,0
2026-02-13,0.09,0.17,0.21,0.25,0.29,0.34,0.41,0.50,0.61,0.13,0.00,0.11,Suporte Forte,0,0
2026-02-17,0.09,0.17,0.21,0.25,0.29,0.34,0.41,0.50,0.61,0.16,0.00,0.08,Suporte Forte,0,0
2026-02-18,0.09,0.17,0.21,0.25,0.29,0.34,0.41,0.50,0.61,0.03,0.00,0.21,Suporte Forte,0,0
2026-02-19,0.09,0.17,0.21,0.25,0.29,0.34,0.41,0.50,0.61,0.03,0.00,0.21,Suporte Forte,0,0
2026-02-20,0.09,0.17,0.21,0.25,0.29,0.34,0.41,0.50,0.61,0.03,0.00,0.21,Suporte Forte,0,0
2026-02-23,0.09,0.17,0.21,0.25,0.29,0.34,0.41,0.50,0.61,0.03,0.00,0.21,Suporte Forte,0,0
2026-02-24,0.09,0.15,0.19,0.22,0.26,0.30,0.36,0.43,0.53,0.04,0.00,0.20,Suporte Forte,0,0
2026-02-25,0.08,0.15,0.19,0.22,0.25,0.30,0.36,0.44,0.53,0.11,0.00,0.13,Suporte Forte,0,0
2026-02-26,0.08,0.14,0.18,0.20,0.23,0.28,0.33,0.40,0.48,0.56,0.50,0.06,Zona de Consolidação,0,0
2026-02-27,0.08,0.14,0.18,0.20,0.23,0.28,0.33,0.40,0.48,0.48,0.38,0.02,Zona de Consolidação,0,0
2026-03-02,0.08,0.14,0.18,0.20,0.23,0.28,0.33,0.40,0.48,0.32,0.24,0.06,Suporte,0,0
2026-03-03,0.08,0.14,0.18,0.20,0.23,0.28,0.33,0.40,0.48,0.44,0.38,0.06,Zona de Consolidação,0,0
2026-03-04,0.08,0.14,0.18,0.20,0.23,0.28,0.33,0.40,0.48,0.32,0.24,0.06,Suporte,0,0
2026-03-05,0.08,0.14,0.18,0.20,0.23,0.28,0.33,0.40,0.48,0.48,0.38,0.02,Zona de Consolidação,0,0
2026-03-06,0.08,0.14,0.18,0.20,0.23,0.28,0.33,0.40,0.48,0.36,0.24,0.02,Suporte,0,0
2026-03-09,0.08,0.14,0.18,0.20,0.23,0.28,0.33,0.40,0.48,0.40,0.38,0.10,Zona de Consolidação,1,0
2026-03-10,0.08,0.14,0.17,0.20,0.23,0.27,0.32,0.39,0.47,0.25,0.24,0.13,Suporte,0,0
2026-03-11,0.08,0.14,0.17,0.20,0.23,0.27,0.32,0.39,0.47,0.50,0.50,0.12,Zona de Consolidação,0,0
2026-03-12,0.08,0.14,0.17,0.20,0.23,0.27,0.32,0.39,0.47,0.46,0.38,0.04,Zona de Consolidação,0,0
2026-03-13,0.08,0.14,0.17,0.20,0.23,0.27,0.32,0.39,0.47,0.46,0.38,0.04,Zona de Consolidação,0,0
2026-03-16,0.08,0.13,0.16,0.18,0.21,0.25,0.29,0.35,0.42,0.62,0.62,0.17,Resistência,1,0
2026-03-17,0.08,0.13,0.16,0.18,0.21,0.25,0.29,0.35,0.42,0.38,0.24,0.00,Suporte,1,0
2026-03-18,0.08,0.13,0.16,0.18,0.21,0.25,0.29,0.35,0.42,0.38,0.24,0.00,Suporte,1,0
2026-03-19,0.08,0.13,0.16,0.18,0.21,0.25,0.29,0.35,0.42,0.38,0.24,0.00,Suporte,1,0
2026-03-20,0.08,0.13,0.16,0.18,0.21,0.25,0.29,0.35,0.42,0.38,0.24,0.00,Suporte,1,0
2026-03-23,0.08,0.13,0.16,0.18,0.21,0.25,0.29,0.35,0.42,0.38,0.24,0.00,Suporte,1,0
2026-03-24,0.08,0.13,0.16,0.18,0.21,0.25,0.29,0.35,0.42,0.33,0.24,0.05,Suporte,0,0
2026-03-25,0.08,0.13,0.16,0.18,0.21,0.25,0.29,0.35,0.42,0.33,0.24,0.05,Suporte,0,0
2026-03-26,0.08,0.13,0.16,0.18,0.21,0.25,0.29,0.35,0.42,0.29,0.24,0.09,Suporte,0,0
2026-03-27,0.08,0.13,0.16,0.18,0.20,0.24,0.28,0.33,0.40,0.30,0.24,0.08,Suporte,0,0
2026-03-30,0.08,0.13,0.16,0.18,0.20,0.24,0.28,0.33,0.40,0.30,0.24,0.08,Suporte,0,0
2026-03-31,0.08,0.13,0.16,0.18,0.20,0.24,0.28,0.33,0.40,0.60,0.50,0.02,Zona de Consolidação,1,0
2026-04-01,0.08,0.13,0.16,0.18,0.20,0.24,0.28,0.33,0.40,0.55,0.50,0.07,Zona de Consolidação,0,0
2026-04-02,0.08,0.13,0.16,0.18,0.20,0.24,0.28,0.33,0.40,0.50,0.50,0.12,Zona de Consolidação,0,0
2026-04-06,0.08,0.13,0.16,0.18,0.20,0.24,0.28,0.33,0.40,0.50,0.50,0.12,Zona de Consolidação,0,0
2026-04-07,0.08,0.13,0.16,0.18,0.20,0.24,0.28,0.33,0.40,0.50,0.50,0.12,Zona de Consolidação,0,0
2026-04-08,0.08,0.13,0.16,0.18,0.20,0.24,0.28,0.33,0.40,0.50,0.50,0.12,Zona de Consolidação,0,0
2026-04-09,0.08,0.13,0.16,0.18,0.20,0.24,0.28,0.33,0.40,0.50,0.50,0.12,Zona de Consolidação,0,0
2026-04-10,0.08,0.13,0.16,0.18,0.20,0.24,0.28,0.33,0.40,0.50,0.50,0.12,Zona de Consolidação,0,0
2026-04-13,0.08,0.13,0.16,0.18,0.20,0.24,0.28,0.33,0.40,0.50,0.50,0.12,Zona de Consolidação,0,0
2026-04-14,0.08,0.13,0.16,0.18,0.20,0.24,0.28,0.33,0.40,0.60,0.50,0.02,Zona de Consolidação,1,0
2026-04-15,0.08,0.13,0.16,0.18,0.20,0.24,0.28,0.33,0.40,0.65,0.62,0.14,Resistência,0,0
2026-04-16,0.08,0.13,0.16,0.18,0.20,0.24,0.28,0.33,0.40,0.65,0.62,0.14,Resistência,0,0
2026-04-17,0.08,0.13,0.16,0.18,0.20,0.24,0.28,0.33,0.40,0.65,0.62,0.14,Resistência,0,0
2026-04-20,0.08,0.13,0.16,0.18,0.20,0.24,0.28,0.33,0.40,0.45,0.38,0.05,Zona de Consolidação,0,0
2026-04-21,0.08,0.13,0.16,0.18,0.20,0.24,0.28,0.33,0.40,0.35,0.24,0.03,Suporte,0,0
2026-04-22,0.08,0.13,0.16,0.18,0.20,0.24,0.28,0.33,0.40,0.40,0.38,0.10,Zona de Consolidação,1,0
2026-04-23,0.08,0.13,0.16,0.18,0.20,0.24,0.28,0.33,0.40,0.30,0.24,0.08,Suporte,0,0
2026-04-24,0.08,0.13,0.16,0.18,0.20,0.24,0.28,0.33,0.40,0.65,0.62,0.14,Resistência,0,0
2026-04-27,0.08,0.13,0.16,0.18,0.20,0.24,0.28,0.33,0.40,0.65,0.62,0.14,Resistência,0,0
2026-04-28,0.08,0.13,0.16,0.18,0.20,0.24,0.28,0.33,0.40,0.65,0.62,0.14,Resistência,0,0
2026-04-29,0.08,0.13,0.16,0.18,0.20,0.24,0.28,0.33,0.40,0.65,0.62,0.14,Resistência,0,0
2026-04-30,0.08,0.13,0.16,0.18,0.20,0.24,0.28,0.33,0.40,0.65,0.62,0.14,Resistência,0,0
2026-05-01,0.08,0.13,0.16,0.18,0.20,0.24,0.28,0.33,0.40,0.65,0.62,0.14,Resistência,0,0
2026-05-04,0.08,0.13,0.16,0.18,0.20,0.24,0.28,0.33,0.40,0.65,0.62,0.14,Resistência,0,0
2026-05-05,0.08,0.13,0.16,0.18,0.20,0.24,0.28,0.33,0.40,0.65,0.62,0.14,Resistência,0,0
2026-05-06,0.08,0.13,0.16,0.18,0.20,0.24,0.28,0.33,0.40,0.45,0.38,0.05,Zona de Consolidação,0,0
2026-05-07,0.13,0.17,0.19,0.20,0.22,0.25,0.28,0.32,0.37,0.27,0.24,0.11,Suporte,0,0
2026-05-08,0.13,0.17,0.19,0.20,0.22,0.25,0.28,0.32,0.37,0.07,0.00,0.17,Suporte Forte,0,0
2026-05-11,0.13,0.17,0.19,0.20,0.22,0.25,0.28,0.32,0.37,0.13,0.00,0.11,Suporte Forte,0,0
2026-05-12,0.13,0.17,0.19,0.20,0.22,0.25,0.28,0.32,0.37,0.27,0.24,0.11,Suporte,0,0
2026-05-13,0.13,0.17,0.19,0.20,0.22,0.25,0.28,0.32,0.37,0.27,0.24,0.11,Suporte,0,0
2026-05-14,0.13,0.16,0.18,0.20,0.21,0.23,0.26,0.30,0.34,0.31,0.24,0.07,Suporte,0,0
2026-05-15,0.13,0.16,0.18,0.20,0.21,0.23,0.26,0.30,0.34,0.31,0.24,0.07,Suporte,0,0
2026-05-18,0.13,0.16,0.18,0.20,0.21,0.23,0.26,0.30,0.34,0.08,0.00,0.16,Suporte Forte,0,0
2026-05-19,0.13,0.16,0.18,0.20,0.21,0.23,0.26,0.30,0.34,0.00,0.00,0.24,Suporte Forte,0,0
2026-05-20,0.13,0.16,0.18,0.20,0.21,0.23,0.26,0.30,0.34,0.00,0.00,0.24,Suporte Forte,0,0
2026-05-21,0.13,0.16,0.18,0.20,0.21,0.23,0.26,0.30,0.34,0.00,0.00,0.24,Suporte Forte,0,0
2026-05-22,0.13,0.16,0.18,0.20,0.21,0.23,0.26,0.30,0.34,0.00,0.00,0.24,Suporte Forte,0,0
2026-05-26,0.13,0.16,0.18,0.20,0.21,0.23,0.26,0.30,0.34,0.38,0.24,0.00,Suporte,1,0
2026-05-27,0.12,0.15,0.17,0.19,0.21,0.23,0.26,0.30,0.35,0.14,0.00,0.10,Suporte Forte,0,0
2026-05-28,0.12,0.15,0.17,0.19,0.21,0.23,0.26,0.30,0.35,0.57,0.50,0.05,Zona de Consolidação,0,0
2026-05-29,0.12,0.15,0.17,0.19,0.21,0.23,0.26,0.30,0.35,0.57,0.50,0.05,Zona de Consolidação,0,0
2026-06-01,0.12,0.15,0.17,0.19,0.21,0.23,0.26,0.30,0.35,0.14,0.00,0.10,Suporte Forte,0,0
2026-06-02,0.12,0.15,0.17,0.19,0.21,0.23,0.26,0.30,0.35,0.14,0.00,0.10,Suporte Forte,0,0
2026-06-03,0.12,0.15,0.17,0.19,0.21,0.23,0.26,0.30,0.35,0.14,0.00,0.10,Suporte Forte,0,0
2026-06-04,0.12,0.15,0.17,0.19,0.21,0.23,0.26,0.30,0.35,0.00,0.00,0.24,Suporte Forte,0,0
2026-06-05,0.12,0.15,0.17,0.19,0.21,0.23,0.26,0.30,0.35,0.00,0.00,0.24,Suporte Forte,0,0
2026-06-08,0.12,0.15,0.17,0.19,0.21,0.23,0.26,0.30,0.35,0.00,0.00,0.24,Suporte Forte,0,0
2026-06-09,0.12,0.15,0.17,0.19,0.21,0.23,0.26,0.30,0.35,0.00,0.00,0.24,Suporte Forte,0,0
2026-06-10,0.11,0.15,0.17,0.18,0.20,0.23,0.26,0.30,0.35,0.07,0.00,0.17,Suporte Forte,0,0
2026-06-11,0.11,0.15,0.17,0.18,0.20,0.23,0.26,0.30,0.35,0.07,0.00,0.17,Suporte Forte,0,0
2026-06-12,0.11,0.15,0.17,0.18,0.20,0.23,0.26,0.30,0.35,0.07,0.00,0.17,Suporte Forte,0,0
2026-06-15,0.11,0.15,0.17,0.18,0.20,0.23,0.26,0.30,0.35,0.07,0.00,0.17,Suporte Forte,0,0
2026-06-16,0.11,0.15,0.17,0.18,0.20,0.23,0.26,0.30,0.35,0.07,0.00,0.17,Suporte Forte,0,0
2026-06-17,0.11,0.15,0.17,0.18,0.20,0.23,0.26,0.30,0.35,0.07,0.00,0.17,Suporte Forte,0,0
2026-06-18,0.11,0.15,0.17,0.18,0.20,0.23,0.26,0.30,0.35,0.20,0.00,0.04,Suporte Forte,0,0
2026-06-22,0.11,0.15,0.17,0.18,0.20,0.23,0.26,0.30,0.35,0.20,0.00,0.04,Suporte Forte,0,0
2026-06-23,0.11,0.15,0.17,0.18,0.20,0.23,0.26,0.30,0.35,0.20,0.00,0.04,Suporte Forte,0,0
