Date,Open,High,Low,Close,Volume,Dividends,Stock Splits
2000-03-03,492.00,876.00,492.00,817.50,1071533,0.00,0.00
2000-03-06,744.00,876.00,730.31,811.50,173592,0.00,0.00
2000-03-07,798.00,807.00,750.00,768.00,95700,0.00,0.00
2000-03-08,756.00,763.50,684.00,723.00,158142,0.00,0.00
2000-03-09,706.50,733.50,675.00,733.50,82425,0.00,0.00
2000-03-10,712.50,751.50,702.75,729.00,84800,0.00,0.00
2000-03-13,631.50,685.50,630.00,651.00,105642,0.00,0.00
2000-03-14,636.00,654.00,544.50,552.00,110867,0.00,0.00
2000-03-15,551.25,652.50,550.50,643.50,102358,0.00,0.00
2000-03-16,657.00,720.00,640.50,700.50,56750,0.00,0.00
2000-03-17,705.00,720.00,660.00,663.00,31350,0.00,0.00
2000-03-20,663.00,672.00,576.00,589.50,48208,0.00,0.00
2000-03-21,600.75,672.75,600.00,648.00,56092,0.00,0.00
2000-03-22,672.00,721.50,672.00,705.00,39200,0.00,0.00
2000-03-23,701.25,732.00,696.00,700.50,56717,0.00,0.00
2000-03-24,732.00,840.00,732.00,825.00,74317,0.00,0.00
2000-03-27,834.00,921.00,834.00,862.50,67067,0.00,0.00
2000-03-28,905.25,1102.50,876.00,1050.00,131075,0.00,0.00
2000-03-29,1059.19,1122.00,903.00,987.75,114683,0.00,0.00
2000-03-30,974.25,1077.00,912.00,978.00,84042,0.00,0.00
2000-03-31,1005.00,1026.00,934.50,936.75,67942,0.00,0.00
2000-04-03,928.50,931.50,828.00,834.00,49192,0.00,0.00
2000-04-04,838.50,844.50,526.50,661.50,97950,0.00,0.00
2000-04-05,633.00,810.00,594.00,714.00,35742,0.00,0.00
2000-04-06,744.00,802.50,723.00,733.50,22975,0.00,0.00
2000-04-07,741.00,804.00,738.75,795.00,13475,0.00,0.00
2000-04-10,796.50,796.50,766.50,769.50,21258,0.00,0.00
2000-04-11,763.50,763.50,691.50,696.00,17433,0.00,0.00
2000-04-12,694.50,697.50,610.50,630.00,28992,0.00,0.00
2000-04-13,643.50,654.00,600.00,600.00,27900,0.00,0.00
2000-04-14,591.00,591.00,352.50,361.50,61775,0.00,0.00
2000-04-17,372.00,396.00,331.50,367.50,67425,0.00,0.00
2000-04-18,387.75,471.00,376.50,444.00,39300,0.00,0.00
2000-04-19,520.12,538.50,450.75,468.00,38658,0.00,0.00
2000-04-20,475.50,492.00,450.00,463.50,27842,0.00,0.00
2000-04-24,466.50,466.50,435.00,450.00,16450,0.00,0.00
2000-04-25,463.50,483.00,453.00,466.50,16825,0.00,0.00
2000-04-26,504.00,597.00,478.50,567.00,61842,0.00,0.00
2000-04-27,480.00,600.00,480.00,600.00,30842,0.00,0.00
2000-04-28,614.25,634.50,540.00,570.00,35825,0.00,0.00
2000-05-01,549.75,568.50,549.00,558.00,16225,0.00,0.00
2000-05-02,529.50,551.81,519.00,523.50,14258,0.00,0.00
2000-05-03,516.00,520.50,475.50,517.50,17592,0.00,0.00
2000-05-04,505.88,570.00,496.50,508.50,18317,0.00,0.00
2000-05-05,517.50,552.00,510.00,531.00,7017,0.00,0.00
2000-05-08,519.00,537.00,504.00,522.00,4400,0.00,0.00
2000-05-09,532.50,532.50,492.00,492.00,11158,0.00,0.00
2000-05-10,496.50,498.00,462.00,465.00,6492,0.00,0.00
2000-05-11,476.25,496.50,459.00,468.00,6033,0.00,0.00
2000-05-12,489.00,496.50,438.00,438.00,9242,0.00,0.00
2000-05-15,432.00,435.00,402.00,426.75,12892,0.00,0.00
2000-05-16,444.00,519.00,442.50,510.00,21708,0.00,0.00
2000-05-17,486.00,550.50,465.00,550.50,12608,0.00,0.00
2000-05-18,540.00,574.50,528.00,528.75,16592,0.00,0.00
2000-05-19,525.00,528.00,474.00,499.50,10767,0.00,0.00
2000-05-22,481.50,498.00,468.00,481.50,26783,0.00,0.00
2000-05-23,480.00,480.00,468.00,472.50,27775,0.00,0.00
2000-05-24,465.00,468.00,409.50,432.00,28042,0.00,0.00
2000-05-25,465.00,480.00,442.50,453.00,84542,0.00,0.00
2000-05-26,459.00,459.00,399.00,403.50,17925,0.00,0.00
2000-05-30,426.00,436.50,408.00,423.00,22533,0.00,0.00
2000-05-31,433.12,474.00,430.50,459.00,25675,0.00,0.00
2000-06-01,327.00,336.00,219.19,248.25,893217,0.00,0.00
2000-06-02,266.25,266.25,240.75,254.25,268117,0.00,0.00
2000-06-05,266.25,273.75,252.75,255.00,113358,0.00,0.00
2000-06-06,258.00,258.75,236.25,237.00,91842,0.00,0.00
2000-06-07,240.75,243.00,226.50,231.00,55158,0.00,0.00
2000-06-08,240.00,240.75,223.50,226.50,49575,0.00,0.00
2000-06-09,233.25,234.00,219.00,225.00,50608,0.00,0.00
2000-06-12,228.75,229.50,217.50,222.75,37683,0.00,0.00
2000-06-13,218.25,221.25,201.00,216.75,56658,0.00,0.00
2000-06-14,223.50,257.25,223.50,243.00,183317,0.00,0.00
2000-06-15,250.50,253.50,232.50,235.50,79750,0.00,0.00
2000-06-16,248.25,249.00,234.00,241.50,30192,0.00,0.00
2000-06-19,240.00,246.00,235.50,246.00,23142,0.00,0.00
2000-06-20,246.75,249.00,228.00,240.75,26767,0.00,0.00
2000-06-21,243.00,260.25,239.25,253.50,48592,0.00,0.00
2000-06-22,264.75,298.50,256.50,276.00,82542,0.00,0.00
2000-06-23,294.75,307.50,288.00,291.75,83983,0.00,0.00
2000-06-26,300.75,303.00,276.00,276.75,37300,0.00,0.00
2000-06-27,282.75,284.25,261.00,264.00,25125,0.00,0.00
2000-06-28,264.00,274.50,261.00,267.00,19875,0.00,0.00
2000-06-29,268.88,279.00,265.50,277.50,20108,0.00,0.00
2000-06-30,342.00,396.00,336.00,364.50,250500,0.00,0.00
2000-07-03,369.00,370.50,354.00,360.00,26308,0.00,0.00
2000-07-05,360.38,361.50,319.50,321.00,46133,0.00,0.00
2000-07-06,321.75,357.00,315.00,354.75,30808,0.00,0.00
2000-07-07,354.75,360.00,340.50,340.50,27825,0.00,0.00
2000-07-10,342.38,343.50,327.00,332.25,31942,0.00,0.00
2000-07-11,327.38,334.50,319.50,324.00,36675,0.00,0.00
2000-07-12,329.25,369.00,328.50,360.00,29875,0.00,0.00
2000-07-13,359.25,384.00,357.00,384.00,37125,0.00,0.00
2000-07-14,385.50,386.25,352.50,373.50,25292,0.00,0.00
2000-07-17,363.75,394.50,363.00,378.00,20258,0.00,0.00
2000-07-18,379.12,379.50,357.00,369.00,15883,0.00,0.00
2000-07-19,361.12,362.25,324.00,332.25,29708,0.00,0.00
2000-07-20,331.50,337.50,318.00,321.75,24675,0.00,0.00
2000-07-21,322.50,337.50,318.00,321.00,13458,0.00,0.00
2000-07-24,330.00,333.00,300.00,303.00,14508,0.00,0.00
2000-07-25,280.50,318.00,279.00,303.00,16067,0.00,0.00
2000-07-26,306.75,321.00,282.00,321.00,22350,0.00,0.00
2000-07-27,309.00,310.50,288.75,294.00,15658,0.00,0.00
2000-07-28,291.75,295.50,270.00,279.00,21042,0.00,0.00
2000-07-31,285.38,319.50,276.00,305.25,20800,0.00,0.00
2000-08-01,315.75,318.00,264.00,287.25,29108,0.00,0.00
2000-08-02,283.50,309.00,282.00,298.50,27925,0.00,0.00
2000-08-03,292.50,300.00,283.50,299.25,17800,0.00,0.00
2000-08-04,300.00,303.00,282.00,287.25,7992,0.00,0.00
2000-08-07,285.00,300.00,282.75,286.50,15058,0.00,0.00
2000-08-08,285.75,294.00,282.00,282.00,14575,0.00,0.00
2000-08-09,288.38,300.00,270.00,273.00,35325,0.00,0.00
2000-08-10,279.00,279.75,258.00,258.00,14575,0.00,0.00
2000-08-11,259.50,261.00,253.50,260.25,29267,0.00,0.00
2000-08-14,261.75,264.00,240.00,252.00,30383,0.00,0.00
2000-08-15,253.50,277.50,250.50,266.25,17083,0.00,0.00
2000-08-16,266.62,267.75,246.00,246.75,47617,0.00,0.00
2000-08-17,251.62,256.50,250.50,252.75,41775,0.00,0.00
2000-08-18,255.00,258.00,252.00,255.75,22842,0.00,0.00
2000-08-21,253.50,256.50,252.75,255.75,13783,0.00,0.00
2000-08-22,255.75,258.00,253.50,254.25,11292,0.00,0.00
2000-08-23,253.88,256.50,252.75,256.50,20375,0.00,0.00
2000-08-24,255.75,258.00,253.50,253.50,13217,0.00,0.00
2000-08-25,257.62,297.75,257.25,292.50,35750,0.00,0.00
2000-08-28,288.75,288.75,265.50,268.50,26067,0.00,0.00
2000-08-29,264.00,278.25,253.50,273.00,19075,0.00,0.00
2000-08-30,274.50,285.00,255.75,259.50,99358,0.00,0.00
2000-08-31,266.25,288.00,258.00,286.50,75458,0.00,0.00
2000-09-01,280.50,294.00,267.00,288.00,99142,0.00,0.00
2000-09-05,288.00,311.25,285.00,292.50,52042,0.00,0.00
2000-09-06,294.75,295.50,286.50,288.00,31767,0.00,0.00
2000-09-07,288.38,291.00,285.00,288.75,23758,0.00,0.00
2000-09-08,285.75,288.00,276.00,285.75,20542,0.00,0.00
2000-09-11,282.00,282.00,258.00,264.75,24033,0.00,0.00
2000-09-12,268.50,273.00,252.00,252.75,14925,0.00,0.00
2000-09-13,253.12,253.50,243.00,252.00,16517,0.00,0.00
2000-09-14,252.75,252.75,246.00,249.00,21908,0.00,0.00
2000-09-15,246.00,276.00,245.25,273.00,65983,0.00,0.00
2000-09-18,272.62,288.75,256.50,259.50,55842,0.00,0.00
2000-09-19,265.50,274.50,255.00,264.00,31300,0.00,0.00
2000-09-20,267.00,267.00,249.00,255.75,20842,0.00,0.00
2000-09-21,253.50,255.75,231.00,232.50,24792,0.00,0.00
2000-09-22,224.25,252.00,216.00,251.25,51892,0.00,0.00
2000-09-25,256.12,273.00,252.00,271.50,75017,0.00,0.00
2000-09-26,274.50,276.75,267.00,276.00,36958,0.00,0.00
2000-09-27,274.88,275.25,261.00,262.50,26133,0.00,0.00
2000-09-28,265.88,267.75,251.25,257.25,16275,0.00,0.00
2000-09-29,258.00,259.50,250.50,251.25,7508,0.00,0.00
2000-10-02,249.38,252.00,246.00,246.00,16300,0.00,0.00
2000-10-03,246.38,248.25,234.75,235.50,17125,0.00,0.00
2000-10-04,229.12,234.75,217.50,234.75,12625,0.00,0.00
2000-10-05,226.12,232.50,222.00,225.75,6975,0.00,0.00
2000-10-06,223.69,225.00,195.00,202.50,21633,0.00,0.00
2000-10-09,191.06,211.50,186.75,210.00,13758,0.00,0.00
2000-10-10,207.19,224.25,199.50,200.06,20458,0.00,0.00
2000-10-11,198.75,199.50,174.00,189.00,25592,0.00,0.00
2000-10-12,186.00,192.00,164.25,180.00,26292,0.00,0.00
2000-10-13,172.69,204.00,172.50,204.00,19717,0.00,0.00
2000-10-16,202.50,210.00,201.00,204.00,11642,0.00,0.00
2000-10-17,202.69,204.00,192.00,195.00,11475,0.00,0.00
2000-10-18,189.75,190.50,157.50,180.00,19167,0.00,0.00
2000-10-19,180.00,204.00,180.00,199.50,9333,0.00,0.00
2000-10-20,195.19,216.00,195.00,210.75,8533,0.00,0.00
2000-10-23,210.19,222.75,204.00,210.19,9733,0.00,0.00
2000-10-24,228.94,240.00,224.25,228.00,48142,0.00,0.00
2000-10-25,234.75,235.50,214.50,216.00,17700,0.00,0.00
2000-10-26,216.00,216.00,192.00,216.00,29933,0.00,0.00
2000-10-27,222.19,246.00,222.19,240.75,58008,0.00,0.00
2000-10-30,241.31,241.50,235.50,238.50,26200,0.00,0.00
2000-10-31,238.69,241.50,236.25,240.00,37642,0.00,0.00
2000-11-01,240.19,264.00,236.25,256.50,44458,0.00,0.00
2000-11-02,259.12,273.75,258.75,267.00,31992,0.00,0.00
2000-11-03,267.00,276.00,265.50,270.00,18342,0.00,0.00
2000-11-06,273.75,275.25,256.50,258.00,22308,0.00,0.00
2000-11-07,259.50,261.00,252.00,261.00,8783,0.00,0.00
2000-11-08,260.44,261.00,250.50,251.25,12592,0.00,0.00
2000-11-09,253.31,253.31,231.00,237.00,8117,0.00,0.00
2000-11-10,237.75,237.75,219.75,219.75,4075,0.00,0.00
2000-11-13,207.00,222.00,196.50,218.25,8125,0.00,0.00
2000-11-14,221.44,241.50,221.25,240.00,8867,0.00,0.00
2000-11-15,238.50,240.00,228.00,228.00,3500,0.00,0.00
2000-11-16,227.25,228.00,203.25,204.00,3942,0.00,0.00
2000-11-17,206.25,230.25,205.50,216.00,8150,0.00,0.00
2000-11-20,207.19,220.50,207.00,212.25,5258,0.00,0.00
2000-11-21,210.00,211.50,192.00,194.25,11800,0.00,0.00
2000-11-22,192.56,213.75,190.50,204.00,16250,0.00,0.00
2000-11-24,217.88,220.50,214.50,219.00,6542,0.00,0.00
2000-11-27,221.81,232.50,217.50,217.50,9975,0.00,0.00
2000-11-28,225.00,228.00,216.00,217.50,25683,0.00,0.00
2000-11-29,217.69,219.00,209.25,214.50,14417,0.00,0.00
2000-11-30,207.00,207.00,195.00,203.25,27992,0.00,0.00
2000-12-01,203.81,208.50,202.50,204.00,13458,0.00,0.00
2000-12-04,205.50,225.00,195.00,222.00,20850,0.00,0.00
2000-12-05,222.00,229.50,218.25,225.00,17000,0.00,0.00
2000-12-06,222.00,230.25,220.50,221.25,29650,0.00,0.00
2000-12-07,216.00,216.75,205.50,210.00,14900,0.00,0.00
2000-12-08,210.00,212.25,196.50,205.50,150033,0.00,0.00
2000-12-11,208.31,217.50,204.75,216.00,36700,0.00,0.00
2000-12-12,219.00,228.00,210.00,210.00,18733,0.00,0.00
2000-12-13,213.00,215.25,212.25,213.75,8883,0.00,0.00
2000-12-14,212.44,213.00,209.25,210.00,12633,0.00,0.00
2000-12-15,208.50,209.25,204.00,204.00,17000,0.00,0.00
2000-12-18,202.50,202.50,188.25,196.50,15892,0.00,0.00
2000-12-19,201.00,204.00,190.50,193.50,19408,0.00,0.00
2000-12-20,186.75,189.00,154.50,162.75,18367,0.00,0.00
2000-12-21,160.50,160.50,148.50,150.00,42850,0.00,0.00
2000-12-22,151.88,171.75,150.75,156.00,43217,0.00,0.00
2000-12-26,149.81,180.75,147.75,175.50,16825,0.00,0.00
2000-12-27,171.75,204.00,171.75,198.00,28633,0.00,0.00
2000-12-28,184.50,209.25,184.50,207.00,25850,0.00,0.00
2000-12-29,204.75,206.25,184.50,186.00,16808,0.00,0.00
2001-01-02,188.25,193.50,169.50,192.75,20233,0.00,0.00
2001-01-03,187.50,196.50,168.75,192.00,30575,0.00,0.00
2001-01-04,204.00,205.50,180.00,192.75,21392,0.00,0.00
2001-01-05,192.00,196.31,177.75,181.50,8683,0.00,0.00
2001-01-08,178.50,186.00,170.25,186.00,9492,0.00,0.00
2001-01-09,183.19,195.00,183.00,190.50,9992,0.00,0.00
2001-01-10,177.38,197.25,177.00,195.75,19758,0.00,0.00
2001-01-11,197.25,214.50,195.75,213.75,89492,0.00,0.00
2001-01-12,207.00,217.50,207.00,214.50,66025,0.00,0.00
2001-01-16,216.00,216.00,211.50,213.00,9183,0.00,0.00
2001-01-17,216.75,237.75,216.00,235.50,169367,0.00,0.00
2001-01-18,234.00,246.75,231.75,246.00,193608,0.00,0.00
2001-01-19,250.50,285.00,249.00,272.25,133608,0.00,0.00
2001-01-22,267.00,285.00,253.50,262.50,204525,0.00,0.00
2001-01-23,264.00,284.25,258.00,279.00,55658,0.00,0.00
2001-01-24,276.00,297.00,270.75,294.00,54108,0.00,0.00
2001-01-25,292.50,294.00,282.00,286.50,34358,0.00,0.00
2001-01-26,285.75,288.75,261.00,283.50,78442,0.00,0.00
2001-01-29,283.50,287.25,256.50,280.50,198883,0.00,0.00
2001-01-30,282.75,315.00,282.00,313.50,262992,0.00,0.00
2001-01-31,311.06,334.50,294.75,307.50,140492,0.00,0.00
2001-02-01,303.00,336.00,303.00,331.50,111425,0.00,0.00
2001-02-02,323.81,327.00,294.00,303.00,92875,0.00,0.00
2001-02-05,298.12,299.25,263.25,274.50,143283,0.00,0.00
2001-02-06,277.50,288.00,259.50,260.25,63792,0.00,0.00
2001-02-07,259.50,262.50,240.00,240.75,52400,0.00,0.00
2001-02-08,242.06,277.50,240.00,256.50,108242,0.00,0.00
2001-02-09,265.50,282.75,258.00,274.50,53692,0.00,0.00
2001-02-12,274.50,289.50,274.50,288.00,114458,0.00,0.00
2001-02-13,290.25,300.75,288.00,297.00,146642,0.00,0.00
2001-02-14,297.00,297.75,288.00,294.00,83058,0.00,0.00
2001-02-15,291.75,306.00,279.00,304.50,81400,0.00,0.00
2001-02-16,292.50,295.50,271.50,285.75,45750,0.00,0.00
2001-02-20,279.00,279.38,270.75,273.00,24917,0.00,0.00
2001-02-21,263.25,273.00,254.25,272.25,23283,0.00,0.00
2001-02-22,270.00,277.50,253.50,253.50,70658,0.00,0.00
2001-02-23,253.50,255.00,210.00,243.00,52333,0.00,0.00
2001-02-26,243.75,253.50,240.00,244.50,20192,0.00,0.00
2001-02-27,246.00,246.00,220.50,225.00,30050,0.00,0.00
2001-02-28,225.00,237.75,219.00,237.00,64617,0.00,0.00
2001-03-01,235.50,235.50,207.75,216.00,45525,0.00,0.00
2001-03-02,213.00,228.00,210.75,225.00,53517,0.00,0.00
2001-03-05,223.50,225.75,213.00,216.75,25533,0.00,0.00
2001-03-06,219.00,252.75,217.50,252.00,47767,0.00,0.00
2001-03-07,249.75,249.75,234.00,237.00,25092,0.00,0.00
2001-03-08,239.25,239.25,231.75,231.75,9567,0.00,0.00
2001-03-09,231.75,232.50,216.00,216.75,27542,0.00,0.00
2001-03-12,200.25,204.00,187.50,190.50,58833,0.00,0.00
2001-03-13,192.00,193.50,177.00,182.25,47317,0.00,0.00
2001-03-14,180.38,181.50,167.25,172.50,56192,0.00,0.00
2001-03-15,183.00,184.50,174.00,174.75,38017,0.00,0.00
2001-03-16,169.50,173.25,168.00,172.50,18625,0.00,0.00
2001-03-19,174.00,182.25,162.75,172.50,42725,0.00,0.00
2001-03-20,172.50,175.50,166.50,168.75,21467,0.00,0.00
2001-03-21,171.00,171.00,165.00,169.50,12292,0.00,0.00
2001-03-22,168.75,184.50,165.00,183.00,31108,0.00,0.00
2001-03-23,186.00,192.75,183.75,188.25,15175,0.00,0.00
2001-03-26,187.50,188.25,182.62,185.25,12875,0.00,0.00
2001-03-27,186.00,216.00,184.50,216.00,77808,0.00,0.00
2001-03-28,214.50,214.50,201.75,204.00,59558,0.00,0.00
2001-03-29,192.00,192.75,175.50,184.50,50717,0.00,0.00
2001-03-30,184.50,200.25,173.25,199.50,114592,0.00,0.00
2001-04-02,192.75,193.50,174.00,181.50,56217,0.00,0.00
2001-04-03,181.50,182.25,176.25,177.00,16575,0.00,0.00
2001-04-04,173.25,174.75,150.00,150.75,80533,0.00,0.00
2001-04-05,156.00,165.00,152.25,165.00,95583,0.00,0.00
2001-04-06,165.75,168.00,153.75,155.25,50375,0.00,0.00
2001-04-09,157.44,162.96,157.32,160.20,59358,0.00,0.00
2001-04-10,166.20,209.76,166.20,192.00,63308,0.00,0.00
2001-04-11,204.36,221.64,201.00,206.40,46392,0.00,0.00
2001-04-12,203.88,228.00,202.20,216.36,55042,0.00,0.00
2001-04-16,215.04,215.16,199.32,203.64,21425,0.00,0.00
2001-04-17,202.80,221.04,202.08,221.04,27467,0.00,0.00
2001-04-18,220.44,240.48,219.96,231.36,46742,0.00,0.00
2001-04-19,234.00,272.28,231.00,270.00,101933,0.00,0.00
2001-04-20,262.20,278.28,256.20,276.84,97692,0.00,0.00
2001-04-23,272.76,274.20,227.52,242.40,121133,0.00,0.00
2001-04-24,241.68,264.00,240.00,263.04,94342,0.00,0.00
2001-04-25,257.40,262.80,245.76,262.80,65175,0.00,0.00
2001-04-26,261.60,289.32,261.60,287.04,171725,0.00,0.00
2001-04-27,286.80,286.80,251.40,276.00,163400,0.00,0.00
2001-04-30,276.12,303.00,274.44,299.52,140417,0.00,0.00
2001-05-01,299.76,299.88,283.68,294.00,75308,0.00,0.00
2001-05-02,294.00,294.60,285.00,285.00,85458,0.00,0.00
2001-05-03,280.20,280.92,267.72,268.80,59258,0.00,0.00
2001-05-04,265.20,270.60,256.80,264.48,60042,0.00,0.00
2001-05-07,265.44,266.28,261.00,263.88,15050,0.00,0.00
2001-05-08,266.76,277.44,264.12,276.00,25217,0.00,0.00
2001-05-09,276.00,298.44,268.20,294.12,69542,0.00,0.00
2001-05-10,294.00,299.76,285.60,285.72,39067,0.00,0.00
2001-05-11,285.00,285.12,270.00,272.52,13558,0.00,0.00
2001-05-14,271.20,271.20,258.00,269.04,22308,0.00,0.00
2001-05-15,268.92,276.00,267.72,276.00,27983,0.00,0.00
2001-05-16,271.80,306.00,268.80,305.40,148700,0.00,0.00
2001-05-17,301.80,310.20,295.80,307.80,70133,0.00,0.00
2001-05-18,306.00,307.80,300.00,305.28,22900,0.00,0.00
2001-05-21,303.60,327.36,303.48,320.64,102917,0.00,0.00
2001-05-22,322.68,325.20,309.00,312.36,77542,0.00,0.00
2001-05-23,312.60,313.20,300.00,303.48,29008,0.00,0.00
2001-05-24,303.36,303.60,298.80,301.68,45700,0.00,0.00
2001-05-25,299.76,300.00,292.80,294.84,25758,0.00,0.00
2001-05-29,294.84,294.84,267.60,267.72,31642,0.00,0.00
2001-05-30,268.80,268.80,252.00,258.24,56475,0.00,0.00
2001-05-31,258.00,282.36,255.84,282.36,84642,0.00,0.00
2001-06-01,282.00,283.08,276.00,280.80,36000,0.00,0.00
2001-06-04,279.60,299.40,279.60,288.00,35200,0.00,0.00
2001-06-05,285.96,312.84,285.84,312.12,62658,0.00,0.00
2001-06-06,310.20,317.88,304.32,304.32,33258,0.00,0.00
2001-06-07,303.60,319.20,299.64,318.00,26917,0.00,0.00
2001-06-08,318.48,318.72,297.00,297.24,38600,0.00,0.00
2001-06-11,297.24,298.80,281.52,282.00,37200,0.00,0.00
2001-06-12,281.76,281.76,268.92,271.68,42883,0.00,0.00
2001-06-13,272.40,278.64,268.68,270.72,94808,0.00,0.00
2001-06-14,271.20,275.40,265.20,268.56,43833,0.00,0.00
2001-06-15,267.72,291.60,264.00,278.16,47667,0.00,0.00
2001-06-18,276.48,278.64,259.80,263.28,60742,0.00,0.00
2001-06-19,266.40,282.00,264.12,271.20,39025,0.00,0.00
2001-06-20,264.24,265.20,228.00,245.04,212283,0.00,0.00
2001-06-21,245.16,247.80,241.56,244.20,27258,0.00,0.00
2001-06-22,244.56,252.72,240.00,246.48,72767,0.00,0.00
2001-06-25,247.08,250.56,241.44,246.60,58717,0.00,0.00
2001-06-26,242.16,246.36,241.32,244.80,59567,0.00,0.00
2001-06-27,245.52,248.16,243.00,247.44,36533,0.00,0.00
2001-06-28,251.76,258.00,250.80,252.72,50850,0.00,0.00
2001-06-29,252.12,312.00,252.12,279.60,106942,0.00,0.00
2001-07-02,288.36,288.60,282.36,287.28,47408,0.00,0.00
2001-07-03,288.24,288.24,280.56,282.00,16608,0.00,0.00
2001-07-05,279.24,287.04,279.00,285.12,35308,0.00,0.00
2001-07-06,284.28,284.40,273.12,274.08,19700,0.00,0.00
2001-07-09,274.80,280.68,269.28,273.36,23400,0.00,0.00
2001-07-10,277.80,282.00,269.52,270.72,31650,0.00,0.00
2001-07-11,267.72,272.04,258.00,270.72,31750,0.00,0.00
2001-07-12,279.12,301.20,279.00,299.88,147433,0.00,0.00
2001-07-13,300.00,307.32,285.60,295.08,201675,0.00,0.00
2001-07-16,295.56,295.56,276.00,280.08,38217,0.00,0.00
2001-07-17,277.20,278.40,268.80,271.56,37667,0.00,0.00
2001-07-18,252.12,275.28,251.52,261.24,85192,0.00,0.00
2001-07-19,244.56,257.88,243.60,251.52,533333,0.00,0.00
2001-07-20,249.60,255.48,246.36,251.28,117683,0.00,0.00
2001-07-23,252.60,261.00,252.00,253.80,69867,0.00,0.00
2001-07-24,254.16,254.16,246.60,252.60,60267,0.00,0.00
2001-07-25,254.28,256.80,251.40,255.60,47700,0.00,0.00
2001-07-26,256.32,256.32,247.44,249.60,38733,0.00,0.00
2001-07-27,252.00,253.32,249.00,250.20,83175,0.00,0.00
2001-07-30,251.88,257.40,246.96,252.72,35392,0.00,0.00
2001-07-31,253.20,253.20,248.16,248.16,56758,0.00,0.00
2001-08-01,249.96,258.60,244.80,257.40,133375,0.00,0.00
2001-08-02,257.88,266.64,249.96,253.68,71008,0.00,0.00
2001-08-03,253.68,254.88,246.84,249.00,30383,0.00,0.00
2001-08-06,248.88,249.48,222.60,227.16,96883,0.00,0.00
2001-08-07,228.36,231.00,216.84,221.40,135675,0.00,0.00
2001-08-08,221.28,228.48,218.88,224.52,89567,0.00,0.00
2001-08-09,228.84,241.20,227.40,238.32,86067,0.00,0.00
2001-08-10,239.52,241.92,227.40,237.24,38033,0.00,0.00
2001-08-13,237.00,244.80,235.80,239.40,59683,0.00,0.00
2001-08-14,241.20,247.08,241.20,244.56,69192,0.00,0.00
2001-08-15,243.60,245.40,236.40,237.72,53725,0.00,0.00
2001-08-16,236.88,240.00,226.80,231.60,71175,0.00,0.00
2001-08-17,229.92,230.16,222.60,225.60,30075,0.00,0.00
2001-08-20,227.04,230.40,220.80,228.96,52067,0.00,0.00
2001-08-21,228.96,229.80,223.20,223.20,41408,0.00,0.00
2001-08-22,225.00,225.00,214.80,217.20,69117,0.00,0.00
2001-08-23,216.00,218.88,204.00,204.00,48642,0.00,0.00
2001-08-24,204.00,211.20,200.40,207.00,75658,0.00,0.00
2001-08-27,209.28,216.12,203.88,204.00,79775,0.00,0.00
2001-08-28,205.20,205.20,200.40,202.80,114075,0.00,0.00
2001-08-29,204.00,208.92,202.68,203.76,63483,0.00,0.00
2001-08-30,204.00,204.60,198.24,201.00,84592,0.00,0.00
2001-08-31,201.12,202.80,199.80,201.00,25625,0.00,0.00
2001-09-04,200.40,200.40,191.52,192.12,58375,0.00,0.00
2001-09-05,197.04,201.00,188.04,192.60,81358,0.00,0.00
2001-09-06,191.76,192.00,178.68,180.48,74342,0.00,0.00
2001-09-07,179.40,193.20,178.44,192.36,87942,0.00,0.00
2001-09-10,195.12,199.56,187.20,196.20,112633,0.00,0.00
2001-09-17,185.40,189.00,165.00,183.84,82383,0.00,0.00
2001-09-18,188.04,189.00,181.32,186.72,62233,0.00,0.00
2001-09-19,187.20,188.40,174.60,183.00,79600,0.00,0.00
2001-09-20,180.84,183.00,171.72,179.64,65267,0.00,0.00
2001-09-21,175.80,175.92,155.76,163.32,96667,0.00,0.00
2001-09-24,163.56,179.76,163.56,175.80,73717,0.00,0.00
2001-09-25,177.36,183.00,173.40,181.20,79417,0.00,0.00
2001-09-26,180.84,183.84,180.84,183.00,73092,0.00,0.00
2001-09-27,184.08,186.60,175.32,184.44,90158,0.00,0.00
2001-09-28,181.80,195.36,181.80,195.00,68750,0.00,0.00
2001-10-01,193.56,193.68,186.12,186.72,42100,0.00,0.00
2001-10-02,189.36,207.60,189.36,198.00,69033,0.00,0.00
2001-10-03,196.80,226.56,195.12,224.16,139233,0.00,0.00
2001-10-04,224.28,233.40,213.60,216.00,129300,0.00,0.00
2001-10-05,214.56,214.56,199.20,199.20,141008,0.00,0.00
2001-10-08,198.60,200.52,191.40,191.64,56000,0.00,0.00
2001-10-09,192.48,205.92,187.44,205.92,117450,0.00,0.00
2001-10-10,206.04,225.60,206.04,222.96,109992,0.00,0.00
2001-10-11,226.80,244.56,224.40,242.88,275300,0.00,0.00
2001-10-12,241.80,241.92,229.44,233.16,51783,0.00,0.00
2001-10-15,231.60,232.68,225.24,231.84,61983,0.00,0.00
2001-10-16,231.84,234.36,226.92,231.24,73650,0.00,0.00
2001-10-17,235.32,239.40,229.20,229.32,45642,0.00,0.00
2001-10-18,229.20,241.80,229.20,239.88,83525,0.00,0.00
2001-10-19,240.60,243.60,235.20,241.80,38933,0.00,0.00
2001-10-22,243.60,253.08,241.08,248.52,92408,0.00,0.00
2001-10-23,250.56,253.80,242.16,245.40,100550,0.00,0.00
2001-10-24,268.68,275.64,265.20,270.12,427117,0.00,0.00
2001-10-25,269.76,270.00,256.56,268.68,115617,0.00,0.00
2001-10-26,266.40,270.00,261.84,262.20,64417,0.00,0.00
2001-10-29,263.16,275.88,259.32,266.52,106225,0.00,0.00
2001-10-30,264.00,275.88,262.44,274.20,96992,0.00,0.00
2001-10-31,274.92,293.40,273.84,281.76,218058,0.00,0.00
2001-11-01,282.72,286.08,272.40,280.56,96542,0.00,0.00
2001-11-02,279.12,288.00,277.80,287.40,83617,0.00,0.00
2001-11-05,287.88,293.40,285.00,288.24,92342,0.00,0.00
2001-11-06,287.04,289.68,266.40,279.60,90642,0.00,0.00
2001-11-07,273.96,274.08,265.80,267.00,186092,0.00,0.00
2001-11-08,268.44,274.80,252.72,260.40,131142,0.00,0.00
2001-11-09,258.24,262.20,242.52,245.76,190983,0.00,0.00
2001-11-12,246.12,260.28,244.08,248.04,99625,0.00,0.00
2001-11-13,260.28,272.88,258.48,269.04,137358,0.00,0.00
2001-11-14,271.44,283.92,270.72,276.60,147833,0.00,0.00
2001-11-15,277.20,288.60,276.60,287.40,114042,0.00,0.00
2001-11-16,284.40,292.68,283.80,289.68,90283,0.00,0.00
2001-11-19,286.20,291.36,285.60,287.64,99767,0.00,0.00
2001-11-20,286.80,288.00,280.20,282.36,48067,0.00,0.00
2001-11-21,279.00,279.60,262.80,274.92,59025,0.00,0.00
2001-11-23,275.76,277.20,268.80,271.68,14400,0.00,0.00
2001-11-26,268.92,276.00,267.60,272.28,117408,0.00,0.00
2001-11-27,272.40,273.96,264.00,264.84,75767,0.00,0.00
2001-11-28,264.84,268.20,261.60,264.60,57617,0.00,0.00
2001-11-29,264.00,272.88,264.00,270.60,51825,0.00,0.00
2001-11-30,270.72,289.80,270.60,287.28,195325,0.00,0.00
2001-12-03,286.44,303.48,286.32,291.84,206733,0.00,0.00
2001-12-04,298.92,330.00,297.72,328.20,387975,0.00,0.00
2001-12-05,331.80,372.96,331.20,363.12,636692,0.00,0.00
2001-12-06,362.52,369.24,358.08,363.24,267542,0.00,0.00
2001-12-07,361.20,361.20,350.40,357.48,189167,0.00,0.00
2001-12-10,355.80,377.16,354.00,365.16,284942,0.00,0.00
2001-12-11,367.08,374.16,342.24,350.76,202033,0.00,0.00
2001-12-12,348.48,354.00,330.12,348.60,178017,0.00,0.00
2001-12-13,340.20,342.00,310.20,318.00,150058,0.00,0.00
2001-12-14,315.60,343.32,310.80,339.36,145075,0.00,0.00
2001-12-17,342.48,350.04,327.48,336.00,84642,0.00,0.00
2001-12-18,339.00,342.72,325.44,335.40,73825,0.00,0.00
2001-12-19,330.60,347.52,324.60,333.12,119650,0.00,0.00
2001-12-20,333.72,334.80,312.00,312.60,90575,0.00,0.00
2001-12-21,313.80,322.20,306.00,310.32,88900,0.00,0.00
2001-12-24,309.12,326.40,309.00,324.00,59275,0.00,0.00
2001-12-26,330.00,351.96,328.08,349.44,107250,0.00,0.00
2001-12-27,354.60,360.00,344.88,349.92,108992,0.00,0.00
2001-12-28,350.52,364.80,340.80,346.08,126900,0.00,0.00
2001-12-31,352.08,357.60,341.04,342.00,100667,0.00,0.00
2002-01-02,348.12,350.28,333.72,348.60,111575,0.00,0.00
2002-01-03,349.08,374.88,343.08,373.80,144392,0.00,0.00
2002-01-04,387.36,399.36,378.60,391.80,312633,0.00,0.00
2002-01-07,397.20,397.20,375.84,377.64,126092,0.00,0.00
2002-01-08,387.96,406.08,379.80,405.84,209092,0.00,0.00
2002-01-09,414.12,427.92,403.56,407.40,284617,0.00,0.00
2002-01-10,410.04,411.60,373.68,380.16,202050,0.00,0.00
2002-01-11,383.88,384.00,372.60,374.04,73592,0.00,0.00
2002-01-14,374.04,375.00,338.76,348.72,231583,0.00,0.00
2002-01-15,350.28,357.24,340.20,351.96,120917,0.00,0.00
2002-01-16,342.84,342.84,323.40,325.32,165467,0.00,0.00
2002-01-17,338.52,370.20,333.00,369.60,274792,0.00,0.00
2002-01-18,353.88,361.56,349.80,350.64,119800,0.00,0.00
2002-01-22,358.20,359.52,330.60,333.60,126400,0.00,0.00
2002-01-23,335.52,352.68,330.60,346.92,173142,0.00,0.00
2002-01-24,349.20,355.80,347.40,348.24,167683,0.00,0.00
2002-01-25,342.00,367.92,339.60,361.44,146775,0.00,0.00
2002-01-28,368.52,380.16,363.60,375.84,139433,0.00,0.00
2002-01-29,370.92,371.76,335.52,335.88,293725,0.00,0.00
2002-01-30,341.40,341.40,307.20,313.44,414550,0.00,0.00
2002-01-31,309.24,317.76,303.00,311.04,167592,0.00,0.00
2002-02-01,306.60,315.96,305.88,307.80,95758,0.00,0.00
2002-02-04,306.12,306.12,280.92,298.20,270500,0.00,0.00
2002-02-05,293.88,310.68,291.00,299.16,158050,0.00,0.00
2002-02-06,282.00,288.00,248.04,256.56,553925,0.00,0.00
2002-02-07,253.44,270.60,253.44,266.40,208750,0.00,0.00
2002-02-08,267.00,268.20,256.92,264.60,133325,0.00,0.00
2002-02-11,259.80,288.60,258.00,288.12,143458,0.00,0.00
2002-02-12,288.72,297.36,277.20,293.40,157767,0.00,0.00
2002-02-13,298.32,303.48,273.60,281.04,103917,0.00,0.00
2002-02-14,280.20,290.16,270.96,280.08,80675,0.00,0.00
2002-02-15,280.32,284.64,272.16,278.40,87500,0.00,0.00
2002-02-19,278.28,280.20,267.60,270.72,136467,0.00,0.00
2002-02-20,272.40,272.52,261.00,269.52,87383,0.00,0.00
2002-02-21,266.76,267.60,258.00,261.48,97600,0.00,0.00
2002-02-22,260.64,261.24,250.32,258.00,74858,0.00,0.00
2002-02-25,253.56,272.52,251.16,264.96,95650,0.00,0.00
2002-02-26,264.84,268.20,258.00,263.04,59733,0.00,0.00
2002-02-27,264.48,271.20,249.60,249.72,111017,0.00,0.00
2002-02-28,249.24,249.72,240.24,243.00,141933,0.00,0.00
2002-03-01,250.32,277.08,245.04,275.16,611400,0.00,0.00
2002-03-04,282.48,287.52,265.80,267.60,290367,0.00,0.00
2002-03-05,275.28,299.64,274.20,296.40,318750,0.00,0.00
2002-03-06,296.16,296.28,275.04,276.96,221200,0.00,0.00
2002-03-07,278.52,278.52,259.80,267.72,289983,0.00,0.00
2002-03-08,273.00,290.40,272.40,287.76,155367,0.00,0.00
2002-03-11,286.68,298.68,283.20,290.64,104625,0.00,0.00
2002-03-12,290.52,293.40,282.00,291.12,167558,0.00,0.00
2002-03-13,291.60,294.00,279.00,280.32,86442,0.00,0.00
2002-03-14,283.32,289.20,280.80,282.12,74683,0.00,0.00
2002-03-15,281.40,289.32,280.80,288.24,83600,0.00,0.00
2002-03-18,289.44,296.64,285.96,286.20,72642,0.00,0.00
2002-03-19,289.20,294.36,286.20,287.04,51775,0.00,0.00
2002-03-20,286.20,287.64,272.40,276.24,73975,0.00,0.00
2002-03-21,276.96,290.52,276.96,290.52,58450,0.00,0.00
2002-03-22,289.80,293.04,284.52,285.12,42158,0.00,0.00
2002-03-25,286.68,290.40,279.60,285.48,59483,0.00,0.00
2002-03-26,285.60,289.44,282.24,288.00,98233,0.00,0.00
2002-03-27,293.52,305.40,288.48,303.00,141642,0.00,0.00
2002-03-28,309.00,318.96,305.76,314.76,139233,0.00,0.00
2002-04-01,314.16,315.60,300.60,308.88,85158,0.00,0.00
2002-04-02,309.12,309.60,288.48,292.20,97100,0.00,0.00
2002-04-03,291.60,299.40,291.00,296.40,71242,0.00,0.00
2002-04-04,296.40,305.40,290.88,294.36,47083,0.00,0.00
2002-04-05,298.20,302.40,290.40,293.40,37333,0.00,0.00
2002-04-08,291.84,306.00,285.00,299.76,77158,0.00,0.00
2002-04-09,300.72,310.08,288.00,288.00,66017,0.00,0.00
2002-04-10,289.56,292.92,276.96,286.80,63883,0.00,0.00
2002-04-11,286.80,289.20,280.20,280.32,71408,0.00,0.00
2002-04-12,283.20,292.68,282.60,287.88,53292,0.00,0.00
2002-04-15,294.36,307.20,292.80,299.64,86900,0.00,0.00
2002-04-16,306.84,327.72,303.00,324.36,150283,0.00,0.00
2002-04-17,326.40,328.80,309.00,312.48,112942,0.00,0.00
2002-04-18,314.40,326.64,312.00,320.40,164500,0.00,0.00
2002-04-19,325.44,330.48,307.20,319.08,216008,0.00,0.00
2002-04-22,318.12,318.12,303.24,312.00,82475,0.00,0.00
2002-04-23,310.20,310.56,300.00,301.80,35350,0.00,0.00
2002-04-24,301.44,310.08,293.16,297.12,81700,0.00,0.00
2002-04-25,296.16,301.20,287.64,299.52,70775,0.00,0.00
2002-04-26,300.72,305.88,288.36,290.28,69858,0.00,0.00
2002-04-29,292.92,296.88,286.20,287.64,47325,0.00,0.00
2002-04-30,288.60,296.76,284.16,294.00,53767,0.00,0.00
2002-05-01,292.80,294.12,288.00,290.40,70892,0.00,0.00
2002-05-02,291.60,294.84,274.44,275.64,99892,0.00,0.00
2002-05-03,274.68,274.68,260.52,264.24,155500,0.00,0.00
2002-05-06,262.80,269.28,249.60,254.52,123783,0.00,0.00
2002-05-07,255.72,259.80,248.40,249.72,120592,0.00,0.00
2002-05-08,270.24,275.88,261.96,265.32,247958,0.00,0.00
2002-05-09,265.80,266.88,250.56,251.40,139242,0.00,0.00
2002-05-10,252.48,254.40,228.60,235.80,261017,0.00,0.00
2002-05-13,238.20,252.00,237.48,246.60,182600,0.00,0.00
2002-05-14,254.52,275.64,254.28,274.80,233467,0.00,0.00
2002-05-15,279.60,288.84,267.00,282.00,277533,0.00,0.00
2002-05-16,282.36,287.40,277.32,283.32,70808,0.00,0.00
2002-05-17,285.60,288.60,276.60,282.24,54433,0.00,0.00
2002-05-20,276.60,281.40,266.40,269.76,65033,0.00,0.00
2002-05-21,271.20,275.88,264.72,268.20,92617,0.00,0.00
2002-05-22,268.32,273.84,262.32,269.40,69042,0.00,0.00
2002-05-23,273.96,279.48,268.20,276.36,93400,0.00,0.00
2002-05-24,276.48,276.60,269.52,273.96,22200,0.00,0.00
2002-05-28,273.24,278.16,270.12,271.56,49725,0.00,0.00
2002-05-29,271.20,273.60,269.40,269.40,38325,0.00,0.00
2002-05-30,268.68,269.88,262.20,263.40,123033,0.00,0.00
2002-05-31,265.08,271.20,264.72,267.00,45067,0.00,0.00
2002-06-03,265.32,266.04,249.24,249.72,61175,0.00,0.00
2002-06-04,257.04,261.60,251.64,258.84,61108,0.00,0.00
2002-06-05,257.52,259.20,244.44,250.80,120925,0.00,0.00
2002-06-06,252.00,252.48,236.88,243.72,77200,0.00,0.00
2002-06-07,238.80,249.96,237.72,246.36,53842,0.00,0.00
2002-06-10,249.60,250.80,243.00,243.60,31550,0.00,0.00
2002-06-11,244.80,255.72,241.56,243.00,56008,0.00,0.00
2002-06-12,243.00,247.20,237.12,244.80,91117,0.00,0.00
2002-06-13,244.80,246.60,240.24,242.88,56358,0.00,0.00
2002-06-14,236.52,237.96,218.88,236.52,125967,0.00,0.00
2002-06-17,238.80,250.68,237.48,247.32,75342,0.00,0.00
2002-06-18,247.56,254.40,245.40,245.52,53875,0.00,0.00
2002-06-19,243.84,245.40,238.92,240.36,48317,0.00,0.00
2002-06-20,240.60,244.32,230.64,236.64,57058,0.00,0.00
2002-06-21,237.84,239.40,231.96,233.88,36708,0.00,0.00
2002-06-24,231.96,233.88,221.88,229.68,82367,0.00,0.00
2002-06-25,230.40,233.16,221.40,222.96,59275,0.00,0.00
2002-06-26,217.92,234.36,209.40,233.88,88433,0.00,0.00
2002-06-27,236.64,241.80,231.12,241.08,57492,0.00,0.00
2002-06-28,241.08,251.64,241.08,242.04,90958,0.00,0.00
2002-07-01,245.40,246.96,233.28,237.24,75842,0.00,0.00
2002-07-02,233.52,234.60,219.60,220.92,70950,0.00,0.00
2002-07-03,219.84,231.96,219.00,228.84,62708,0.00,0.00
2002-07-05,232.20,240.60,230.40,240.00,46550,0.00,0.00
2002-07-08,240.00,240.60,228.00,228.60,50308,0.00,0.00
2002-07-09,226.20,232.20,226.20,228.12,49333,0.00,0.00
2002-07-10,229.32,231.60,220.68,224.16,67950,0.00,0.00
2002-07-11,224.40,231.60,216.60,231.24,81075,0.00,0.00
2002-07-12,231.60,240.60,230.88,236.40,54208,0.00,0.00
2002-07-15,233.64,238.44,228.72,238.32,37358,0.00,0.00
2002-07-16,233.16,255.24,232.80,249.12,145533,0.00,0.00
2002-07-17,260.64,264.60,248.04,249.84,117008,0.00,0.00
2002-07-18,250.08,253.08,248.04,248.04,73450,0.00,0.00
2002-07-19,249.84,251.88,237.24,248.40,72008,0.00,0.00
2002-07-22,250.32,253.80,241.80,248.64,68625,0.00,0.00
2002-07-23,251.40,251.40,221.40,223.20,124042,0.00,0.00
2002-07-24,220.68,220.68,199.08,208.56,246183,0.00,0.00
2002-07-25,210.00,210.48,177.60,188.64,153133,0.00,0.00
2002-07-26,190.32,196.80,184.44,192.60,95908,0.00,0.00
2002-07-29,194.40,211.80,194.40,204.96,83075,0.00,0.00
2002-07-30,203.64,218.64,199.08,212.52,82633,0.00,0.00
2002-07-31,210.84,213.24,206.52,209.40,60508,0.00,0.00
2002-08-01,209.52,209.64,197.52,199.92,59508,0.00,0.00
2002-08-02,199.68,199.68,188.88,193.08,89933,0.00,0.00
2002-08-05,192.00,194.40,177.00,177.96,63350,0.00,0.00
2002-08-06,184.92,197.04,184.80,192.12,97492,0.00,0.00
2002-08-07,197.52,197.88,184.80,194.52,40750,0.00,0.00
2002-08-08,193.80,203.04,189.00,199.20,46650,0.00,0.00
2002-08-09,195.48,198.00,186.00,194.28,51400,0.00,0.00
2002-08-12,202.80,204.00,190.20,194.76,38533,0.00,0.00
2002-08-13,195.00,198.48,189.84,191.76,30800,0.00,0.00
2002-08-14,192.60,195.00,184.20,192.24,94150,0.00,0.00
2002-08-15,191.40,191.40,154.44,167.76,536808,0.00,0.00
2002-08-16,165.72,173.04,161.40,170.76,188825,0.00,0.00
2002-08-19,170.76,174.60,167.40,169.80,95883,0.00,0.00
2002-08-20,169.20,169.32,159.72,160.56,83417,0.00,0.00
2002-08-21,162.72,180.36,162.60,178.80,133642,0.00,0.00
2002-08-22,184.80,188.40,174.00,183.84,109850,0.00,0.00
2002-08-23,182.16,182.16,168.36,171.72,61558,0.00,0.00
2002-08-26,172.44,178.08,166.68,174.00,54767,0.00,0.00
2002-08-27,165.84,166.80,147.36,162.00,387467,0.00,0.00
2002-08-28,159.12,163.08,150.60,150.84,143642,0.00,0.00
2002-08-29,149.04,162.24,149.04,157.08,802725,0.00,0.00
2002-08-30,160.92,165.60,155.40,158.40,266900,0.00,0.00
2002-09-03,158.76,158.76,146.52,154.08,271483,0.00,0.00
2002-09-04,154.20,162.00,153.24,162.00,152217,0.00,0.00
2002-09-05,160.20,160.92,156.12,157.80,88983,0.00,0.00
2002-09-06,158.16,165.12,158.16,159.60,59550,0.00,0.00
2002-09-09,159.24,163.80,156.60,162.96,100817,0.00,0.00
2002-09-10,162.84,167.40,162.72,164.64,87692,0.00,0.00
2002-09-11,164.40,174.00,164.28,169.20,117292,0.00,0.00
2002-09-12,167.16,173.40,165.12,171.48,121967,0.00,0.00
2002-09-13,168.96,174.96,168.96,172.92,85183,0.00,0.00
2002-09-16,173.64,173.88,171.00,171.84,113267,0.00,0.00
2002-09-17,174.60,178.20,172.20,174.48,113242,0.00,0.00
2002-09-18,174.36,176.88,171.72,175.08,86458,0.00,0.00
2002-09-19,175.44,184.80,175.44,180.96,174575,0.00,0.00
2002-09-20,180.96,181.56,176.40,179.16,125700,0.00,0.00
2002-09-23,178.68,178.80,171.84,172.68,69158,0.00,0.00
2002-09-24,171.48,174.00,163.32,167.28,138617,0.00,0.00
2002-09-25,171.84,178.08,171.84,175.92,112975,0.00,0.00
2002-09-26,180.12,197.76,180.00,188.28,181258,0.00,0.00
2002-09-27,185.40,200.88,184.20,195.00,167958,0.00,0.00
2002-09-30,194.40,195.24,177.84,183.24,180708,0.00,0.00
2002-10-01,184.92,199.20,184.20,194.76,141550,0.00,0.00
2002-10-02,191.28,198.60,190.80,194.52,127158,0.00,0.00
2002-10-03,193.92,198.72,190.80,194.40,72842,0.00,0.00
2002-10-04,196.32,198.84,192.72,194.40,69283,0.00,0.00
2002-10-07,194.16,197.40,187.44,187.92,59225,0.00,0.00
2002-10-08,187.08,195.00,183.00,193.80,85775,0.00,0.00
2002-10-09,194.16,194.16,189.36,191.40,96483,0.00,0.00
2002-10-10,191.28,210.60,191.04,207.00,147775,0.00,0.00
2002-10-11,213.60,217.56,209.04,216.12,109900,0.00,0.00
2002-10-14,215.88,216.00,208.68,212.40,61658,0.00,0.00
2002-10-15,218.28,228.48,218.16,223.20,163592,0.00,0.00
2002-10-16,222.24,222.24,210.96,212.64,88625,0.00,0.00
2002-10-17,223.20,225.96,215.88,218.40,183300,0.00,0.00
2002-10-18,216.00,216.00,184.44,200.40,396283,0.00,0.00
2002-10-21,198.60,198.60,191.76,197.16,125358,0.00,0.00
2002-10-22,198.00,204.36,191.64,199.08,121475,0.00,0.00
2002-10-23,197.52,199.56,191.52,194.40,114900,0.00,0.00
2002-10-24,195.00,202.08,191.52,193.92,98750,0.00,0.00
2002-10-25,193.80,199.56,192.36,198.48,57100,0.00,0.00
2002-10-28,199.80,206.28,198.00,199.20,81683,0.00,0.00
2002-10-29,199.20,199.20,190.08,195.24,124775,0.00,0.00
2002-10-30,195.96,208.08,195.00,206.28,96283,0.00,0.00
2002-10-31,204.48,205.80,200.40,204.96,82992,0.00,0.00
2002-11-01,204.12,216.60,200.52,214.92,105758,0.00,0.00
2002-11-04,215.88,225.96,215.88,216.96,150417,0.00,0.00
2002-11-05,217.20,217.68,207.72,212.28,129733,0.00,0.00
2002-11-06,214.32,216.00,206.88,212.40,120267,0.00,0.00
2002-11-07,210.12,211.20,204.12,207.36,63850,0.00,0.00
2002-11-08,207.48,213.12,204.48,210.72,70317,0.00,0.00
2002-11-11,207.48,208.80,200.28,202.08,64192,0.00,0.00
2002-11-12,201.60,216.00,201.60,207.84,76208,0.00,0.00
2002-11-13,207.48,212.88,202.20,210.72,60600,0.00,0.00
2002-11-14,213.12,217.20,211.68,215.28,107450,0.00,0.00
2002-11-15,214.68,220.20,211.20,219.84,118017,0.00,0.00
2002-11-18,221.40,234.00,221.28,228.24,162058,0.00,0.00
2002-11-19,230.40,239.16,224.64,237.00,176117,0.00,0.00
2002-11-20,239.52,240.60,234.60,240.00,162667,0.00,0.00
2002-11-21,243.00,256.80,237.48,253.20,191225,0.00,0.00
2002-11-22,252.60,252.72,238.80,246.12,132742,0.00,0.00
2002-11-25,239.64,241.20,226.20,229.20,230633,0.00,0.00
2002-11-26,228.00,243.96,228.00,237.00,118600,0.00,0.00
2002-11-27,240.72,247.80,238.92,244.20,60075,0.00,0.00
2002-11-29,245.04,252.00,244.20,246.60,32692,0.00,0.00
2002-12-02,249.24,257.40,244.80,246.60,97117,0.00,0.00
2002-12-03,246.00,246.84,237.00,238.68,66458,0.00,0.00
2002-12-04,237.00,238.20,224.40,230.28,147792,0.00,0.00
2002-12-05,234.24,235.68,221.28,221.40,161050,0.00,0.00
2002-12-06,222.00,238.68,217.20,231.60,169700,0.00,0.00
2002-12-09,233.88,234.00,222.00,223.20,119300,0.00,0.00
2002-12-10,224.04,225.00,219.48,222.24,148683,0.00,0.00
2002-12-11,220.68,227.28,219.24,224.76,97700,0.00,0.00
2002-12-12,225.00,229.80,222.96,226.20,73317,0.00,0.00
2002-12-13,223.80,226.92,220.80,224.40,60725,0.00,0.00
2002-12-16,225.12,228.96,223.08,226.80,75408,0.00,0.00
2002-12-17,227.04,229.92,225.24,229.08,95625,0.00,0.00
2002-12-18,223.92,228.84,220.56,223.08,50483,0.00,0.00
2002-12-19,222.72,227.04,217.80,218.88,59258,0.00,0.00
2002-12-20,219.12,228.00,218.40,227.76,51833,0.00,0.00
2002-12-23,227.04,231.60,223.32,231.24,41725,0.00,0.00
2002-12-24,229.92,231.00,227.88,229.56,14550,0.00,0.00
2002-12-26,229.44,231.60,226.44,229.20,21708,0.00,0.00
2002-12-27,227.88,233.88,226.92,229.20,40633,0.00,0.00
2002-12-30,229.80,234.00,229.68,234.00,65575,0.00,0.00
2002-12-31,234.00,238.56,234.00,237.96,54708,0.00,0.00
2003-01-02,238.08,242.40,236.64,242.04,46158,0.00,0.00
2003-01-03,241.20,242.76,237.12,240.36,32650,0.00,0.00
2003-01-06,240.72,254.28,239.52,253.80,116975,0.00,0.00
2003-01-07,253.92,264.00,253.80,261.96,162617,0.00,0.00
2003-01-08,265.92,269.76,261.24,262.92,229108,0.00,0.00
2003-01-09,263.40,266.28,253.68,255.60,110142,0.00,0.00
2003-01-10,254.28,267.00,250.80,261.48,146400,0.00,0.00
2003-01-13,264.36,271.32,264.12,269.16,103050,0.00,0.00
2003-01-14,269.16,282.00,269.04,281.52,172275,0.00,0.00
2003-01-15,282.00,288.00,281.40,286.68,134250,0.00,0.00
2003-01-16,286.44,286.80,276.00,279.72,157475,0.00,0.00
2003-01-17,274.92,276.00,261.84,265.80,96825,0.00,0.00
2003-01-21,270.12,274.08,258.84,259.20,129700,0.00,0.00
2003-01-22,259.80,272.88,254.28,270.12,203658,0.00,0.00
2003-01-23,273.12,280.08,270.72,273.96,223925,0.00,0.00
2003-01-24,259.80,259.80,235.32,235.80,427233,0.00,0.00
2003-01-27,233.76,238.20,229.92,230.40,205925,0.00,0.00
2003-01-28,232.32,240.00,223.80,238.32,147883,0.00,0.00
2003-01-29,237.48,237.60,229.32,236.52,113708,0.00,0.00
2003-01-30,236.88,241.44,232.20,235.56,111567,0.00,0.00
2003-01-31,233.76,235.20,224.52,231.24,102308,0.00,0.00
2003-02-03,232.32,234.00,226.80,228.48,59417,0.00,0.00
2003-02-04,227.88,230.40,223.80,229.68,99025,0.00,0.00
2003-02-05,229.56,231.48,225.60,225.72,69917,0.00,0.00
2003-02-06,225.48,225.96,217.80,223.08,107775,0.00,0.00
2003-02-07,222.60,224.40,202.56,207.48,209400,0.00,0.00
2003-02-10,205.80,218.88,205.68,218.28,109392,0.00,0.00
2003-02-11,223.20,224.64,218.40,220.20,72125,0.00,0.00
2003-02-12,219.84,222.00,216.60,218.76,59783,0.00,0.00
2003-02-13,219.48,222.96,214.44,219.84,79408,0.00,0.00
2003-02-14,219.72,221.52,212.40,214.56,73558,0.00,0.00
2003-02-18,215.16,221.40,214.80,215.52,103708,0.00,0.00
2003-02-19,217.08,226.80,216.60,222.12,117150,0.00,0.00
2003-02-20,222.48,223.80,217.20,219.00,70950,0.00,0.00
2003-02-21,218.88,220.20,213.84,219.00,137983,0.00,0.00
2003-02-24,218.64,219.60,217.68,218.40,53650,0.00,0.00
2003-02-25,217.32,217.44,213.00,214.56,43467,0.00,0.00
2003-02-26,214.44,217.80,213.96,215.28,82733,0.00,0.00
2003-02-27,213.60,218.04,212.40,216.00,71292,0.00,0.00
2003-02-28,216.12,220.44,216.00,218.16,68467,0.00,0.00
2003-03-03,221.28,230.88,221.04,230.64,189500,0.00,0.00
2003-03-04,229.32,230.28,223.08,224.04,99850,0.00,0.00
2003-03-05,218.52,222.00,216.96,219.00,93125,0.00,0.00
2003-03-06,219.60,220.80,219.00,219.60,120450,0.00,0.00
2003-03-07,199.44,205.80,198.72,204.24,1633508,0.00,0.00
2003-03-10,201.84,205.08,199.92,204.00,177517,0.00,0.00
2003-03-11,207.12,211.32,206.04,207.84,526700,0.00,0.00
2003-03-12,207.60,211.80,205.80,209.28,194258,0.00,0.00
2003-03-13,218.64,219.60,210.24,216.84,357592,0.00,0.00
2003-03-14,218.28,229.20,217.56,227.76,340700,0.00,0.00
2003-03-17,225.84,235.44,225.24,232.80,211650,0.00,0.00
2003-03-18,233.88,237.60,229.08,234.84,169650,0.00,0.00
2003-03-19,234.24,238.92,231.00,236.64,244983,0.00,0.00
2003-03-20,236.28,236.88,228.60,233.40,102250,0.00,0.00
2003-03-21,234.48,244.68,234.24,244.20,205508,0.00,0.00
2003-03-24,238.68,238.68,229.32,231.12,119100,0.00,0.00
2003-03-25,231.12,240.00,231.12,240.00,138967,0.00,0.00
2003-03-26,242.28,249.00,240.48,245.28,171158,0.00,0.00
2003-03-27,243.72,248.40,236.04,242.40,101008,0.00,0.00
2003-03-28,242.28,243.00,238.56,242.52,102725,0.00,0.00
2003-03-31,242.28,243.24,234.72,239.88,169650,0.00,0.00
2003-04-01,241.20,252.00,240.60,247.80,162833,0.00,0.00
2003-04-02,250.80,261.60,250.20,257.64,226600,0.00,0.00
2003-04-03,259.44,262.80,252.36,255.36,195517,0.00,0.00
2003-04-04,255.24,259.80,250.80,252.36,92317,0.00,0.00
2003-04-07,260.40,261.60,252.84,254.28,111367,0.00,0.00
2003-04-08,258.00,258.00,249.96,251.04,125658,0.00,0.00
2003-04-09,250.20,252.00,239.52,240.00,207433,0.00,0.00
2003-04-10,241.20,241.20,235.92,237.12,173950,0.00,0.00
2003-04-11,239.16,240.72,236.40,237.36,155842,0.00,0.00
2003-04-14,237.60,240.36,236.64,239.28,102133,0.00,0.00
2003-04-15,239.40,245.88,239.40,242.52,145858,0.00,0.00
2003-04-16,246.00,247.20,239.04,239.88,247933,0.00,0.00
2003-04-17,247.80,263.28,246.84,263.28,556917,0.00,0.00
2003-04-21,264.36,276.00,263.64,271.56,306950,0.00,0.00
2003-04-22,269.76,282.72,268.80,280.68,192958,0.00,0.00
2003-04-23,282.00,283.20,264.12,279.00,207033,0.00,0.00
2003-04-24,278.88,278.88,262.80,265.08,234158,0.00,0.00
2003-04-25,264.60,264.60,246.00,247.92,251508,0.00,0.00
2003-04-28,250.80,251.88,242.04,245.40,272608,0.00,0.00
2003-04-29,248.40,263.76,247.92,259.32,232625,0.00,0.00
2003-04-30,260.16,264.36,258.00,261.36,132425,0.00,0.00
2003-05-01,261.60,274.44,261.24,269.88,309167,0.00,0.00
2003-05-02,269.64,285.96,267.36,280.32,198967,0.00,0.00
2003-05-05,282.84,288.00,278.28,283.80,197808,0.00,0.00
2003-05-06,284.16,286.68,280.20,282.96,173550,0.00,0.00
2003-05-07,281.76,283.80,274.32,277.32,248408,0.00,0.00
2003-05-08,275.76,276.96,267.60,270.48,148292,0.00,0.00
2003-05-09,270.00,282.60,268.80,281.04,179117,0.00,0.00
2003-05-12,281.28,285.60,278.28,282.60,169517,0.00,0.00
2003-05-13,282.60,301.80,279.60,300.84,366150,0.00,0.00
2003-05-14,301.08,314.16,297.60,311.88,464525,0.00,0.00
2003-05-15,313.32,328.20,312.00,324.96,650658,0.00,0.00
2003-05-16,323.28,327.36,314.76,323.88,216825,0.00,0.00
2003-05-19,323.28,324.72,309.12,314.16,218533,0.00,0.00
2003-05-20,317.04,320.28,303.60,308.88,267017,0.00,0.00
2003-05-21,314.52,327.48,311.88,326.28,318875,0.00,0.00
2003-05-22,329.88,335.76,322.20,327.72,253833,0.00,0.00
2003-05-23,331.92,342.48,329.52,340.80,222683,0.00,0.00
2003-05-27,343.44,346.80,336.00,345.48,227533,0.00,0.00
2003-05-28,347.52,354.00,342.00,351.36,206342,0.00,0.00
2003-05-29,352.80,354.00,344.16,349.20,148500,0.00,0.00
2003-05-30,349.92,357.96,346.68,355.80,151717,0.00,0.00
2003-06-02,357.12,359.40,339.84,341.40,264550,0.00,0.00
2003-06-03,337.80,341.40,331.20,335.52,222225,0.00,0.00
2003-06-04,333.24,349.56,331.32,346.80,225800,0.00,0.00
2003-06-05,347.76,348.12,344.40,346.68,164917,0.00,0.00
2003-06-06,351.00,363.48,341.88,342.60,311175,0.00,0.00
2003-06-09,342.00,348.00,336.00,342.60,146200,0.00,0.00
2003-06-10,345.12,360.00,342.00,359.28,192600,0.00,0.00
2003-06-11,360.00,387.84,356.16,385.44,506850,0.00,0.00
2003-06-12,391.56,397.20,387.48,391.20,270625,0.00,0.00
2003-06-13,392.40,392.40,371.16,382.80,216550,0.00,0.00
2003-06-16,385.44,402.36,373.08,402.24,230033,0.00,0.00
2003-06-17,407.64,420.00,405.48,415.20,265150,0.00,0.00
2003-06-18,390.72,412.92,377.04,399.24,698558,0.00,0.00
2003-06-19,403.80,415.44,397.80,403.92,230625,0.00,0.00
2003-06-20,405.36,412.20,388.56,392.04,232383,0.00,0.00
2003-06-23,392.88,403.68,375.60,378.36,234767,0.00,0.00
2003-06-24,376.44,397.80,371.04,391.80,296650,0.00,0.00
2003-06-25,391.92,402.24,388.20,392.40,163250,0.00,0.00
2003-06-26,395.64,422.76,392.04,409.92,311092,0.00,0.00
2003-06-27,415.20,430.32,415.20,424.20,242342,0.00,0.00
2003-06-30,433.68,442.80,425.28,427.68,277183,0.00,0.00
2003-07-01,426.00,426.00,409.20,425.04,169375,0.00,0.00
2003-07-02,432.00,441.60,426.12,436.08,260925,0.00,0.00
2003-07-03,435.48,446.76,432.00,439.92,100625,0.00,0.00
2003-07-07,459.00,471.00,451.20,469.80,301242,0.00,0.00
2003-07-08,479.40,482.04,472.08,478.92,316933,0.00,0.00
2003-07-09,479.40,498.60,476.52,488.64,330475,0.00,0.00
2003-07-10,489.60,490.68,470.28,473.40,323375,0.00,0.00
2003-07-11,471.36,474.60,459.60,466.08,247817,0.00,0.00
2003-07-14,481.80,492.12,480.60,488.04,178158,0.00,0.00
2003-07-15,494.40,505.20,493.20,494.76,228642,0.00,0.00
2003-07-16,502.08,502.20,469.32,479.88,265008,0.00,0.00
2003-07-17,470.76,476.88,436.56,455.76,403975,0.00,0.00
2003-07-18,492.36,501.00,464.76,478.92,695242,0.00,0.00
2003-07-21,483.48,514.56,481.56,501.96,491942,0.00,0.00
2003-07-22,509.52,514.08,492.00,502.44,269533,0.00,0.00
2003-07-23,508.56,526.20,506.28,517.68,259825,0.00,0.00
2003-07-24,527.88,528.00,511.20,517.80,248708,0.00,0.00
2003-07-25,520.92,526.08,504.36,523.80,157358,0.00,0.00
2003-07-28,528.48,539.40,526.32,537.60,178958,0.00,0.00
2003-07-29,537.00,539.88,514.44,520.20,267433,0.00,0.00
2003-07-30,522.60,526.20,502.80,505.20,236092,0.00,0.00
2003-07-31,517.32,521.28,506.04,510.84,184117,0.00,0.00
2003-08-01,509.40,512.76,492.00,504.96,213142,0.00,0.00
2003-08-04,503.16,513.60,494.40,510.00,205100,0.00,0.00
2003-08-05,517.32,524.16,501.60,503.88,173667,0.00,0.00
2003-08-06,501.60,501.72,462.00,479.64,348250,0.00,0.00
2003-08-07,475.44,483.24,463.56,476.04,200192,0.00,0.00
2003-08-08,482.52,491.40,463.68,465.84,153742,0.00,0.00
2003-08-11,466.08,468.36,451.20,455.64,221008,0.00,0.00
2003-08-12,456.36,484.68,453.72,482.88,260533,0.00,0.00
2003-08-13,494.52,502.80,489.00,499.92,227383,0.00,0.00
2003-08-14,504.24,504.96,490.20,504.60,148675,0.00,0.00
2003-08-15,504.96,504.96,496.32,501.84,37408,0.00,0.00
2003-08-18,506.88,530.28,504.72,525.48,197642,0.00,0.00
2003-08-19,532.80,535.68,520.56,526.08,158275,0.00,0.00
2003-08-20,524.64,530.40,513.60,518.64,175225,0.00,0.00
2003-08-21,527.04,546.00,527.04,544.32,223808,0.00,0.00
2003-08-22,553.56,557.40,535.44,542.52,164967,0.00,0.00
2003-08-25,544.32,545.16,489.00,510.36,601575,0.00,0.00
2003-08-26,511.56,517.44,501.00,508.56,213550,0.00,0.00
2003-08-27,509.40,517.80,507.24,513.12,129025,0.00,0.00
2003-08-28,520.20,521.16,504.00,507.84,109583,0.00,0.00
2003-08-29,507.24,517.20,502.20,516.24,117600,0.00,0.00
2003-09-02,529.08,530.76,513.60,522.48,187967,0.00,0.00
2003-09-03,527.28,545.64,526.56,531.36,213342,0.00,0.00
2003-09-04,531.12,533.40,506.88,512.16,315242,0.00,0.00
2003-09-05,515.76,522.60,510.00,511.56,222158,0.00,0.00
2003-09-08,501.48,503.40,459.60,461.88,1090942,0.00,0.00
2003-09-09,463.80,473.40,434.40,446.76,592492,0.00,0.00
2003-09-10,439.80,440.52,409.20,425.40,1192292,0.00,0.00
2003-09-11,433.80,442.92,426.00,430.08,491992,0.00,0.00
2003-09-12,427.68,452.16,426.84,449.88,413317,0.00,0.00
2003-09-15,458.52,458.76,445.08,449.52,308500,0.00,0.00
2003-09-16,449.16,456.00,439.20,454.08,254017,0.00,0.00
2003-09-17,455.88,461.40,438.72,442.20,426758,0.00,0.00
2003-09-18,438.60,441.36,420.00,435.00,559375,0.00,0.00
2003-09-19,438.00,453.96,438.00,438.60,462692,0.00,0.00
2003-09-22,427.92,450.84,426.12,444.24,340017,0.00,0.00
2003-09-23,449.52,451.20,420.72,420.72,443075,0.00,0.00
2003-09-24,442.20,447.60,420.00,420.96,679967,0.00,0.00
2003-09-25,423.24,423.24,380.64,395.88,1227367,0.00,0.00
2003-09-26,393.96,397.92,374.16,374.88,505425,0.00,0.00
2003-09-29,390.60,394.20,376.20,387.36,446592,0.00,0.00
2003-09-30,389.64,394.80,380.76,381.60,300600,0.00,0.00
2003-10-01,386.28,390.12,379.80,382.92,359783,0.00,0.00
2003-10-02,419.40,430.68,409.80,411.12,1174042,0.00,0.00
2003-10-03,424.80,426.12,414.36,422.04,417725,0.00,0.00
2003-10-06,431.40,445.80,426.60,443.52,447883,0.00,0.00
2003-10-07,443.40,449.88,439.32,445.68,247417,0.00,0.00
2003-10-08,445.44,450.00,442.20,444.00,206433,0.00,0.00
2003-10-09,451.80,453.00,439.44,442.80,319375,0.00,0.00
2003-10-10,443.76,447.00,426.48,430.08,368733,0.00,0.00
2003-10-13,436.20,442.80,430.80,437.88,182175,0.00,0.00
2003-10-14,438.48,442.08,430.80,434.76,152975,0.00,0.00
2003-10-15,438.12,441.60,428.28,430.20,116875,0.00,0.00
2003-10-16,427.56,432.00,424.20,425.76,126717,0.00,0.00
2003-10-17,423.36,424.44,406.32,406.80,317758,0.00,0.00
2003-10-20,406.92,409.80,391.80,399.36,338225,0.00,0.00
2003-10-21,400.20,412.08,398.40,408.00,329358,0.00,0.00
2003-10-22,414.60,426.60,408.60,417.60,320233,0.00,0.00
2003-10-23,412.92,420.00,398.40,408.72,396000,0.00,0.00
2003-10-24,384.00,389.52,370.20,374.40,1001717,0.00,0.00
2003-10-27,381.24,390.24,380.40,383.76,275242,0.00,0.00
2003-10-28,388.20,393.12,387.12,390.00,202950,0.00,0.00
2003-10-29,389.76,390.00,378.00,389.52,186358,0.00,0.00
2003-10-30,392.76,396.00,380.52,383.16,212883,0.00,0.00
2003-10-31,385.44,387.36,377.88,378.84,176950,0.00,0.00
2003-11-03,379.80,385.20,375.00,376.80,289750,0.00,0.00
2003-11-04,376.32,402.12,376.20,395.28,363633,0.00,0.00
2003-11-05,408.00,421.20,398.04,415.92,604925,0.00,0.00
2003-11-06,415.20,420.72,408.36,411.24,409542,0.00,0.00
2003-11-07,415.32,420.12,406.20,412.68,194408,0.00,0.00
2003-11-10,417.24,417.24,397.20,402.12,248742,0.00,0.00
2003-11-11,394.92,399.72,387.00,391.20,209442,0.00,0.00
2003-11-12,393.00,397.56,384.96,394.68,203475,0.00,0.00
2003-11-13,396.48,396.84,385.32,389.40,246550,0.00,0.00
2003-11-14,388.92,392.16,386.40,387.36,198800,0.00,0.00
2003-11-17,386.40,391.08,380.16,385.80,214425,0.00,0.00
2003-11-18,385.92,406.68,385.92,396.96,328058,0.00,0.00
2003-11-19,399.72,422.16,398.40,421.68,399008,0.00,0.00
2003-11-20,425.64,439.08,424.56,428.64,541433,0.00,0.00
2003-11-21,432.96,437.40,420.36,429.00,282967,0.00,0.00
2003-11-24,433.68,445.56,430.80,444.72,204483,0.00,0.00
2003-11-25,452.76,455.88,439.32,443.88,294833,0.00,0.00
2003-11-26,452.52,453.72,444.36,452.40,189242,0.00,0.00
2003-11-28,448.32,456.00,447.60,454.56,70192,0.00,0.00
2003-12-01,453.60,459.48,445.80,450.24,214233,0.00,0.00
2003-12-02,449.76,462.00,446.40,456.48,174425,0.00,0.00
2003-12-03,462.00,468.84,435.72,439.80,498758,0.00,0.00
2003-12-04,445.80,447.12,434.52,443.40,261083,0.00,0.00
2003-12-05,439.92,454.56,435.60,445.92,178233,0.00,0.00
2003-12-08,456.12,456.12,444.00,449.40,154500,0.00,0.00
2003-12-09,455.76,456.24,435.00,438.24,173683,0.00,0.00
2003-12-10,445.08,451.80,430.44,440.28,182233,0.00,0.00
2003-12-11,445.20,450.48,433.44,441.24,239925,0.00,0.00
2003-12-12,447.96,463.20,442.92,461.40,314158,0.00,0.00
2003-12-15,477.48,478.80,453.00,454.80,291608,0.00,0.00
2003-12-16,459.00,465.12,441.12,442.32,261775,0.00,0.00
2003-12-17,437.40,441.00,430.20,436.32,270108,0.00,0.00
2003-12-18,433.80,450.00,432.00,446.04,216958,0.00,0.00
2003-12-19,447.48,453.00,439.80,444.12,118792,0.00,0.00
2003-12-22,447.00,451.08,441.48,445.56,78967,0.00,0.00
2003-12-23,444.12,450.12,443.52,449.28,88550,0.00,0.00
2003-12-24,449.88,449.88,443.64,444.84,55100,0.00,0.00
2003-12-26,443.40,454.80,442.80,453.60,50308,0.00,0.00
2003-12-29,453.60,455.88,448.80,455.88,96683,0.00,0.00
2003-12-30,453.36,455.40,445.44,447.72,99133,0.00,0.00
2003-12-31,450.00,450.84,444.00,444.84,77442,0.00,0.00
2004-01-02,446.64,466.68,445.20,460.32,202267,0.00,0.00
2004-01-05,471.24,491.88,463.68,489.96,595692,0.00,0.00
2004-01-06,492.00,495.36,481.56,488.52,359875,0.00,0.00
2004-01-07,496.44,505.44,491.76,494.28,341867,0.00,0.00
2004-01-08,496.56,507.00,494.64,496.08,384725,0.00,0.00
2004-01-09,463.32,468.00,446.40,448.80,1577558,0.00,0.00
2004-01-12,448.08,469.20,448.08,466.80,697658,0.00,0.00
2004-01-13,473.28,477.00,455.40,457.80,424892,0.00,0.00
2004-01-14,460.80,460.92,448.56,449.76,300733,0.00,0.00
2004-01-15,452.16,456.00,440.04,442.68,280817,0.00,0.00
2004-01-16,446.88,457.20,446.52,456.00,209842,0.00,0.00
2004-01-20,456.72,464.64,446.76,449.52,274092,0.00,0.00
2004-01-21,447.60,447.84,433.68,435.12,316308,0.00,0.00
2004-01-22,436.20,439.20,419.40,431.16,394908,0.00,0.00
2004-01-23,452.40,452.88,423.60,435.84,561367,0.00,0.00
2004-01-26,439.92,440.28,424.32,434.40,303600,0.00,0.00
2004-01-27,431.04,442.20,419.88,422.16,328200,0.00,0.00
2004-01-28,424.44,428.40,412.80,416.52,234867,0.00,0.00
2004-01-29,420.00,422.16,390.72,400.32,445775,0.00,0.00
2004-01-30,404.28,410.88,397.20,399.96,260458,0.00,0.00
2004-02-02,403.32,409.20,399.72,401.64,195083,0.00,0.00
2004-02-03,403.80,410.28,400.56,409.68,164633,0.00,0.00
2004-02-04,410.76,413.88,405.60,411.00,266342,0.00,0.00
2004-02-05,411.00,416.64,405.24,407.04,150700,0.00,0.00
2004-02-06,414.12,418.32,408.00,412.44,234792,0.00,0.00
2004-02-09,419.04,433.20,414.00,427.80,283817,0.00,0.00
2004-02-10,432.36,434.40,417.96,420.36,252017,0.00,0.00
2004-02-11,423.96,424.08,414.12,421.68,136608,0.00,0.00
2004-02-12,424.44,424.80,409.44,411.48,164692,0.00,0.00
2004-02-13,417.72,419.88,404.64,404.76,173883,0.00,0.00
2004-02-17,408.12,409.68,398.64,401.40,289758,0.00,0.00
2004-02-18,414.84,422.40,410.88,420.48,366942,0.00,0.00
2004-02-19,426.96,427.92,413.28,414.24,203325,0.00,0.00
2004-02-20,412.20,414.84,405.60,409.68,246100,0.00,0.00
2004-02-23,408.00,413.88,392.40,393.00,279917,0.00,0.00
2004-02-24,390.72,394.80,383.28,388.80,307908,0.00,0.00
2004-02-25,388.92,392.28,381.60,384.24,317925,0.00,0.00
2004-02-26,383.16,391.80,383.16,390.00,245100,0.00,0.00
2004-02-27,391.80,401.64,390.60,397.56,233992,0.00,0.00
2004-03-01,410.40,413.52,403.56,412.92,285592,0.00,0.00
2004-03-02,409.92,417.48,408.72,409.80,233400,0.00,0.00
2004-03-03,407.64,409.92,398.28,404.16,190208,0.00,0.00
2004-03-04,394.92,405.60,392.40,403.32,200450,0.00,0.00
2004-03-05,396.84,407.64,396.00,404.52,138525,0.00,0.00
2004-03-08,406.32,410.76,393.72,395.52,218167,0.00,0.00
2004-03-09,394.80,396.72,376.44,379.56,342442,0.00,0.00
2004-03-10,377.28,381.60,351.00,355.80,712083,0.00,0.00
2004-03-11,352.20,375.72,348.72,363.12,520775,0.00,0.00
2004-03-12,377.64,384.60,371.64,384.60,459883,0.00,0.00
2004-03-15,380.88,382.20,366.84,369.12,205633,0.00,0.00
2004-03-16,373.44,378.36,366.00,373.08,202400,0.00,0.00
2004-03-17,380.40,382.44,377.28,380.76,157500,0.00,0.00
2004-03-18,377.52,380.40,369.60,374.88,159658,0.00,0.00
2004-03-19,376.80,376.92,369.00,369.72,196417,0.00,0.00
2004-03-22,368.88,370.32,354.00,359.40,286450,0.00,0.00
2004-03-23,364.08,368.04,357.00,358.44,256650,0.00,0.00
2004-03-24,361.20,364.68,354.00,362.52,263067,0.00,0.00
2004-03-25,364.44,380.40,364.44,377.64,293150,0.00,0.00
2004-03-26,379.20,380.88,370.68,378.48,157042,0.00,0.00
2004-03-29,384.60,385.80,367.32,370.44,365025,0.00,0.00
2004-03-30,359.16,366.00,351.48,352.56,598842,0.00,0.00
2004-03-31,352.56,353.64,344.76,345.00,308083,0.00,0.00
2004-04-01,353.40,359.40,346.32,350.64,329900,0.00,0.00
2004-04-02,360.00,360.36,351.12,355.32,228258,0.00,0.00
2004-04-05,362.16,363.60,357.60,359.64,191333,0.00,0.00
2004-04-06,356.40,368.04,356.40,363.00,216458,0.00,0.00
2004-04-07,363.60,366.00,360.00,360.12,169933,0.00,0.00
2004-04-08,365.28,366.36,355.32,358.20,133492,0.00,0.00
2004-04-12,363.60,364.80,357.96,358.80,138600,0.00,0.00
2004-04-13,360.60,364.44,354.00,354.12,181183,0.00,0.00
2004-04-14,348.72,352.80,337.44,340.68,320592,0.00,0.00
2004-04-15,340.92,342.12,328.80,331.56,305017,0.00,0.00
2004-04-16,329.52,341.40,327.24,332.28,216133,0.00,0.00
2004-04-19,332.16,335.40,330.00,333.60,132617,0.00,0.00
2004-04-20,332.76,337.20,320.28,322.68,232308,0.00,0.00
2004-04-21,323.16,326.28,321.48,324.96,192567,0.00,0.00
2004-04-22,330.84,348.00,329.40,347.76,373792,0.00,0.00
2004-04-23,349.08,354.00,342.72,349.80,248467,0.00,0.00
2004-04-26,356.16,366.00,351.60,355.20,269767,0.00,0.00
2004-04-27,363.60,366.00,357.00,365.04,379125,0.00,0.00
2004-04-28,350.04,354.00,334.44,338.04,418858,0.00,0.00
2004-04-29,337.80,340.20,321.00,327.24,430775,0.00,0.00
2004-04-30,330.96,330.96,313.20,316.32,207242,0.00,0.00
2004-05-03,319.44,324.36,309.60,315.72,230550,0.00,0.00
2004-05-04,320.64,331.20,315.84,327.12,182033,0.00,0.00
2004-05-05,330.24,332.28,324.36,325.92,114958,0.00,0.00
2004-05-06,322.80,324.60,315.48,324.12,118950,0.00,0.00
2004-05-07,323.40,330.00,319.44,321.24,121317,0.00,0.00
2004-05-10,317.40,318.72,308.52,309.00,172058,0.00,0.00
2004-05-11,314.04,319.32,310.56,315.96,121467,0.00,0.00
2004-05-12,315.00,327.36,313.08,325.92,223467,0.00,0.00
2004-05-13,326.64,336.36,325.32,334.80,182317,0.00,0.00
2004-05-14,333.24,336.12,320.64,322.92,172400,0.00,0.00
2004-05-17,312.12,317.88,308.04,316.32,198000,0.00,0.00
2004-05-18,320.76,332.40,319.08,330.00,218667,0.00,0.00
2004-05-19,334.08,340.80,332.40,334.56,206008,0.00,0.00
2004-05-20,324.60,327.72,319.20,320.64,186500,0.00,0.00
2004-05-21,322.44,326.04,319.20,320.52,100917,0.00,0.00
2004-05-24,328.68,331.68,327.12,328.80,139875,0.00,0.00
2004-05-25,326.64,352.80,326.40,346.08,367500,0.00,0.00
2004-05-26,345.00,354.00,343.92,348.00,208783,0.00,0.00
2004-05-27,348.84,351.48,336.96,338.40,193592,0.00,0.00
2004-05-28,354.12,375.84,353.16,373.44,729842,0.00,0.00
2004-06-01,373.08,373.68,366.36,371.64,239717,0.00,0.00
2004-06-02,372.00,374.04,365.04,370.68,146250,0.00,0.00
2004-06-03,369.84,370.80,361.20,369.12,1102592,0.00,0.00
2004-06-04,367.80,369.72,364.32,365.88,245325,0.00,0.00
2004-06-07,371.64,382.20,368.28,378.24,211950,0.00,0.00
2004-06-08,375.48,381.36,369.84,377.40,116375,0.00,0.00
2004-06-09,375.96,377.28,365.40,367.44,165383,0.00,0.00
2004-06-10,368.16,371.76,364.20,366.60,126542,0.00,0.00
2004-06-14,360.12,364.08,356.40,358.80,197667,0.00,0.00
2004-06-15,352.80,357.60,346.20,357.12,255142,0.00,0.00
2004-06-16,359.28,359.28,349.80,352.56,110567,0.00,0.00
2004-06-17,351.12,353.88,342.24,348.60,121825,0.00,0.00
2004-06-18,345.00,359.76,342.60,358.08,215150,0.00,0.00
2004-06-21,358.08,358.20,345.60,345.96,148000,0.00,0.00
2004-06-22,349.80,350.04,342.00,347.76,125533,0.00,0.00
2004-06-23,351.60,362.28,345.00,362.28,199450,0.00,0.00
2004-06-24,362.64,368.04,352.32,354.96,172233,0.00,0.00
2004-06-25,356.40,362.40,355.20,360.60,97308,0.00,0.00
2004-06-28,369.72,371.64,355.32,356.40,119283,0.00,0.00
2004-06-29,358.44,365.88,354.00,364.92,109400,0.00,0.00
2004-06-30,363.00,370.08,360.72,363.00,247725,0.00,0.00
2004-07-01,359.04,360.48,347.52,350.64,182283,0.00,0.00
2004-07-02,353.28,353.28,338.52,339.60,160350,0.00,0.00
2004-07-06,337.32,338.76,327.84,328.56,163533,0.00,0.00
2004-07-07,327.96,328.68,323.16,324.48,128042,0.00,0.00
2004-07-08,324.00,334.44,321.60,324.24,124883,0.00,0.00
2004-07-09,331.80,334.44,315.24,317.76,192350,0.00,0.00
2004-07-12,312.60,317.88,310.80,315.60,164308,0.00,0.00
2004-07-13,317.88,318.12,313.20,315.96,105683,0.00,0.00
2004-07-14,313.44,325.20,309.00,312.24,200675,0.00,0.00
2004-07-15,311.52,317.76,307.80,309.24,157658,0.00,0.00
2004-07-16,313.56,313.80,304.44,306.12,139900,0.00,0.00
2004-07-19,306.12,309.12,301.20,304.44,140250,0.00,0.00
2004-07-20,304.56,310.20,303.12,309.96,132508,0.00,0.00
2004-07-21,312.84,316.56,298.80,301.56,126500,0.00,0.00
2004-07-22,300.00,307.92,297.60,305.28,117175,0.00,0.00
2004-07-23,303.36,308.04,295.20,298.44,128642,0.00,0.00
2004-07-26,295.80,304.68,295.32,301.68,197542,0.00,0.00
2004-07-27,300.00,307.08,300.00,303.00,380667,0.00,0.00
2004-07-28,247.20,250.20,212.64,214.20,2638683,0.00,0.00
2004-07-29,219.60,220.08,213.00,214.08,726192,0.00,0.00
2004-07-30,213.48,220.20,210.60,219.00,334300,0.00,0.00
2004-08-02,219.60,226.68,219.00,225.36,288408,0.00,0.00
2004-08-03,226.20,226.68,219.36,224.76,260733,0.00,0.00
2004-08-04,223.44,225.60,220.56,223.44,219525,0.00,0.00
2004-08-05,224.40,225.60,214.80,215.52,214050,0.00,0.00
2004-08-06,214.92,215.40,207.84,208.92,258717,0.00,0.00
2004-08-09,210.24,210.60,202.20,208.80,166208,0.00,0.00
2004-08-10,210.00,215.76,208.32,215.40,163825,0.00,0.00
2004-08-11,198.00,198.72,178.92,184.44,1008658,0.00,0.00
2004-08-12,184.20,188.40,179.88,180.48,394092,0.00,0.00
2004-08-13,181.08,184.44,178.92,180.00,221767,0.00,0.00
2004-08-16,184.44,190.20,183.00,183.24,367192,0.00,0.00
2004-08-17,184.32,188.40,183.96,186.96,158092,0.00,0.00
2004-08-18,192.00,195.00,185.76,195.00,254192,0.00,0.00
2004-08-19,196.20,199.92,190.44,194.28,201850,0.00,0.00
2004-08-20,195.24,197.88,192.72,197.76,86475,0.00,0.00
2004-08-23,199.20,203.88,198.60,201.12,232092,0.00,0.00
2004-08-24,196.68,202.32,186.72,194.04,295250,0.00,0.00
2004-08-25,194.40,199.08,190.80,196.44,146700,0.00,0.00
2004-08-26,196.44,198.00,193.20,194.16,122258,0.00,0.00
2004-08-27,196.08,196.80,193.80,196.08,82908,0.00,0.00
2004-08-30,195.00,195.60,187.32,189.36,186425,0.00,0.00
2004-08-31,190.20,192.96,185.64,185.64,143075,0.00,0.00
2004-09-01,187.08,192.84,185.40,187.92,183342,0.00,0.00
2004-09-02,187.92,190.20,186.00,189.24,123050,0.00,0.00
2004-09-03,186.60,189.00,181.80,181.92,112717,0.00,0.00
2004-09-07,186.12,187.56,180.72,181.20,163325,0.00,0.00
2004-09-08,186.60,186.60,181.08,181.92,203733,0.00,0.00
2004-09-09,184.56,191.04,183.00,189.84,207283,0.00,0.00
2004-09-10,191.28,194.40,189.12,192.84,343150,0.00,0.00
2004-09-13,194.28,202.08,192.36,198.36,246858,0.00,0.00
2004-09-14,200.64,205.08,195.84,202.08,197892,0.00,0.00
2004-09-15,201.84,202.80,193.20,193.80,254683,0.00,0.00
2004-09-16,196.80,199.92,191.16,193.92,343450,0.00,0.00
2004-09-17,193.32,194.64,181.56,182.52,489675,0.00,0.00
2004-09-20,176.40,177.60,151.08,164.52,2097333,0.00,0.00
2004-09-21,162.12,168.72,161.04,167.52,509042,0.00,0.00
2004-09-22,167.64,171.60,166.68,168.60,365800,0.00,0.00
2004-09-23,169.56,185.04,168.96,183.60,671133,0.00,0.00
2004-09-24,186.96,193.08,184.80,188.40,526633,0.00,0.00
2004-09-27,194.64,199.20,192.36,197.76,471017,0.00,0.00
2004-09-28,202.68,202.68,189.48,194.40,299400,0.00,0.00
2004-09-29,191.52,197.04,190.80,195.96,150625,0.00,0.00
2004-09-30,196.56,198.84,192.36,193.32,239175,0.00,0.00
2004-10-01,195.12,201.24,195.00,200.88,173900,0.00,0.00
2004-10-04,204.60,220.68,204.60,219.60,713300,0.00,0.00
2004-10-05,222.00,234.36,222.00,229.20,687942,0.00,0.00
2004-10-06,231.24,236.52,230.16,235.56,406392,0.00,0.00
2004-10-07,238.08,238.32,226.08,228.12,470208,0.00,0.00
2004-10-08,217.08,222.00,210.72,213.60,452408,0.00,0.00
2004-10-11,213.96,219.00,213.12,216.72,158458,0.00,0.00
2004-10-12,211.20,214.80,205.92,208.08,271333,0.00,0.00
2004-10-13,215.28,216.60,209.40,209.64,183925,0.00,0.00
2004-10-14,215.40,216.00,206.76,206.88,157067,0.00,0.00
2004-10-15,208.68,212.04,206.88,207.72,124658,0.00,0.00
2004-10-18,208.20,210.00,204.00,208.08,134333,0.00,0.00
2004-10-19,215.40,218.64,209.88,209.88,235667,0.00,0.00
2004-10-20,210.72,214.08,205.56,211.20,156083,0.00,0.00
2004-10-21,214.56,214.80,206.28,207.84,208667,0.00,0.00
2004-10-22,213.96,218.76,213.00,214.08,251442,0.00,0.00
2004-10-25,211.92,217.68,208.56,209.64,213917,0.00,0.00
2004-10-26,214.08,214.32,207.72,209.04,298758,0.00,0.00
2004-10-27,199.56,212.28,195.00,210.48,396167,0.00,0.00
2004-10-28,210.00,214.32,205.80,206.88,151450,0.00,0.00
2004-10-29,209.28,209.28,202.08,205.44,255317,0.00,0.00
2004-11-01,202.80,207.24,201.60,205.08,95317,0.00,0.00
2004-11-02,205.92,210.36,204.96,205.20,132992,0.00,0.00
2004-11-03,208.92,210.36,204.96,206.52,145967,0.00,0.00
2004-11-04,207.60,211.56,205.56,210.00,127717,0.00,0.00
2004-11-05,215.40,217.80,211.32,214.44,222433,0.00,0.00
2004-11-08,217.80,218.76,213.24,217.44,190583,0.00,0.00
2004-11-09,217.80,223.92,217.44,222.96,243975,0.00,0.00
2004-11-10,222.84,226.20,221.40,222.48,132183,0.00,0.00
2004-11-11,225.00,228.36,222.00,227.64,138342,0.00,0.00
2004-11-12,227.28,228.00,222.72,224.16,207208,0.00,0.00
2004-11-15,223.92,238.68,222.36,230.16,300950,0.00,0.00
2004-11-16,222.00,223.08,216.00,220.20,335133,0.00,0.00
2004-11-17,223.44,229.92,223.44,225.12,221992,0.00,0.00
2004-11-18,225.00,229.08,224.16,228.72,104117,0.00,0.00
2004-11-19,224.52,227.16,218.88,220.92,147692,0.00,0.00
2004-11-22,217.80,220.20,214.20,218.04,195817,0.00,0.00
2004-11-23,217.92,220.20,213.60,214.92,161433,0.00,0.00
2004-11-24,216.36,218.40,215.28,217.56,90158,0.00,0.00
2004-11-26,220.32,222.00,213.60,219.48,75733,0.00,0.00
2004-11-29,223.92,225.60,220.92,224.64,163125,0.00,0.00
2004-11-30,228.00,236.28,226.20,234.48,366808,0.00,0.00
2004-12-01,237.36,258.72,236.16,256.20,716317,0.00,0.00
2004-12-02,256.32,276.60,252.24,267.60,747725,0.00,0.00
2004-12-03,271.80,271.92,252.60,253.92,422642,0.00,0.00
2004-12-06,257.88,259.80,249.00,256.80,213858,0.00,0.00
2004-12-07,258.12,263.64,252.60,252.96,204117,0.00,0.00
2004-12-08,254.52,257.40,250.56,253.92,117992,0.00,0.00
2004-12-09,254.40,254.40,243.60,247.68,186250,0.00,0.00
2004-12-10,246.60,258.24,246.60,258.12,167983,0.00,0.00
2004-12-13,260.04,264.60,252.12,258.48,199867,0.00,0.00
2004-12-14,256.80,260.64,256.44,259.80,107508,0.00,0.00
2004-12-15,260.88,269.16,259.56,268.20,167700,0.00,0.00
2004-12-16,269.40,270.00,263.40,266.40,171258,0.00,0.00
2004-12-17,266.16,269.40,255.12,258.36,166450,0.00,0.00
2004-12-20,258.00,260.88,252.24,252.24,162283,0.00,0.00
2004-12-21,254.40,258.36,252.24,256.80,128717,0.00,0.00
2004-12-22,255.48,259.80,254.64,257.16,137142,0.00,0.00
2004-12-23,255.12,258.12,255.00,256.44,61525,0.00,0.00
2004-12-27,254.88,256.92,251.76,256.32,120583,0.00,0.00
2004-12-28,254.88,255.60,252.24,254.52,77375,0.00,0.00
2004-12-29,255.84,264.96,255.72,264.12,190458,0.00,0.00
2004-12-30,264.72,267.60,262.56,266.28,134208,0.00,0.00
2004-12-31,263.64,269.40,260.88,265.80,113250,0.00,0.00
2005-01-03,266.64,270.00,261.96,266.40,195825,0.00,0.00
2005-01-04,269.64,272.40,253.20,256.32,283350,0.00,0.00
2005-01-05,255.00,255.12,247.68,248.52,227658,0.00,0.00
2005-01-06,249.60,253.08,218.40,239.28,452275,0.00,0.00
2005-01-07,195.60,196.56,182.28,191.64,2090917,0.00,0.00
2005-01-10,192.48,199.56,188.40,197.64,483217,0.00,0.00
2005-01-11,196.08,200.40,195.00,198.24,319492,0.00,0.00
2005-01-12,198.00,199.44,195.12,197.88,157442,0.00,0.00
2005-01-13,198.24,203.88,196.80,201.72,172517,0.00,0.00
2005-01-14,201.12,208.80,201.12,203.52,353017,0.00,0.00
2005-01-18,203.40,208.08,199.08,203.16,182975,0.00,0.00
2005-01-19,208.56,210.00,202.32,203.76,246508,0.00,0.00
2005-01-20,203.28,203.64,194.76,195.84,252408,0.00,0.00
2005-01-21,197.16,198.72,193.80,194.52,117800,0.00,0.00
2005-01-24,193.20,196.56,189.24,189.96,131425,0.00,0.00
2005-01-25,193.20,195.60,188.88,190.56,150825,0.00,0.00
2005-01-26,192.36,196.20,190.92,195.60,106092,0.00,0.00
2005-01-27,193.80,198.00,192.36,193.80,144200,0.00,0.00
2005-01-28,194.04,196.92,192.36,194.04,102267,0.00,0.00
2005-01-31,195.72,198.72,195.24,197.16,124983,0.00,0.00
2005-02-01,196.44,198.12,194.40,195.36,128658,0.00,0.00
2005-02-02,195.48,197.64,193.80,195.84,88108,0.00,0.00
2005-02-03,193.20,193.80,182.88,184.32,350775,0.00,0.00
2005-02-04,183.60,189.00,183.60,186.96,366217,0.00,0.00
2005-02-07,186.96,191.04,181.56,182.04,220383,0.00,0.00
2005-02-08,182.04,186.00,179.04,179.04,357383,0.00,0.00
2005-02-09,189.96,190.56,174.60,175.20,610792,0.00,0.00
2005-02-10,178.80,178.80,170.52,171.12,343358,0.00,0.00
2005-02-11,169.80,174.12,169.68,172.56,218650,0.00,0.00
2005-02-14,173.52,176.76,171.24,173.64,135300,0.00,0.00
2005-02-15,173.40,178.44,171.60,176.88,246892,0.00,0.00
2005-02-16,176.52,177.48,170.52,172.32,252400,0.00,0.00
2005-02-17,172.20,172.44,165.24,165.60,305433,0.00,0.00
2005-02-18,166.80,168.60,162.24,162.36,233150,0.00,0.00
2005-02-22,161.76,164.28,160.56,160.92,230567,0.00,0.00
2005-02-23,163.20,163.20,158.04,159.48,208442,0.00,0.00
2005-02-24,160.44,162.60,159.84,161.28,193208,0.00,0.00
2005-02-25,162.00,163.68,158.64,159.60,200067,0.00,0.00
2005-02-28,155.28,159.36,154.20,154.56,277683,0.00,0.00
2005-03-01,154.20,154.56,148.68,149.88,481192,0.00,0.00
2005-03-02,149.88,162.24,149.52,160.56,604233,0.00,0.00
2005-03-03,163.80,165.00,155.88,157.80,331025,0.00,0.00
2005-03-04,163.20,163.44,156.48,156.60,198092,0.00,0.00
2005-03-07,159.96,165.48,158.28,164.16,199083,0.00,0.00
2005-03-08,166.32,166.80,158.40,158.76,256342,0.00,0.00
2005-03-09,160.20,161.52,158.64,160.80,189692,0.00,0.00
2005-03-10,160.20,161.52,152.64,155.76,272908,0.00,0.00
2005-03-11,155.76,158.76,152.16,152.40,177983,0.00,0.00
2005-03-14,153.00,158.52,152.16,157.68,170267,0.00,0.00
2005-03-15,157.80,159.00,154.56,155.76,213992,0.00,0.00
2005-03-16,157.20,159.72,154.80,156.36,107625,0.00,0.00
2005-03-17,158.16,159.12,154.56,155.28,87683,0.00,0.00
2005-03-18,155.76,157.08,153.36,155.52,125475,0.00,0.00
2005-03-21,156.12,158.88,154.80,157.32,127933,0.00,0.00
2005-03-22,158.40,159.48,151.92,152.76,139458,0.00,0.00
2005-03-23,152.76,154.32,149.40,150.00,185775,0.00,0.00
2005-03-24,150.60,152.16,148.80,149.16,164300,0.00,0.00
2005-03-28,150.60,150.96,144.60,146.16,181833,0.00,0.00
2005-03-29,146.88,147.00,139.56,140.40,260758,0.00,0.00
2005-03-30,141.00,142.80,138.72,142.08,252958,0.00,0.00
2005-03-31,133.80,134.40,124.08,131.40,1054200,0.00,0.00
2005-04-01,132.60,135.48,130.80,131.04,262433,0.00,0.00
2005-04-04,130.80,131.76,126.36,128.88,182475,0.00,0.00
2005-04-05,129.00,129.48,124.44,124.92,191892,0.00,0.00
2005-04-06,125.40,127.20,119.40,122.64,576792,0.00,0.00
2005-04-07,122.52,134.76,121.08,131.40,369958,0.00,0.00
2005-04-08,131.88,134.04,129.84,133.32,243308,0.00,0.00
2005-04-11,134.40,135.72,128.40,128.88,157117,0.00,0.00
2005-04-12,131.16,131.16,126.00,129.12,113500,0.00,0.00
2005-04-13,130.44,133.08,128.76,128.88,185850,0.00,0.00
2005-04-14,132.24,132.60,128.64,131.04,139508,0.00,0.00
2005-04-15,132.00,132.60,123.00,123.72,181075,0.00,0.00
2005-04-18,124.32,129.24,124.20,127.32,172033,0.00,0.00
2005-04-19,127.80,134.28,127.80,132.84,180400,0.00,0.00
2005-04-20,134.16,135.60,126.48,128.40,139942,0.00,0.00
2005-04-21,129.60,132.12,126.00,131.52,132250,0.00,0.00
2005-04-22,132.00,135.72,127.56,128.88,135108,0.00,0.00
2005-04-25,130.44,131.28,126.84,127.44,85308,0.00,0.00
2005-04-26,126.36,128.52,120.60,121.44,144967,0.00,0.00
2005-04-27,120.60,123.00,117.00,119.04,246983,0.00,0.00
2005-04-28,119.64,120.24,114.00,115.20,190267,0.00,0.00
2005-04-29,117.60,117.60,111.96,114.00,185892,0.00,0.00
2005-05-02,114.60,116.64,113.16,116.28,148125,0.00,0.00
2005-05-03,117.00,117.60,114.84,115.56,167933,0.00,0.00
2005-05-04,116.04,118.08,111.12,117.60,393500,0.00,0.00
2005-05-05,116.88,128.28,115.56,125.40,537867,0.00,0.00
2005-05-06,84.00,91.32,83.04,86.88,2919042,0.00,0.00
2005-05-09,87.00,87.12,81.36,82.20,611183,0.00,0.00
2005-05-10,82.08,83.76,80.40,83.16,335308,0.00,0.00
2005-05-11,82.68,83.76,81.60,82.08,283567,0.00,0.00
2005-05-12,83.52,85.56,82.20,84.60,280183,0.00,0.00
2005-05-13,85.32,86.76,84.36,85.08,227792,0.00,0.00
2005-05-16,85.08,85.92,83.04,83.52,178158,0.00,0.00
2005-05-17,83.76,83.76,81.36,82.08,278275,0.00,0.00
2005-05-18,82.56,84.96,81.60,84.24,291917,0.00,0.00
2005-05-19,84.96,87.48,84.36,86.52,229742,0.00,0.00
2005-05-20,87.48,87.48,85.44,86.76,133058,0.00,0.00
2005-05-23,88.20,89.28,87.12,88.68,225908,0.00,0.00
2005-05-24,88.80,89.76,87.48,88.20,183708,0.00,0.00
2005-05-25,88.20,88.56,87.12,87.60,179625,0.00,0.00
2005-05-26,89.16,89.28,86.40,87.60,191592,0.00,0.00
2005-05-27,87.36,87.60,85.80,86.28,124650,0.00,0.00
2005-05-31,86.28,89.40,86.28,88.32,165783,0.00,0.00
2005-06-01,89.16,89.88,87.24,88.20,157658,0.00,0.00
2005-06-02,88.20,89.40,87.36,89.16,159208,0.00,0.00
2005-06-03,89.88,99.24,89.16,97.80,449275,0.00,0.00
2005-06-06,99.00,105.24,94.56,103.56,374692,0.00,0.00
2005-06-07,105.60,105.60,99.36,101.04,313675,0.00,0.00
2005-06-08,101.76,103.80,100.32,100.92,183192,0.00,0.00
2005-06-09,101.40,101.88,99.24,100.56,157600,0.00,0.00
2005-06-10,102.24,104.28,100.32,104.16,162058,0.00,0.00
2005-06-13,105.00,105.84,100.44,100.68,212842,0.00,0.00
2005-06-14,101.16,104.04,100.68,102.84,124225,0.00,0.00
2005-06-15,103.20,103.80,99.72,100.80,168008,0.00,0.00
2005-06-16,102.48,102.48,90.84,93.60,808600,0.00,0.00
2005-06-17,95.52,96.96,92.16,92.40,247742,0.00,0.00
2005-06-20,93.00,93.48,90.12,90.12,197033,0.00,0.00
2005-06-21,90.24,91.20,88.56,89.28,195275,0.00,0.00
2005-06-22,89.28,91.92,88.32,91.32,177150,0.00,0.00
2005-06-23,91.80,92.04,88.80,88.80,182733,0.00,0.00
2005-06-24,88.80,90.12,86.28,88.44,457342,0.00,0.00
2005-06-27,87.96,88.56,82.68,83.40,343542,0.00,0.00
2005-06-28,83.16,86.52,82.68,85.92,198442,0.00,0.00
2005-06-29,86.76,91.20,85.92,90.36,223808,0.00,0.00
2005-06-30,91.44,93.00,88.80,89.88,205717,0.00,0.00
2005-07-01,92.04,92.16,88.68,90.24,89950,0.00,0.00
2005-07-05,90.36,90.72,88.08,88.68,116250,0.00,0.00
2005-07-06,88.20,90.12,88.08,88.08,135108,0.00,0.00
2005-07-07,87.72,87.72,85.20,87.24,149942,0.00,0.00
2005-07-08,87.24,89.40,86.64,89.04,134708,0.00,0.00
2005-07-11,96.00,103.68,94.32,101.88,666258,0.00,0.00
2005-07-12,104.52,104.52,99.60,100.20,266892,0.00,0.00
2005-07-13,101.04,107.52,100.20,106.32,493350,0.00,0.00
2005-07-14,109.08,109.44,103.92,104.40,265667,0.00,0.00
2005-07-15,104.04,105.48,102.00,102.60,132717,0.00,0.00
2005-07-18,105.60,106.44,103.32,104.28,144558,0.00,0.00
2005-07-19,105.24,106.80,102.60,106.08,161342,0.00,0.00
2005-07-20,104.40,107.76,104.16,105.48,119100,0.00,0.00
2005-07-21,105.48,109.20,105.36,106.56,201558,0.00,0.00
2005-07-22,107.04,107.88,105.36,107.64,131933,0.00,0.00
2005-07-25,108.00,108.12,104.64,104.76,117433,0.00,0.00
2005-07-26,105.00,107.76,104.64,107.16,116825,0.00,0.00
2005-07-27,108.00,110.28,107.16,109.08,172325,0.00,0.00
2005-07-28,109.08,109.80,106.56,106.80,97825,0.00,0.00
2005-07-29,107.40,107.64,104.52,105.84,113242,0.00,0.00
2005-08-01,106.80,108.00,104.64,105.84,126100,0.00,0.00
2005-08-02,105.84,106.56,100.92,102.48,302033,0.00,0.00
2005-08-03,93.00,97.80,92.76,94.80,528708,0.00,0.00
2005-08-04,94.32,98.04,94.20,96.60,208708,0.00,0.00
2005-08-05,96.12,100.80,95.40,99.36,191025,0.00,0.00
2005-08-08,100.80,100.80,96.24,96.72,123950,0.00,0.00
2005-08-09,97.20,99.00,97.20,97.56,94783,0.00,0.00
2005-08-10,99.60,101.04,97.92,98.52,128992,0.00,0.00
2005-08-11,99.12,100.44,97.80,98.88,118275,0.00,0.00
2005-08-12,98.88,98.88,97.08,98.28,116892,0.00,0.00
2005-08-15,97.92,98.28,94.68,97.92,117075,0.00,0.00
2005-08-16,99.12,100.20,96.60,96.96,126642,0.00,0.00
2005-08-17,97.20,98.04,96.00,96.12,127908,0.00,0.00
2005-08-18,96.00,96.36,94.68,94.80,126583,0.00,0.00
2005-08-19,94.80,96.36,94.80,95.52,70508,0.00,0.00
2005-08-22,96.00,96.84,95.88,96.60,59350,0.00,0.00
2005-08-23,96.24,96.72,95.16,95.76,75933,0.00,0.00
2005-08-24,95.52,96.00,94.32,94.56,86833,0.00,0.00
2005-08-25,94.68,95.52,93.60,94.32,78533,0.00,0.00
2005-08-26,94.08,95.16,93.84,94.80,57958,0.00,0.00
2005-08-29,93.72,93.96,90.84,91.80,229117,0.00,0.00
2005-08-30,92.16,92.40,88.92,91.44,159042,0.00,0.00
2005-08-31,91.08,93.00,90.96,92.40,90950,0.00,0.00
2005-09-01,91.80,93.60,91.32,92.64,115142,0.00,0.00
2005-09-02,92.52,92.88,91.68,92.16,41933,0.00,0.00
2005-09-06,93.48,93.48,90.60,91.68,101667,0.00,0.00
2005-09-07,92.04,92.88,90.84,92.16,115867,0.00,0.00
2005-09-08,91.80,94.56,91.32,93.72,167600,0.00,0.00
2005-09-09,93.72,96.96,93.72,95.52,165650,0.00,0.00
2005-09-12,95.76,98.76,94.56,96.48,116392,0.00,0.00
2005-09-13,95.64,96.00,93.24,93.36,99117,0.00,0.00
2005-09-14,95.04,95.04,92.16,92.64,76008,0.00,0.00
2005-09-15,93.00,93.60,92.28,92.52,67242,0.00,0.00
2005-09-16,93.36,93.72,92.88,93.36,108108,0.00,0.00
2005-09-19,96.00,99.12,95.40,97.80,210450,0.00,0.00
2005-09-20,98.04,101.28,97.92,99.60,192050,0.00,0.00
2005-09-21,98.88,101.28,98.40,98.64,107908,0.00,0.00
2005-09-22,98.40,99.60,95.76,96.00,189350,0.00,0.00
2005-09-23,96.48,98.40,95.40,97.44,79325,0.00,0.00
2005-09-26,97.44,99.12,97.44,99.12,65842,0.00,0.00
2005-09-27,98.64,100.32,96.00,96.36,83808,0.00,0.00
2005-09-28,96.24,97.44,95.88,96.60,65700,0.00,0.00
2005-09-29,96.24,97.68,96.24,97.68,69450,0.00,0.00
2005-09-30,97.08,98.40,96.12,98.04,73175,0.00,0.00
2005-10-03,97.56,98.28,96.36,97.08,111817,0.00,0.00
2005-10-04,96.60,97.56,94.44,94.68,140425,0.00,0.00
2005-10-05,95.76,96.00,91.44,91.80,239700,0.00,0.00
2005-10-06,92.40,93.60,90.96,91.80,222708,0.00,0.00
2005-10-07,68.88,70.20,63.00,67.68,1983325,0.00,0.00
2005-10-10,67.92,68.88,65.16,65.88,356350,0.00,0.00
2005-10-11,67.20,67.80,65.28,65.64,296042,0.00,0.00
2005-10-12,65.28,66.96,63.60,63.72,251375,0.00,0.00
2005-10-13,64.08,65.76,63.00,65.04,151058,0.00,0.00
2005-10-14,65.64,67.68,64.56,67.44,234742,0.00,0.00
2005-10-17,67.08,67.80,65.88,66.48,158817,0.00,0.00
2005-10-18,69.48,69.60,66.00,66.24,158900,0.00,0.00
2005-10-19,66.00,67.32,65.52,66.60,131733,0.00,0.00
2005-10-20,66.00,66.60,65.40,65.76,105292,0.00,0.00
2005-10-21,65.76,67.20,64.80,66.36,126758,0.00,0.00
2005-10-24,66.12,67.20,65.04,67.20,100425,0.00,0.00
2005-10-25,66.60,68.16,66.60,67.80,129067,0.00,0.00
2005-10-26,67.92,68.88,66.84,67.44,121517,0.00,0.00
2005-10-27,67.68,67.68,65.40,65.64,113258,0.00,0.00
2005-10-28,66.00,66.24,63.96,66.00,114083,0.00,0.00
2005-10-31,65.88,68.40,65.88,66.24,149717,0.00,0.00
2005-11-01,65.88,66.36,62.40,63.12,214517,0.00,0.00
2005-11-02,62.76,65.76,62.28,65.28,153050,0.00,0.00
2005-11-03,64.80,67.92,64.68,64.92,221433,0.00,0.00
2005-11-04,63.24,78.60,63.12,77.64,825892,0.00,0.00
2005-11-07,77.40,84.00,75.72,81.72,514483,0.00,0.00
2005-11-08,82.32,82.56,79.08,79.32,254433,0.00,0.00
2005-11-09,79.20,79.68,76.32,77.52,180083,0.00,0.00
2005-11-10,77.76,80.40,75.72,78.84,143642,0.00,0.00
2005-11-11,78.60,80.04,75.72,79.20,98808,0.00,0.00
2005-11-14,78.60,80.16,77.52,78.84,83958,0.00,0.00
2005-11-15,78.24,111.00,77.64,97.20,1366950,0.00,0.00
2005-11-16,88.08,90.00,85.92,88.20,663508,0.00,0.00
2005-11-17,86.04,89.88,84.36,89.76,256558,0.00,0.00
2005-11-18,89.28,90.60,84.60,90.36,242583,0.00,0.00
2005-11-21,90.48,90.48,87.48,88.44,185500,0.00,0.00
2005-11-22,88.32,89.76,87.60,88.44,132567,0.00,0.00
2005-11-23,90.96,97.08,90.00,95.88,374967,0.00,0.00
2005-11-25,96.72,97.08,93.84,94.92,149758,0.00,0.00
2005-11-28,94.80,102.96,94.44,100.80,432858,0.00,0.00
2005-11-29,100.92,103.32,99.00,100.08,225817,0.00,0.00
2005-11-30,99.72,100.92,98.52,99.48,172767,0.00,0.00
2005-12-01,101.64,108.00,99.48,106.44,328200,0.00,0.00
2005-12-02,107.88,108.96,105.24,106.44,342683,0.00,0.00
2005-12-05,108.60,109.44,105.84,106.92,174958,0.00,0.00
2005-12-06,107.04,108.48,101.64,102.72,290633,0.00,0.00
2005-12-07,102.72,104.40,95.40,95.52,479525,0.00,0.00
2005-12-08,97.20,98.40,96.00,97.08,174633,0.00,0.00
2005-12-09,97.68,102.12,96.36,100.80,157117,0.00,0.00
2005-12-12,100.68,101.88,99.72,101.16,98958,0.00,0.00
2005-12-13,101.40,105.00,100.68,102.96,147100,0.00,0.00
2005-12-14,102.48,105.00,99.72,99.72,133275,0.00,0.00
2005-12-15,99.60,101.64,99.00,101.40,113625,0.00,0.00
2005-12-16,102.60,102.60,100.08,100.80,178550,0.00,0.00
2005-12-19,101.52,101.76,99.60,99.96,135242,0.00,0.00
2005-12-20,100.32,101.28,95.28,95.76,141358,0.00,0.00
2005-12-21,95.76,99.36,95.76,97.92,119033,0.00,0.00
2005-12-22,99.00,101.40,96.96,99.36,86292,0.00,0.00
2005-12-23,98.88,100.56,97.08,98.16,134092,0.00,0.00
2005-12-27,97.56,98.76,95.28,95.76,140525,0.00,0.00
2005-12-28,96.24,97.80,95.04,96.60,146242,0.00,0.00
2005-12-29,96.00,97.32,95.64,95.64,120183,0.00,0.00
2005-12-30,95.40,96.84,93.48,96.72,213608,0.00,0.00
2006-01-03,99.24,99.96,95.52,96.72,260233,0.00,0.00
2006-01-04,97.20,97.20,93.48,94.56,209408,0.00,0.00
2006-01-05,94.32,95.40,93.72,93.96,107250,0.00,0.00
2006-01-06,94.32,98.28,93.84,96.24,142850,0.00,0.00
2006-01-09,96.24,98.28,90.00,94.68,150867,0.00,0.00
2006-01-10,94.44,95.04,91.68,93.24,149692,0.00,0.00
2006-01-11,93.72,94.80,92.88,94.56,156517,0.00,0.00
2006-01-12,95.88,96.72,94.20,94.44,133850,0.00,0.00
2006-01-13,94.80,95.28,92.16,93.24,142500,0.00,0.00
2006-01-17,93.36,93.36,91.08,91.44,115475,0.00,0.00
2006-01-18,91.20,93.00,88.56,92.04,95308,0.00,0.00
2006-01-19,93.36,94.08,90.84,92.28,99933,0.00,0.00
2006-01-20,91.92,92.28,89.52,90.12,119817,0.00,0.00
2006-01-23,90.36,90.72,87.12,87.36,172508,0.00,0.00
2006-01-24,87.96,88.08,83.76,84.12,228242,0.00,0.00
2006-01-25,86.40,88.32,84.60,85.80,194542,0.00,0.00
2006-01-26,86.40,87.12,85.20,86.64,92650,0.00,0.00
2006-01-27,88.80,88.80,85.68,86.04,64567,0.00,0.00
2006-01-30,86.76,86.88,84.60,84.84,102450,0.00,0.00
2006-01-31,84.48,85.92,83.88,84.12,106675,0.00,0.00
2006-02-01,83.88,85.56,83.88,85.08,77250,0.00,0.00
2006-02-02,85.08,85.20,83.76,83.88,100858,0.00,0.00
2006-02-03,84.00,84.00,80.76,81.00,170525,0.00,0.00
2006-02-06,79.92,81.00,76.44,79.44,190400,0.00,0.00
2006-02-07,78.24,79.44,76.92,77.40,180983,0.00,0.00
2006-02-08,78.60,81.84,78.00,81.72,185825,0.00,0.00
2006-02-09,81.60,81.60,78.12,79.08,517967,0.00,0.00
2006-02-10,76.08,83.28,75.96,79.08,561500,0.00,0.00
2006-02-13,79.32,81.12,76.80,78.00,220758,0.00,0.00
2006-02-14,78.00,79.44,76.80,78.72,112933,0.00,0.00
2006-02-15,78.84,80.88,78.84,79.32,61542,0.00,0.00
2006-02-16,79.68,80.40,78.84,79.44,98375,0.00,0.00
2006-02-17,80.04,80.04,78.00,78.24,80592,0.00,0.00
2006-02-21,78.12,79.92,77.40,78.36,83325,0.00,0.00
2006-02-22,78.60,79.08,77.40,78.12,82542,0.00,0.00
2006-02-23,77.88,78.36,76.20,76.20,92975,0.00,0.00
2006-02-24,75.96,77.40,74.52,75.72,130983,0.00,0.00
2006-02-27,76.32,77.28,75.72,76.80,74225,0.00,0.00
2006-02-28,76.56,77.28,74.64,75.00,84000,0.00,0.00
2006-03-01,75.12,77.52,73.56,76.92,134550,0.00,0.00
2006-03-02,77.04,80.16,75.72,78.48,122133,0.00,0.00
2006-03-03,78.60,80.16,77.28,77.52,117717,0.00,0.00
2006-03-06,77.76,79.44,77.52,77.76,90192,0.00,0.00
2006-03-07,77.76,77.76,74.52,74.64,94775,0.00,0.00
2006-03-08,74.76,75.36,73.68,74.16,89075,0.00,0.00
2006-03-09,73.92,74.40,72.12,72.96,131942,0.00,0.00
2006-03-10,73.20,73.20,70.56,72.72,106800,0.00,0.00
2006-03-13,72.60,74.16,72.60,73.44,68733,0.00,0.00
2006-03-14,73.20,75.48,72.60,74.88,67600,0.00,0.00
2006-03-15,75.36,76.08,74.28,75.24,60600,0.00,0.00
2006-03-16,75.84,76.80,74.76,74.88,96150,0.00,0.00
2006-03-17,74.04,74.28,69.00,70.32,382750,0.00,0.00
2006-03-20,69.96,71.88,69.84,71.28,99775,0.00,0.00
2006-03-21,72.12,74.40,69.96,72.12,103067,0.00,0.00
2006-03-22,73.44,74.64,72.36,73.56,84633,0.00,0.00
2006-03-23,71.40,72.00,69.72,70.92,149558,0.00,0.00
2006-03-24,71.52,73.56,70.20,71.88,154258,0.00,0.00
2006-03-27,72.00,73.32,71.88,72.72,70992,0.00,0.00
2006-03-28,72.60,75.00,72.36,73.56,117217,0.00,0.00
2006-03-29,73.80,74.88,71.40,73.08,194683,0.00,0.00
2006-03-30,72.96,74.04,71.64,73.44,121850,0.00,0.00
2006-03-31,74.40,76.80,73.08,75.48,126817,0.00,0.00
2006-04-03,75.60,76.08,71.76,72.00,209692,0.00,0.00
2006-04-04,71.88,73.44,70.80,72.84,285000,0.00,0.00
2006-04-05,72.96,81.36,72.12,80.40,418267,0.00,0.00
2006-04-06,82.08,88.68,79.44,87.60,1130825,0.00,0.00
2006-04-07,87.24,88.20,82.80,83.04,254167,0.00,0.00
2006-04-10,83.52,85.68,81.60,82.20,138483,0.00,0.00
2006-04-11,82.80,82.92,79.32,79.56,194442,0.00,0.00
2006-04-12,79.44,82.68,79.20,82.08,190150,0.00,0.00
2006-04-13,81.00,84.84,80.40,82.44,208475,0.00,0.00
2006-04-17,82.20,82.80,78.12,78.96,172800,0.00,0.00
2006-04-18,79.20,82.68,79.20,81.96,140792,0.00,0.00
2006-04-19,82.92,85.56,81.36,84.72,150517,0.00,0.00
2006-04-20,86.76,87.60,85.20,86.28,109292,0.00,0.00
2006-04-21,87.00,87.12,84.60,85.80,153233,0.00,0.00
2006-04-24,85.32,87.00,83.88,84.60,85875,0.00,0.00
2006-04-25,84.60,86.52,83.16,85.44,115400,0.00,0.00
2006-04-26,81.72,84.72,81.48,84.48,122517,0.00,0.00
2006-04-27,84.24,85.32,82.56,83.64,73275,0.00,0.00
2006-04-28,83.16,84.36,82.56,83.40,68992,0.00,0.00
2006-05-01,84.12,84.48,81.60,81.72,91933,0.00,0.00
2006-05-02,81.60,83.76,81.60,83.52,81433,0.00,0.00
2006-05-03,83.88,84.96,83.28,84.72,90158,0.00,0.00
2006-05-04,84.48,86.16,84.48,84.96,79092,0.00,0.00
2006-05-05,85.44,85.56,83.64,84.36,94683,0.00,0.00
2006-05-08,84.36,87.96,84.24,87.36,120842,0.00,0.00
2006-05-09,86.76,91.80,85.80,89.88,170517,0.00,0.00
2006-05-10,89.76,90.60,86.76,87.12,163242,0.00,0.00
2006-05-11,86.28,87.48,81.72,81.72,178700,0.00,0.00
2006-05-12,81.24,82.20,77.64,79.80,263908,0.00,0.00
2006-05-15,78.36,80.40,78.00,79.68,93050,0.00,0.00
2006-05-16,80.16,80.16,76.56,79.08,109675,0.00,0.00
2006-05-17,78.24,78.60,75.24,75.48,104167,0.00,0.00
2006-05-18,75.84,76.80,74.88,75.00,66892,0.00,0.00
2006-05-19,74.76,78.84,74.52,77.40,115717,0.00,0.00
2006-05-22,76.80,76.80,73.08,74.88,105167,0.00,0.00
2006-05-23,74.76,75.60,72.84,72.96,117583,0.00,0.00
2006-05-24,73.08,74.64,70.92,73.68,108300,0.00,0.00
2006-05-25,74.16,77.40,74.04,77.28,84433,0.00,0.00
2006-05-26,77.64,78.36,76.20,77.64,47442,0.00,0.00
2006-05-30,77.76,78.00,75.36,75.60,75917,0.00,0.00
2006-05-31,76.08,77.88,75.60,76.56,65442,0.00,0.00
2006-06-01,78.00,78.24,76.56,78.24,88083,0.00,0.00
2006-06-02,79.20,80.64,78.72,79.20,109650,0.00,0.00
2006-06-05,79.08,80.76,76.08,76.44,112358,0.00,0.00
2006-06-06,76.44,77.16,74.52,75.72,90258,0.00,0.00
2006-06-07,76.08,79.20,74.88,75.60,72308,0.00,0.00
2006-06-08,75.00,76.08,72.60,75.72,110383,0.00,0.00
2006-06-09,76.20,77.76,74.40,74.64,77050,0.00,0.00
2006-06-12,74.76,74.76,71.52,71.76,101058,0.00,0.00
2006-06-13,71.40,74.04,70.92,72.60,131492,0.00,0.00
2006-06-14,72.60,73.80,70.68,72.24,178733,0.00,0.00
2006-06-15,71.40,72.96,70.68,71.04,143567,0.00,0.00
2006-06-16,71.04,74.88,71.04,72.72,265758,0.00,0.00
2006-06-19,72.72,74.16,72.48,73.20,124300,0.00,0.00
2006-06-20,73.80,73.80,72.24,72.60,157508,0.00,0.00
2006-06-21,73.80,77.04,73.08,76.56,161450,0.00,0.00
2006-06-22,72.72,77.40,72.60,76.32,240000,0.00,0.00
2006-06-23,75.60,77.40,75.36,76.92,194150,0.00,0.00
2006-06-26,77.40,84.00,77.40,83.40,223925,0.00,0.00
2006-06-27,83.52,83.88,81.96,83.04,297600,0.00,0.00
2006-06-28,83.40,87.48,82.44,86.76,257558,0.00,0.00
2006-06-29,87.60,91.68,87.00,91.56,360950,0.00,0.00
2006-06-30,91.80,93.72,90.36,93.48,476700,0.00,0.00
2006-07-03,92.76,96.60,92.64,96.60,149425,0.00,0.00
2006-07-05,94.32,95.88,93.24,93.48,320508,0.00,0.00
2006-07-06,94.44,96.00,93.48,95.40,242092,0.00,0.00
2006-07-07,95.04,95.64,92.28,92.64,229208,0.00,0.00
2006-07-10,92.64,94.32,91.08,91.44,177817,0.00,0.00
2006-07-11,91.20,93.72,88.80,93.60,265542,0.00,0.00
2006-07-12,93.96,95.40,91.20,92.16,150100,0.00,0.00
2006-07-13,91.68,95.28,90.24,92.16,145850,0.00,0.00
2006-07-14,91.92,93.00,89.52,90.00,138600,0.00,0.00
2006-07-17,90.12,91.44,88.56,90.72,114425,0.00,0.00
2006-07-18,91.44,93.36,90.60,92.64,167833,0.00,0.00
2006-07-19,92.40,96.12,91.92,95.76,172583,0.00,0.00
2006-07-20,96.00,96.48,91.92,92.52,164208,0.00,0.00
2006-07-21,92.16,92.64,89.76,91.32,118358,0.00,0.00
2006-07-24,91.92,95.64,91.44,94.80,122142,0.00,0.00
2006-07-25,95.28,95.40,93.12,93.84,158658,0.00,0.00
2006-07-26,93.96,98.16,92.88,95.76,201017,0.00,0.00
2006-07-27,96.96,98.40,95.16,96.84,154192,0.00,0.00
2006-07-28,97.68,99.72,96.72,99.24,132300,0.00,0.00
2006-07-31,99.84,100.08,97.92,99.72,128192,0.00,0.00
2006-08-01,99.24,99.24,92.16,92.64,235767,0.00,0.00
2006-08-02,88.56,89.76,82.92,85.08,423975,0.00,0.00
2006-08-03,83.64,84.96,81.84,83.52,384092,0.00,0.00
2006-08-04,83.40,84.96,82.80,83.40,207400,0.00,0.00
2006-08-07,82.68,82.68,78.84,79.80,247083,0.00,0.00
2006-08-08,79.68,82.56,79.68,81.36,189583,0.00,0.00
2006-08-09,81.00,83.28,79.20,79.32,177500,0.00,0.00
2006-08-10,82.44,91.56,82.44,89.64,465650,0.00,0.00
2006-08-11,89.28,91.68,88.20,89.88,193133,0.00,0.00
2006-08-14,91.08,95.88,90.12,94.32,196525,0.00,0.00
2006-08-15,96.00,97.08,94.56,95.64,176767,0.00,0.00
2006-08-16,96.48,96.84,94.92,96.00,261483,0.00,0.00
2006-08-17,95.52,97.32,94.92,95.88,242583,0.00,0.00
2006-08-18,96.00,96.96,95.16,96.48,196167,0.00,0.00
2006-08-21,95.76,95.76,94.20,94.68,147075,0.00,0.00
2006-08-22,93.36,95.76,93.00,94.80,261600,0.00,0.00
2006-08-23,94.80,96.24,90.24,92.16,313425,0.00,0.00
2006-08-24,91.92,93.60,90.84,92.40,331850,0.00,0.00
2006-08-25,91.92,94.44,90.60,91.56,202217,0.00,0.00
2006-08-28,90.60,96.72,90.60,96.12,232667,0.00,0.00
2006-08-29,95.52,99.36,95.40,97.92,264058,0.00,0.00
2006-08-30,97.68,99.72,96.84,98.52,206117,0.00,0.00
2006-08-31,99.96,100.68,98.16,98.52,134408,0.00,0.00
2006-09-01,99.24,101.04,96.96,97.32,161475,0.00,0.00
2006-09-05,96.96,100.80,96.96,99.96,239775,0.00,0.00
2006-09-06,99.60,102.00,96.60,97.08,236950,0.00,0.00
2006-09-07,96.36,100.92,96.36,99.24,217175,0.00,0.00
2006-09-08,99.12,101.76,99.00,101.52,151267,0.00,0.00
2006-09-11,100.44,101.76,99.24,100.80,170642,0.00,0.00
2006-09-12,100.80,109.80,100.68,108.72,409825,0.00,0.00
2006-09-13,108.60,109.68,106.68,108.72,207708,0.00,0.00
2006-09-14,108.00,110.64,105.84,106.20,226000,0.00,0.00
2006-09-15,107.04,107.52,103.32,103.56,244042,0.00,0.00
2006-09-18,103.44,106.56,102.96,106.32,224092,0.00,0.00
2006-09-19,107.16,109.08,104.28,105.48,244392,0.00,0.00
2006-09-20,106.32,109.44,105.60,108.60,148958,0.00,0.00
2006-09-21,109.32,109.68,106.92,107.88,171325,0.00,0.00
2006-09-22,108.72,109.20,102.72,102.84,190967,0.00,0.00
2006-09-25,103.44,106.80,102.72,106.56,174225,0.00,0.00
2006-09-26,106.80,108.12,105.12,106.80,165967,0.00,0.00
2006-09-27,106.32,108.72,105.72,105.84,105017,0.00,0.00
2006-09-28,106.56,107.40,105.48,106.92,84833,0.00,0.00
2006-09-29,106.80,107.76,105.60,106.44,124200,0.00,0.00
2006-10-02,106.20,107.76,105.00,105.24,159008,0.00,0.00
2006-10-03,105.96,106.44,103.32,105.12,111608,0.00,0.00
2006-10-04,105.36,108.96,104.76,108.84,151283,0.00,0.00
2006-10-05,108.60,115.80,108.60,114.12,300725,0.00,0.00
2006-10-06,112.92,113.40,110.64,111.84,162050,0.00,0.00
2006-10-09,112.32,114.96,111.24,114.96,202133,0.00,0.00
2006-10-10,115.32,117.12,114.48,116.88,253283,0.00,0.00
2006-10-11,116.88,118.08,114.48,116.88,381250,0.00,0.00
2006-10-12,120.24,121.20,116.76,117.36,407500,0.00,0.00
2006-10-13,117.00,117.60,116.76,117.36,278733,0.00,0.00
2006-10-16,117.00,122.40,116.76,120.84,391667,0.00,0.00
2006-10-17,120.84,120.96,118.32,120.00,277750,0.00,0.00
2006-10-18,120.12,120.84,117.00,117.00,246458,0.00,0.00
2006-10-19,117.36,119.88,117.00,119.64,150667,0.00,0.00
2006-10-20,120.00,120.00,116.88,117.12,189267,0.00,0.00
2006-10-23,117.24,118.92,115.80,117.48,140025,0.00,0.00
2006-10-24,121.08,121.44,118.92,121.20,284342,0.00,0.00
2006-10-25,121.68,127.20,121.20,125.88,374317,0.00,0.00
2006-10-26,126.96,127.32,123.72,126.36,275333,0.00,0.00
2006-10-27,126.00,126.00,122.76,123.96,205300,0.00,0.00
2006-10-30,123.96,129.96,123.00,129.36,286367,0.00,0.00
2006-10-31,130.08,131.04,128.52,129.24,373925,0.00,0.00
2006-11-01,130.56,130.80,127.92,128.40,205133,0.00,0.00
2006-11-02,117.72,119.88,110.52,114.96,644225,0.00,0.00
2006-11-03,114.72,118.68,113.76,118.20,245150,0.00,0.00
2006-11-06,118.20,123.24,117.36,121.80,273717,0.00,0.00
2006-11-07,121.56,125.28,119.28,122.76,192792,0.00,0.00
2006-11-08,117.12,117.60,112.44,112.44,481183,0.00,0.00
2006-11-09,113.64,116.28,110.76,111.84,256808,0.00,0.00
2006-11-10,112.56,114.12,111.12,112.20,137183,0.00,0.00
2006-11-13,111.84,116.16,111.60,114.24,197975,0.00,0.00
2006-11-14,114.24,119.40,113.28,119.04,230500,0.00,0.00
2006-11-15,118.92,120.00,117.12,118.32,182283,0.00,0.00
2006-11-16,118.32,120.00,114.96,116.88,232767,0.00,0.00
2006-11-17,112.56,115.20,111.60,114.96,211250,0.00,0.00
2006-11-20,115.20,115.20,111.36,112.80,156775,0.00,0.00
2006-11-21,113.28,115.80,113.04,114.72,103067,0.00,0.00
2006-11-22,115.20,117.60,114.48,117.12,120392,0.00,0.00
2006-11-24,116.16,117.12,114.48,115.68,43425,0.00,0.00
2006-11-27,114.96,115.80,107.88,108.12,199900,0.00,0.00
2006-11-28,108.36,110.52,106.56,109.56,155475,0.00,0.00
2006-11-29,109.80,111.24,107.28,108.12,148292,0.00,0.00
2006-11-30,107.40,109.20,105.00,106.56,196825,0.00,0.00
2006-12-01,107.28,108.36,103.20,104.88,206058,0.00,0.00
2006-12-04,105.24,108.60,103.68,108.48,165717,0.00,0.00
2006-12-05,108.24,109.32,105.96,106.20,161275,0.00,0.00
2006-12-06,106.20,107.52,105.12,105.24,165300,0.00,0.00
2006-12-07,105.48,106.92,104.64,104.76,91992,0.00,0.00
2006-12-08,105.00,107.52,103.92,106.20,138542,0.00,0.00
2006-12-11,105.96,111.96,105.72,107.64,242208,0.00,0.00
2006-12-12,107.64,107.64,101.40,103.20,185100,0.00,0.00
2006-12-13,102.96,108.96,102.96,107.40,263492,0.00,0.00
2006-12-14,108.24,109.68,106.68,108.00,129700,0.00,0.00
2006-12-15,108.36,109.80,105.72,106.32,181258,0.00,0.00
2006-12-18,107.16,110.28,106.32,106.56,151908,0.00,0.00
2006-12-19,105.72,107.04,104.40,106.08,121525,0.00,0.00
2006-12-20,105.96,110.04,105.84,106.44,126133,0.00,0.00
2006-12-21,106.92,109.20,105.84,107.64,104575,0.00,0.00
2006-12-22,107.40,109.56,106.20,108.12,138733,0.00,0.00
2006-12-26,107.88,107.88,101.40,104.40,213700,0.00,0.00
2006-12-27,104.64,107.64,103.44,107.52,143558,0.00,0.00
2006-12-28,107.52,109.20,106.80,108.12,153500,0.00,0.00
2006-12-29,108.12,110.16,104.64,105.00,167750,0.00,0.00
2007-01-03,105.60,109.08,103.56,106.08,229375,0.00,0.00
2007-01-04,106.08,109.08,105.12,108.48,170600,0.00,0.00
2007-01-05,107.04,107.40,103.56,105.24,125700,0.00,0.00
2007-01-08,105.00,108.00,104.28,106.44,168633,0.00,0.00
2007-01-09,107.40,107.40,103.20,103.92,195292,0.00,0.00
2007-01-10,103.32,105.36,102.24,103.68,143550,0.00,0.00
2007-01-11,104.40,104.40,102.60,102.84,186325,0.00,0.00
2007-01-12,102.48,104.40,102.24,104.40,163300,0.00,0.00
2007-01-16,103.68,104.64,102.60,104.04,165992,0.00,0.00
2007-01-17,103.44,105.24,103.08,103.32,149992,0.00,0.00
2007-01-18,103.68,104.40,99.96,100.68,174408,0.00,0.00
2007-01-19,100.08,100.20,96.48,98.88,173725,0.00,0.00
2007-01-22,99.12,101.28,97.80,98.28,167583,0.00,0.00
2007-01-23,98.64,99.96,97.20,99.00,161967,0.00,0.00
2007-01-24,102.36,105.24,101.64,102.12,280383,0.00,0.00
2007-01-25,101.64,102.24,99.12,100.20,169058,0.00,0.00
2007-01-26,101.16,102.12,98.64,101.40,179183,0.00,0.00
2007-01-29,102.12,105.96,99.24,104.88,277450,0.00,0.00
2007-01-30,104.76,106.92,103.44,105.60,140475,0.00,0.00
2007-01-31,105.96,107.28,104.52,105.96,140275,0.00,0.00
2007-02-01,106.44,108.00,105.36,108.00,160808,0.00,0.00
2007-02-02,105.72,107.88,105.60,106.80,86717,0.00,0.00
2007-02-05,106.20,108.60,105.24,108.36,209967,0.00,0.00
2007-02-06,108.72,108.96,107.52,108.84,155708,0.00,0.00
2007-02-07,108.96,113.88,108.48,112.68,224433,0.00,0.00
2007-02-08,112.56,118.20,111.72,117.60,282758,0.00,0.00
2007-02-09,117.12,118.08,114.00,114.48,222067,0.00,0.00
2007-02-12,114.24,116.64,113.04,114.96,181158,0.00,0.00
2007-02-13,114.96,116.28,114.24,115.32,185275,0.00,0.00
2007-02-14,115.32,116.64,113.76,115.44,147842,0.00,0.00
2007-02-15,115.20,117.24,113.76,115.44,114208,0.00,0.00
2007-02-16,115.32,117.72,114.00,117.00,111900,0.00,0.00
2007-02-20,117.00,122.52,115.80,121.80,282808,0.00,0.00
2007-02-21,121.56,122.04,119.76,120.36,158408,0.00,0.00
2007-02-22,121.08,123.84,120.36,122.04,219583,0.00,0.00
2007-02-23,121.32,122.40,120.00,120.72,186192,0.00,0.00
2007-02-26,121.56,121.92,118.44,118.92,162000,0.00,0.00
2007-02-27,117.00,117.36,108.72,109.44,313125,0.00,0.00
2007-02-28,109.68,112.80,109.56,110.88,201525,0.00,0.00
2007-03-01,108.60,110.04,106.32,108.12,212800,0.00,0.00
2007-03-02,107.52,107.52,103.44,103.56,176242,0.00,0.00
2007-03-05,102.00,105.60,101.04,101.16,191892,0.00,0.00
2007-03-06,101.76,106.68,101.76,105.84,165850,0.00,0.00
2007-03-07,105.00,105.12,101.52,103.44,272408,0.00,0.00
2007-03-08,104.04,105.60,102.84,103.80,140892,0.00,0.00
2007-03-09,104.40,104.40,101.40,101.88,134417,0.00,0.00
2007-03-12,101.64,103.80,100.80,102.96,160683,0.00,0.00
2007-03-13,101.40,102.96,98.64,99.00,155825,0.00,0.00
2007-03-14,98.52,99.96,96.12,99.24,186792,0.00,0.00
2007-03-15,98.64,102.00,98.64,101.64,126233,0.00,0.00
2007-03-16,101.52,102.00,98.64,99.24,147617,0.00,0.00
2007-03-19,100.08,102.00,99.60,99.84,74692,0.00,0.00
2007-03-20,99.84,101.88,98.76,101.88,86717,0.00,0.00
2007-03-21,102.36,105.60,101.04,105.48,120433,0.00,0.00
2007-03-22,105.36,105.60,101.52,103.32,123967,0.00,0.00
2007-03-23,103.08,104.28,102.24,103.20,79642,0.00,0.00
2007-03-26,103.56,103.68,101.04,102.48,190233,0.00,0.00
2007-03-27,101.64,102.60,100.44,101.16,114958,0.00,0.00
2007-03-28,100.68,102.48,99.60,100.32,113317,0.00,0.00
2007-03-29,100.20,100.32,96.60,98.40,264325,0.00,0.00
2007-03-30,97.68,100.56,97.68,99.48,178808,0.00,0.00
2007-04-02,98.64,99.96,96.36,99.24,141617,0.00,0.00
2007-04-03,99.36,101.40,98.64,99.84,147608,0.00,0.00
2007-04-04,99.96,101.28,98.88,99.12,211592,0.00,0.00
2007-04-05,98.64,100.44,97.68,97.92,154633,0.00,0.00
2007-04-09,98.40,99.36,95.76,96.00,201217,0.00,0.00
2007-04-10,95.64,96.84,95.04,95.64,135067,0.00,0.00
2007-04-11,95.40,96.24,94.08,94.80,112508,0.00,0.00
2007-04-12,94.20,96.00,93.00,95.88,179175,0.00,0.00
2007-04-13,95.40,97.32,94.68,97.20,154358,0.00,0.00
2007-04-16,97.08,98.04,96.12,97.44,133767,0.00,0.00
2007-04-17,95.40,97.32,95.40,97.20,91833,0.00,0.00
2007-04-18,96.60,96.96,94.80,95.28,105700,0.00,0.00
2007-04-19,94.92,95.04,93.00,93.60,68350,0.00,0.00
2007-04-20,94.56,94.56,91.68,92.76,134150,0.00,0.00
2007-04-23,92.04,93.36,91.56,92.52,100542,0.00,0.00
2007-04-24,92.28,93.24,91.20,91.92,132550,0.00,0.00
2007-04-25,92.64,93.36,91.32,92.64,96808,0.00,0.00
2007-04-26,92.64,92.64,91.32,92.28,90275,0.00,0.00
2007-04-27,91.80,92.52,87.60,89.16,179075,0.00,0.00
2007-04-30,90.00,90.00,85.56,85.68,244433,0.00,0.00
2007-05-01,85.68,86.40,83.04,84.60,205083,0.00,0.00
2007-05-02,84.48,88.08,84.12,87.60,144500,0.00,0.00
2007-05-03,86.52,90.24,86.40,88.20,216717,0.00,0.00
2007-05-04,88.56,89.64,86.28,86.88,133558,0.00,0.00
2007-05-07,87.24,89.64,86.28,86.52,172150,0.00,0.00
2007-05-08,86.52,87.12,85.08,86.88,103008,0.00,0.00
2007-05-09,86.16,86.28,84.36,85.08,177267,0.00,0.00
2007-05-10,84.48,85.80,82.08,82.92,222700,0.00,0.00
2007-05-11,83.52,84.96,82.44,84.36,156042,0.00,0.00
2007-05-14,84.00,85.08,80.64,83.88,243542,0.00,0.00
2007-05-15,83.64,85.68,83.16,84.00,187283,0.00,0.00
2007-05-16,84.60,85.68,82.80,85.44,140008,0.00,0.00
2007-05-17,85.08,87.48,84.24,84.36,153758,0.00,0.00
2007-05-18,84.36,85.08,82.92,84.12,140675,0.00,0.00
2007-05-21,85.32,86.40,84.60,85.08,91117,0.00,0.00
2007-05-22,85.08,86.04,84.00,84.48,89392,0.00,0.00
2007-05-23,85.44,85.92,84.36,85.68,187933,0.00,0.00
2007-05-24,85.20,86.88,82.32,83.52,168800,0.00,0.00
2007-05-25,83.64,84.84,82.20,84.12,83333,0.00,0.00
2007-05-29,83.52,84.48,83.04,83.76,151183,0.00,0.00
2007-05-30,83.16,85.68,81.00,85.68,137500,0.00,0.00
2007-05-31,85.68,87.48,85.20,86.52,182217,0.00,0.00
2007-06-01,87.00,88.32,86.04,87.72,106575,0.00,0.00
2007-06-04,84.72,87.00,74.64,78.12,577825,0.00,0.00
2007-06-05,78.00,78.00,74.04,75.12,314017,0.00,0.00
2007-06-06,74.16,75.96,73.44,75.36,182467,0.00,0.00
2007-06-07,74.64,75.48,71.40,71.88,419525,0.00,0.00
2007-06-08,71.28,72.84,71.28,71.52,178250,0.00,0.00
2007-06-11,71.16,75.00,70.80,72.36,278175,0.00,0.00
2007-06-12,71.52,72.24,69.96,70.20,220208,0.00,0.00
2007-06-13,70.20,70.32,68.28,68.52,330517,0.00,0.00
2007-06-14,68.88,69.60,65.76,68.88,506608,0.00,0.00
2007-06-15,70.44,70.44,68.28,69.00,252525,0.00,0.00
2007-06-18,68.64,69.12,66.00,66.36,313500,0.00,0.00
2007-06-19,66.12,66.36,65.16,65.88,419058,0.00,0.00
2007-06-20,65.88,66.60,63.24,63.36,300475,0.00,0.00
2007-06-21,62.64,63.12,61.44,62.64,252308,0.00,0.00
2007-06-22,62.28,63.24,61.44,62.88,352600,0.00,0.00
2007-06-25,62.40,63.96,62.16,62.76,307117,0.00,0.00
2007-06-26,62.76,63.00,62.04,62.40,272642,0.00,0.00
2007-06-27,62.16,64.80,61.44,64.56,201675,0.00,0.00
2007-06-28,64.08,66.72,64.08,66.24,245967,0.00,0.00
2007-06-29,66.72,70.20,66.72,67.32,455250,0.00,0.00
2007-07-02,67.80,68.64,66.72,67.56,297050,0.00,0.00
2007-07-03,67.56,67.56,65.88,66.48,152992,0.00,0.00
2007-07-05,65.88,67.56,65.52,67.20,235817,0.00,0.00
2007-07-06,66.84,68.28,66.48,67.92,309475,0.00,0.00
2007-07-09,68.64,69.24,68.16,68.52,275458,0.00,0.00
2007-07-10,68.40,68.88,67.44,67.44,214792,0.00,0.00
2007-07-11,67.32,67.56,65.04,66.00,166250,0.00,0.00
2007-07-12,66.60,66.84,63.84,64.20,262825,0.00,0.00
2007-07-13,64.20,64.32,62.76,63.36,210925,0.00,0.00
2007-07-16,63.36,63.60,61.08,61.32,349367,0.00,0.00
2007-07-17,61.68,62.40,58.20,61.44,283717,0.00,0.00
2007-07-18,61.08,63.24,58.20,60.36,448000,0.00,0.00
2007-07-19,61.20,61.68,58.44,60.00,488333,0.00,0.00
2007-07-20,60.00,61.44,54.00,55.20,542867,0.00,0.00
2007-07-23,54.96,58.56,54.60,56.76,352233,0.00,0.00
2007-07-24,56.04,57.12,46.44,46.56,785758,0.00,0.00
2007-07-25,46.56,47.28,42.60,44.40,542292,0.00,0.00
2007-07-26,44.40,44.40,39.12,40.56,453775,0.00,0.00
2007-07-27,40.80,41.88,39.36,39.48,457650,0.00,0.00
2007-07-30,39.12,40.20,36.48,37.20,402925,0.00,0.00
2007-07-31,39.24,40.44,37.44,38.64,513683,0.00,0.00
2007-08-01,39.00,43.56,37.68,42.60,727133,0.00,0.00
2007-08-02,41.88,45.84,40.92,42.36,670433,0.00,0.00
2007-08-03,42.00,42.36,40.08,40.20,494225,0.00,0.00
2007-08-06,40.32,40.80,37.44,37.80,392658,0.00,0.00
2007-08-07,37.92,38.64,29.88,32.76,597117,0.00,0.00
2007-08-08,35.16,35.40,31.20,31.68,609317,0.00,0.00
2007-08-09,31.80,32.88,29.64,31.44,457983,0.00,0.00
2007-08-10,30.60,33.72,29.16,32.04,613550,0.00,0.00
2007-08-13,32.40,38.52,32.04,35.28,381883,0.00,0.00
2007-08-14,35.52,41.28,32.40,33.36,277525,0.00,0.00
2007-08-15,33.12,34.80,31.92,33.00,184675,0.00,0.00
2007-08-16,31.80,49.68,30.60,39.96,432167,0.00,0.00
2007-08-17,42.00,42.00,37.32,38.16,270583,0.00,0.00
2007-08-20,38.28,39.60,35.52,37.32,362650,0.00,0.00
2007-08-21,36.72,38.28,36.12,36.48,182375,0.00,0.00
2007-08-22,38.16,38.16,35.16,35.64,189017,0.00,0.00
2007-08-23,35.88,36.84,34.32,35.04,158458,0.00,0.00
2007-08-24,34.92,35.04,33.36,33.84,128725,0.00,0.00
2007-08-27,33.72,36.00,33.48,34.92,88933,0.00,0.00
2007-08-28,34.80,36.00,33.00,33.00,80392,0.00,0.00
2007-08-29,32.88,33.72,31.68,32.40,94675,0.00,0.00
2007-08-30,32.04,34.56,32.04,33.36,117542,0.00,0.00
2007-08-31,33.72,36.72,32.76,36.48,126758,0.00,0.00
2007-09-04,36.48,37.20,35.28,36.84,159125,0.00,0.00
2007-09-05,36.48,39.36,35.88,38.16,253625,0.00,0.00
2007-09-06,38.16,39.00,37.32,39.00,135300,0.00,0.00
2007-09-07,38.16,38.88,36.72,36.96,157708,0.00,0.00
2007-09-10,36.84,36.84,32.88,33.60,202592,0.00,0.00
2007-09-11,33.72,34.32,31.80,32.40,195633,0.00,0.00
2007-09-12,36.00,36.00,32.16,32.64,230075,0.00,0.00
2007-09-13,32.76,33.36,31.56,31.80,171092,0.00,0.00
2007-09-14,31.68,32.76,31.56,32.28,118092,0.00,0.00
2007-09-17,32.64,37.80,32.28,37.08,473958,0.00,0.00
2007-09-18,37.80,41.76,37.44,41.40,578475,0.00,0.00
2007-09-19,41.40,46.20,41.40,44.52,383650,0.00,0.00
2007-09-20,44.76,51.00,44.76,48.72,435075,0.00,0.00
2007-09-21,50.04,51.84,43.20,44.76,400100,0.00,0.00
2007-09-24,44.88,45.48,43.20,43.92,189075,0.00,0.00
2007-09-25,43.56,43.68,41.64,42.36,204558,0.00,0.00
2007-09-26,42.60,45.96,42.60,45.24,139908,0.00,0.00
2007-09-27,46.68,46.80,43.92,44.52,111333,0.00,0.00
2007-09-28,44.76,45.36,43.80,43.92,100775,0.00,0.00
2007-10-01,43.92,46.08,43.92,45.72,97317,0.00,0.00
2007-10-02,46.08,49.68,45.72,48.60,256908,0.00,0.00
2007-10-03,50.16,52.32,49.80,51.72,220292,0.00,0.00
2007-10-04,52.20,55.20,51.72,52.32,243000,0.00,0.00
2007-10-05,52.80,56.16,49.32,51.84,173842,0.00,0.00
2007-10-08,51.84,52.44,48.12,48.48,184842,0.00,0.00
2007-10-09,49.08,60.00,48.96,59.88,420300,0.00,0.00
2007-10-10,60.00,61.32,56.52,59.16,312075,0.00,0.00
2007-10-11,56.40,58.68,53.52,55.68,227500,0.00,0.00
2007-10-12,55.80,57.60,54.36,54.36,135658,0.00,0.00
2007-10-15,54.84,57.60,54.00,54.72,124842,0.00,0.00
2007-10-16,55.20,56.04,53.64,54.96,136217,0.00,0.00
2007-10-17,55.20,57.60,55.20,57.60,148500,0.00,0.00
2007-10-18,51.48,54.72,51.12,53.04,255642,0.00,0.00
2007-10-19,52.68,52.68,44.40,46.20,339733,0.00,0.00
2007-10-22,44.28,45.48,42.60,43.08,243125,0.00,0.00
2007-10-23,43.80,45.84,43.20,43.92,154217,0.00,0.00
2007-10-24,43.44,44.16,40.56,41.28,150417,0.00,0.00
2007-10-25,41.52,41.76,38.28,40.08,171158,0.00,0.00
2007-10-26,40.44,40.68,38.40,38.88,149808,0.00,0.00
2007-10-29,38.52,41.28,37.80,39.84,150050,0.00,0.00
2007-10-30,41.64,41.64,39.00,39.48,123042,0.00,0.00
2007-10-31,39.60,40.20,37.44,38.40,172608,0.00,0.00
2007-11-01,39.00,39.00,33.96,33.96,987708,0.00,0.00
2007-11-02,34.68,35.16,33.12,33.48,367308,0.00,0.00
2007-11-05,33.12,35.76,32.40,35.40,214450,0.00,0.00
2007-11-06,34.92,36.12,34.56,36.12,117933,0.00,0.00
2007-11-07,35.40,37.44,35.40,36.84,181242,0.00,0.00
2007-11-08,36.84,36.84,35.52,36.12,138425,0.00,0.00
2007-11-09,36.00,36.24,34.32,35.16,128433,0.00,0.00
2007-11-12,37.32,37.44,34.56,36.12,137342,0.00,0.00
2007-11-13,36.60,41.04,36.48,39.72,209450,0.00,0.00
2007-11-14,40.08,40.56,38.64,39.24,109175,0.00,0.00
2007-11-15,39.00,39.24,35.76,36.84,144650,0.00,0.00
2007-11-16,37.08,37.08,35.40,36.24,125200,0.00,0.00
2007-11-19,36.24,40.08,35.40,35.88,95767,0.00,0.00
2007-11-20,36.00,36.60,34.92,36.48,80550,0.00,0.00
2007-11-21,36.24,36.36,34.44,35.16,121383,0.00,0.00
2007-11-23,35.40,35.40,34.20,34.56,44900,0.00,0.00
2007-11-26,35.16,35.16,32.52,32.64,180392,0.00,0.00
2007-11-27,32.64,37.32,32.64,36.36,188558,0.00,0.00
2007-11-28,36.00,36.24,34.32,34.68,173917,0.00,0.00
2007-11-29,34.56,36.00,34.32,35.52,137708,0.00,0.00
2007-11-30,36.00,36.00,34.32,34.80,135800,0.00,0.00
2007-12-03,34.20,35.52,33.24,33.72,171642,0.00,0.00
2007-12-04,33.36,34.68,33.00,34.56,188292,0.00,0.00
2007-12-05,34.68,34.68,33.60,34.32,170942,0.00,0.00
2007-12-06,34.32,35.88,33.84,35.88,99058,0.00,0.00
2007-12-07,35.88,36.72,34.32,35.28,145100,0.00,0.00
2007-12-10,35.52,36.00,34.32,34.68,371150,0.00,0.00
2007-12-11,35.52,35.52,33.36,34.20,192058,0.00,0.00
2007-12-12,34.56,34.68,32.16,32.40,169508,0.00,0.00
2007-12-13,32.52,33.72,32.52,33.24,62342,0.00,0.00
2007-12-14,33.60,33.96,32.40,32.76,172233,0.00,0.00
2007-12-17,32.52,33.24,32.16,32.88,151508,0.00,0.00
2007-12-18,32.76,33.24,31.92,32.76,97767,0.00,0.00
2007-12-19,32.64,33.00,31.20,31.32,179950,0.00,0.00
2007-12-20,31.92,33.00,30.96,32.76,140892,0.00,0.00
2007-12-21,34.56,36.00,32.40,32.40,312417,0.00,0.00
2007-12-24,32.76,34.44,32.64,33.00,95542,0.00,0.00
2007-12-26,33.24,33.84,32.64,33.36,170192,0.00,0.00
2007-12-27,33.00,33.84,32.64,33.36,128725,0.00,0.00
2007-12-28,33.12,33.36,32.04,32.40,175225,0.00,0.00
2007-12-31,32.16,33.24,32.04,33.00,135133,0.00,0.00
2008-01-02,33.00,33.24,32.40,33.00,147217,0.00,0.00
2008-01-03,32.88,34.44,32.76,33.84,106700,0.00,0.00
2008-01-04,33.48,33.60,31.80,33.12,122483,0.00,0.00
2008-01-07,33.00,34.08,33.00,33.96,128508,0.00,0.00
2008-01-08,34.08,35.16,33.24,34.44,123667,0.00,0.00
2008-01-09,34.20,34.92,32.76,34.44,177533,0.00,0.00
2008-01-10,33.96,35.88,33.72,35.76,129858,0.00,0.00
2008-01-11,35.16,36.24,34.32,34.44,130383,0.00,0.00
2008-01-14,34.68,36.12,34.56,35.88,144158,0.00,0.00
2008-01-15,35.16,36.24,34.68,35.52,113925,0.00,0.00
2008-01-16,35.04,36.00,33.60,35.88,128925,0.00,0.00
2008-01-17,35.40,35.40,33.84,34.80,216117,0.00,0.00
2008-01-18,34.32,35.16,33.84,33.84,259400,0.00,0.00
2008-01-22,31.92,33.12,30.24,30.84,180233,0.00,0.00
2008-01-23,30.96,31.20,29.40,30.96,110317,0.00,0.00
2008-01-24,31.20,31.56,30.00,30.24,98483,0.00,0.00
2008-01-25,30.60,31.92,30.36,31.32,94092,0.00,0.00
2008-01-28,31.32,32.04,30.60,32.04,75767,0.00,0.00
2008-01-29,32.28,33.24,31.44,32.88,87958,0.00,0.00
2008-01-30,32.52,33.48,32.04,32.28,79008,0.00,0.00
2008-01-31,31.32,33.48,30.72,33.24,82875,0.00,0.00
2008-02-01,33.48,35.04,32.76,35.04,93508,0.00,0.00
2008-02-04,35.28,37.56,35.04,36.36,112075,0.00,0.00
2008-02-05,35.76,36.84,35.04,36.60,129592,0.00,0.00
2008-02-06,36.96,37.44,35.76,36.12,74292,0.00,0.00
2008-02-07,35.88,37.44,35.76,37.20,73817,0.00,0.00
2008-02-08,37.08,37.32,34.56,35.28,104267,0.00,0.00
2008-02-11,35.16,36.48,35.04,35.76,78050,0.00,0.00
2008-02-12,36.00,37.08,35.16,36.96,137142,0.00,0.00
2008-02-13,37.20,38.16,36.60,38.16,89425,0.00,0.00
2008-02-14,38.28,38.28,36.48,36.48,65725,0.00,0.00
2008-02-15,36.24,36.72,35.88,36.00,55567,0.00,0.00
2008-02-19,36.60,36.72,35.88,36.24,41783,0.00,0.00
2008-02-20,35.88,36.60,35.76,35.88,52683,0.00,0.00
2008-02-21,36.00,37.20,34.08,34.20,104892,0.00,0.00
2008-02-22,34.20,34.44,33.00,33.48,72733,0.00,0.00
2008-02-25,33.60,35.40,33.60,35.28,48625,0.00,0.00
2008-02-26,35.04,36.60,34.56,35.88,45292,0.00,0.00
2008-02-27,34.80,36.36,34.80,35.76,42425,0.00,0.00
2008-02-28,35.40,36.00,34.20,35.16,55683,0.00,0.00
2008-02-29,37.20,38.04,33.84,33.84,201608,0.00,0.00
2008-03-03,29.40,30.96,29.40,29.88,244217,0.00,0.00
2008-03-04,30.12,34.56,30.12,34.44,145583,0.00,0.00
2008-03-05,34.44,35.28,33.12,34.44,79625,0.00,0.00
2008-03-06,33.96,34.44,32.88,32.88,91758,0.00,0.00
2008-03-07,32.64,34.08,32.40,33.72,66083,0.00,0.00
2008-03-10,33.48,33.84,31.80,33.72,73608,0.00,0.00
2008-03-11,33.60,33.60,31.56,32.52,141475,0.00,0.00
2008-03-12,32.88,32.88,30.60,30.72,113792,0.00,0.00
2008-03-13,30.00,31.32,29.52,30.36,209175,0.00,0.00
2008-03-14,30.72,30.96,28.92,28.92,88642,0.00,0.00
2008-03-17,28.80,28.80,26.76,27.72,128742,0.00,0.00
2008-03-18,27.84,30.12,27.84,29.88,82958,0.00,0.00
2008-03-19,30.00,30.00,28.32,29.40,70875,0.00,0.00
2008-03-20,30.12,30.60,28.80,29.52,163425,0.00,0.00
2008-03-24,29.40,31.08,28.92,30.84,89767,0.00,0.00
2008-03-25,30.96,31.92,30.36,31.92,64642,0.00,0.00
2008-03-26,31.80,32.52,31.08,32.28,52825,0.00,0.00
2008-03-27,32.40,33.84,31.80,33.48,85075,0.00,0.00
2008-03-28,33.72,34.20,31.92,33.36,60825,0.00,0.00
2008-03-31,33.36,34.08,33.24,34.08,64408,0.00,0.00
2008-04-01,34.20,35.28,33.84,35.04,65100,0.00,0.00
2008-04-02,34.92,36.00,34.80,35.76,121583,0.00,0.00
2008-04-03,35.52,36.00,35.04,35.52,78492,0.00,0.00
2008-04-04,35.52,36.60,35.04,36.12,86300,0.00,0.00
2008-04-07,36.00,37.44,35.04,36.96,101650,0.00,0.00
2008-04-08,36.24,38.28,36.24,37.68,70358,0.00,0.00
2008-04-09,37.68,38.28,37.20,37.56,54775,0.00,0.00
2008-04-10,37.68,38.16,36.00,36.36,69400,0.00,0.00
2008-04-11,36.36,36.60,34.80,35.04,68567,0.00,0.00
2008-04-14,34.92,35.28,34.08,34.32,61108,0.00,0.00
2008-04-15,34.08,34.44,33.48,33.96,56433,0.00,0.00
2008-04-16,34.20,36.24,34.20,36.24,59017,0.00,0.00
2008-04-17,36.12,36.60,35.64,36.24,45717,0.00,0.00
2008-04-18,36.48,37.20,36.12,36.48,35850,0.00,0.00
2008-04-21,36.00,36.96,36.00,36.84,26442,0.00,0.00
2008-04-22,36.60,37.20,35.04,35.28,86433,0.00,0.00
2008-04-23,35.40,36.00,35.16,35.28,47467,0.00,0.00
2008-04-24,35.40,36.36,35.28,36.00,87925,0.00,0.00
2008-04-25,36.24,36.60,35.76,36.00,43517,0.00,0.00
2008-04-28,35.52,38.76,35.52,37.80,128450,0.00,0.00
2008-04-29,38.04,39.00,38.04,38.28,88667,0.00,0.00
2008-04-30,38.28,39.00,37.20,39.00,124558,0.00,0.00
2008-05-01,38.88,41.16,38.88,40.92,87508,0.00,0.00
2008-05-02,41.28,41.28,39.60,39.84,81567,0.00,0.00
2008-05-05,40.08,41.28,39.84,39.96,79483,0.00,0.00
2008-05-06,39.60,40.56,39.36,40.32,74383,0.00,0.00
2008-05-07,45.12,50.04,44.40,46.44,447808,0.00,0.00
2008-05-08,47.40,48.48,43.80,46.32,139717,0.00,0.00
2008-05-09,46.20,47.40,44.88,46.92,69183,0.00,0.00
2008-05-12,47.16,49.92,46.80,49.32,103000,0.00,0.00
2008-05-13,49.32,52.20,49.20,51.96,144033,0.00,0.00
2008-05-14,52.44,54.84,51.60,53.76,317525,0.00,0.00
2008-05-15,54.60,57.48,54.12,57.36,340942,0.00,0.00
2008-05-16,60.24,60.84,56.88,59.64,307908,0.00,0.00
2008-05-19,59.04,59.40,56.16,58.08,166425,0.00,0.00
2008-05-20,57.60,57.60,52.20,53.88,247008,0.00,0.00
2008-05-21,53.88,56.28,53.16,55.20,153975,0.00,0.00
2008-05-22,54.24,55.80,53.64,54.48,111592,0.00,0.00
2008-05-23,54.72,56.16,53.76,55.56,146650,0.00,0.00
2008-05-27,56.04,57.12,55.56,56.76,136608,0.00,0.00
2008-05-28,57.36,57.36,54.00,54.96,110258,0.00,0.00
2008-05-29,54.72,56.88,54.72,56.40,87467,0.00,0.00
2008-05-30,57.00,57.84,55.44,57.60,161792,0.00,0.00
2008-06-02,57.36,58.80,56.28,58.32,119342,0.00,0.00
2008-06-03,58.80,60.24,58.44,59.88,159850,0.00,0.00
2008-06-04,60.12,61.80,60.00,60.84,163167,0.00,0.00
2008-06-05,61.44,63.36,60.84,63.36,122808,0.00,0.00
2008-06-06,63.96,66.84,63.72,66.36,233525,0.00,0.00
2008-06-09,66.84,68.88,64.20,67.32,174092,0.00,0.00
2008-06-10,66.48,68.16,63.96,67.32,189700,0.00,0.00
2008-06-11,66.84,67.20,63.24,63.60,245067,0.00,0.00
2008-06-12,63.48,67.32,63.00,65.88,204925,0.00,0.00
2008-06-13,66.72,66.72,64.56,65.52,166117,0.00,0.00
2008-06-16,65.16,66.84,64.92,66.60,145125,0.00,0.00
2008-06-17,66.48,68.16,66.24,67.20,139158,0.00,0.00
2008-06-18,67.56,70.08,67.20,69.72,193283,0.00,0.00
2008-06-19,69.84,71.28,69.00,70.56,178292,0.00,0.00
2008-06-20,71.04,71.04,69.36,70.44,223342,0.00,0.00
2008-06-23,71.04,71.04,66.36,66.60,152858,0.00,0.00
2008-06-24,66.00,66.12,62.64,62.88,222342,0.00,0.00
2008-06-25,62.76,66.84,62.16,65.52,242492,0.00,0.00
2008-06-26,64.44,65.76,63.60,64.20,159350,0.00,0.00
2008-06-27,63.72,67.08,62.88,66.60,392767,0.00,0.00
2008-06-30,66.12,66.84,64.80,65.64,144950,0.00,0.00
2008-07-01,62.28,68.28,60.00,67.08,273975,0.00,0.00
2008-07-02,66.72,67.08,54.60,54.96,335367,0.00,0.00
2008-07-03,54.60,56.64,53.76,55.20,99900,0.00,0.00
2008-07-07,57.00,61.68,55.56,60.84,233883,0.00,0.00
2008-07-08,60.96,64.32,60.48,64.32,235833,0.00,0.00
2008-07-09,64.20,66.24,62.16,63.00,148400,0.00,0.00
2008-07-10,62.76,66.84,62.76,66.12,184700,0.00,0.00
2008-07-11,65.64,67.80,63.60,66.84,152942,0.00,0.00
2008-07-14,66.84,66.84,63.36,64.92,117167,0.00,0.00
2008-07-15,64.44,64.80,60.72,62.88,163875,0.00,0.00
2008-07-16,63.00,65.76,61.56,65.40,120983,0.00,0.00
2008-07-17,65.88,67.44,63.24,64.32,135517,0.00,0.00
2008-07-18,64.32,65.28,62.04,62.16,96542,0.00,0.00
2008-07-21,62.28,64.80,62.16,64.08,161608,0.00,0.00
2008-07-22,63.84,63.84,60.84,63.00,109842,0.00,0.00
2008-07-23,62.64,63.12,61.32,61.44,103708,0.00,0.00
2008-07-24,61.80,64.80,61.68,63.00,167958,0.00,0.00
2008-07-25,64.20,64.44,60.36,61.08,96717,0.00,0.00
2008-07-28,61.44,62.04,58.44,59.16,130675,0.00,0.00
2008-07-29,59.28,61.56,58.44,60.72,75175,0.00,0.00
2008-07-30,61.68,63.00,59.52,59.88,77125,0.00,0.00
2008-07-31,59.04,60.00,55.80,56.64,139775,0.00,0.00
2008-08-01,54.84,58.44,54.84,57.36,113558,0.00,0.00
2008-08-04,57.60,57.60,54.12,54.24,119058,0.00,0.00
2008-08-05,54.72,56.16,54.48,54.60,174458,0.00,0.00
2008-08-06,54.84,56.16,54.72,55.92,67333,0.00,0.00
2008-08-07,51.12,51.12,40.56,40.56,502683,0.00,0.00
2008-08-08,40.56,42.60,39.96,41.76,193200,0.00,0.00
2008-08-11,42.00,45.36,42.00,43.68,198367,0.00,0.00
2008-08-12,43.68,45.00,42.60,44.40,105542,0.00,0.00
2008-08-13,44.28,44.28,40.68,41.88,131508,0.00,0.00
2008-08-14,41.76,43.32,41.28,42.96,58925,0.00,0.00
2008-08-15,44.28,44.28,41.52,41.52,71858,0.00,0.00
2008-08-18,41.52,42.00,39.60,39.96,61750,0.00,0.00
2008-08-19,39.72,40.80,39.24,39.24,69225,0.00,0.00
2008-08-20,39.72,41.64,38.76,39.48,69925,0.00,0.00
2008-08-21,39.12,39.84,38.40,39.12,57267,0.00,0.00
2008-08-22,39.36,40.44,38.64,40.32,48367,0.00,0.00
2008-08-25,40.32,40.92,39.12,39.60,83192,0.00,0.00
2008-08-26,39.60,40.56,37.68,38.64,99942,0.00,0.00
2008-08-27,38.64,40.32,37.92,39.60,73042,0.00,0.00
2008-08-28,39.72,41.40,39.48,41.04,48342,0.00,0.00
2008-08-29,39.60,40.08,38.16,39.12,79217,0.00,0.00
2008-09-02,38.88,40.80,38.88,39.60,139258,0.00,0.00
2008-09-03,39.60,39.96,39.12,39.36,125683,0.00,0.00
2008-09-04,39.00,39.72,37.44,37.44,123233,0.00,0.00
2008-09-05,37.68,37.92,37.08,37.56,45892,0.00,0.00
2008-09-08,38.76,39.60,35.88,37.08,96208,0.00,0.00
2008-09-09,37.20,38.88,34.68,34.92,96617,0.00,0.00
2008-09-10,35.28,35.88,33.48,33.72,97283,0.00,0.00
2008-09-11,33.72,35.28,33.24,35.04,108750,0.00,0.00
2008-09-12,34.80,35.40,33.72,34.44,39917,0.00,0.00
2008-09-15,33.60,34.44,32.40,32.40,65225,0.00,0.00
2008-09-16,33.00,36.00,32.28,34.80,146000,0.00,0.00
2008-09-17,34.20,34.80,30.84,30.84,98083,0.00,0.00
2008-09-18,32.04,35.16,30.24,35.16,232667,0.00,0.00
2008-09-19,40.44,40.92,37.68,40.92,202792,0.00,0.00
2008-09-22,40.56,41.16,38.76,40.32,67925,0.00,0.00
2008-09-23,40.44,41.16,36.84,38.04,71450,0.00,0.00
2008-09-24,38.04,40.20,37.08,38.04,37000,0.00,0.00
2008-09-25,38.16,42.60,37.80,41.52,68533,0.00,0.00
2008-09-26,40.92,41.40,38.40,39.48,50967,0.00,0.00
2008-09-29,38.88,39.96,35.40,36.48,73425,0.00,0.00
2008-09-30,37.08,40.80,36.00,40.44,72158,0.00,0.00
2008-10-01,39.48,40.92,38.64,38.88,54167,0.00,0.00
2008-10-02,38.52,39.60,36.60,37.32,90408,0.00,0.00
2008-10-03,37.92,39.24,34.56,34.56,80975,0.00,0.00
2008-10-06,33.72,34.56,30.36,32.28,87342,0.00,0.00
2008-10-07,32.76,33.72,30.24,31.08,62958,0.00,0.00
2008-10-08,30.12,31.20,25.80,27.00,148450,0.00,0.00
2008-10-09,27.72,30.00,25.44,25.80,113575,0.00,0.00
2008-10-10,24.96,28.20,19.80,23.52,282933,0.00,0.00
2008-10-13,24.60,28.08,24.00,27.96,101117,0.00,0.00
2008-10-14,28.80,29.88,25.44,26.88,63033,0.00,0.00
2008-10-15,26.52,26.88,23.52,23.88,64675,0.00,0.00
2008-10-16,23.64,27.72,22.20,27.72,92400,0.00,0.00
2008-10-17,26.52,30.00,24.60,29.28,80975,0.00,0.00
2008-10-20,29.76,30.00,27.36,28.44,49142,0.00,0.00
2008-10-21,27.84,28.32,25.80,25.80,46542,0.00,0.00
2008-10-22,25.56,26.28,24.12,24.36,46092,0.00,0.00
2008-10-23,24.24,25.92,22.92,23.76,106258,0.00,0.00
2008-10-24,21.84,24.12,21.84,23.04,68875,0.00,0.00
2008-10-27,22.56,23.52,22.08,22.56,74475,0.00,0.00
2008-10-28,23.76,24.36,22.44,24.00,90308,0.00,0.00
2008-10-29,24.72,26.76,23.76,24.84,49433,0.00,0.00
2008-10-30,26.76,26.76,24.24,26.40,40608,0.00,0.00
2008-10-31,25.92,28.56,25.20,28.56,63825,0.00,0.00
2008-11-03,28.68,29.76,28.08,29.28,42025,0.00,0.00
2008-11-04,28.20,30.72,27.00,29.28,64850,0.00,0.00
2008-11-05,28.80,30.00,25.80,26.40,49333,0.00,0.00
2008-11-06,25.56,27.00,22.92,23.04,54033,0.00,0.00
2008-11-07,26.16,26.16,22.20,23.76,40317,0.00,0.00
2008-11-10,24.12,25.80,22.20,22.56,39942,0.00,0.00
2008-11-11,22.44,23.16,21.00,21.12,60317,0.00,0.00
2008-11-12,21.12,21.60,19.56,19.68,40950,0.00,0.00
2008-11-13,19.80,22.80,19.20,22.80,59083,0.00,0.00
2008-11-14,22.32,22.44,19.56,20.04,33908,0.00,0.00
2008-11-17,19.80,20.16,18.60,19.32,85217,0.00,0.00
2008-11-18,19.44,19.44,18.00,18.96,31100,0.00,0.00
2008-11-19,18.96,18.96,16.92,17.04,48567,0.00,0.00
2008-11-20,16.80,17.40,16.20,17.04,85758,0.00,0.00
2008-11-21,17.40,17.76,16.20,17.64,114808,0.00,0.00
2008-11-24,18.00,18.48,16.20,17.88,51417,0.00,0.00
2008-11-25,18.00,18.12,16.44,18.12,56125,0.00,0.00
2008-11-26,17.52,22.20,16.92,21.96,52142,0.00,0.00
2008-11-28,21.48,22.80,19.56,22.80,24958,0.00,0.00
2008-12-01,21.00,21.00,17.88,18.00,85775,0.00,0.00
2008-12-02,18.48,22.80,17.16,18.00,106617,0.00,0.00
2008-12-03,17.40,19.08,17.16,18.48,96950,0.00,0.00
2008-12-04,17.28,18.96,16.56,17.04,104708,0.00,0.00
2008-12-05,16.80,18.48,16.44,17.52,88092,0.00,0.00
2008-12-08,18.12,18.96,17.52,18.00,61792,0.00,0.00
2008-12-09,17.64,18.72,17.64,18.00,34533,0.00,0.00
2008-12-10,18.12,19.08,18.00,18.60,26917,0.00,0.00
2008-12-11,18.24,19.56,18.24,18.60,25350,0.00,0.00
2008-12-12,18.24,19.20,17.76,18.12,87467,0.00,0.00
2008-12-15,18.24,18.36,17.76,18.12,29925,0.00,0.00
2008-12-16,18.60,20.40,18.00,20.16,38642,0.00,0.00
2008-12-17,19.80,20.76,19.20,20.16,37492,0.00,0.00
2008-12-18,20.16,20.28,19.20,19.44,33825,0.00,0.00
2008-12-19,20.76,21.60,17.64,18.60,94342,0.00,0.00
2008-12-22,18.60,19.20,17.16,19.20,53792,0.00,0.00
2008-12-23,19.08,19.80,18.60,19.08,53458,0.00,0.00
2008-12-24,19.20,19.56,18.48,18.96,13225,0.00,0.00
2008-12-26,19.08,20.16,18.36,19.80,23167,0.00,0.00
2008-12-29,19.80,20.40,19.80,20.28,40433,0.00,0.00
2008-12-30,20.28,21.36,20.04,21.36,43625,0.00,0.00
2008-12-31,21.48,22.56,21.00,22.20,54233,0.00,0.00
2009-01-02,22.20,23.28,22.20,23.04,36608,0.00,0.00
2009-01-05,23.28,23.88,20.64,23.88,84558,0.00,0.00
2009-01-06,24.00,26.16,23.40,25.68,72783,0.00,0.00
2009-01-07,25.20,26.04,22.68,23.16,91625,0.00,0.00
2009-01-08,23.16,24.00,22.68,24.00,30950,0.00,0.00
2009-01-09,23.88,25.92,22.80,23.40,43708,0.00,0.00
2009-01-12,23.40,23.76,21.84,21.84,45150,0.00,0.00
2009-01-13,21.84,22.20,20.28,20.88,28975,0.00,0.00
2009-01-14,20.52,21.00,18.48,18.48,32442,0.00,0.00
2009-01-15,18.48,19.56,17.76,19.32,34550,0.00,0.00
2009-01-16,19.44,20.28,18.12,19.08,23617,0.00,0.00
2009-01-20,18.84,18.84,17.40,17.40,40325,0.00,0.00
2009-01-21,17.64,19.20,16.56,19.08,43608,0.00,0.00
2009-01-22,18.60,18.84,17.52,17.76,22583,0.00,0.00
2009-01-23,17.40,18.72,17.40,18.00,18425,0.00,0.00
2009-01-26,18.00,19.68,17.28,17.76,36175,0.00,0.00
2009-01-27,17.76,18.00,16.92,17.40,33833,0.00,0.00
2009-01-28,17.64,19.80,17.52,19.68,33950,0.00,0.00
2009-01-29,19.32,19.32,17.52,18.00,26358,0.00,0.00
2009-01-30,18.12,18.60,17.28,17.64,32700,0.00,0.00
2009-02-02,17.40,18.12,17.16,18.12,30283,0.00,0.00
2009-02-03,18.24,18.72,17.88,18.48,24558,0.00,0.00
2009-02-04,18.12,19.08,16.92,17.16,35725,0.00,0.00
2009-02-05,16.92,18.48,16.92,18.24,22825,0.00,0.00
2009-02-06,18.12,19.44,17.88,18.12,29800,0.00,0.00
2009-02-09,17.76,18.24,17.40,17.64,30733,0.00,0.00
2009-02-10,17.40,20.16,16.44,16.80,44808,0.00,0.00
2009-02-11,16.92,17.40,16.44,17.16,19917,0.00,0.00
2009-02-12,16.80,17.64,16.44,17.64,25458,0.00,0.00
2009-02-13,16.44,17.76,16.44,16.80,32792,0.00,0.00
2009-02-17,16.08,16.56,15.84,15.96,35075,0.00,0.00
2009-02-18,15.72,15.96,15.00,15.24,78058,0.00,0.00
2009-02-19,15.36,15.60,14.28,14.28,34900,0.00,0.00
2009-02-20,14.04,14.16,13.32,14.04,36092,0.00,0.00
2009-02-23,14.16,14.16,13.32,13.32,34525,0.00,0.00
2009-02-24,13.44,14.28,13.20,14.16,48667,0.00,0.00
2009-02-25,14.04,14.52,13.44,13.56,23742,0.00,0.00
2009-02-26,13.68,13.80,13.08,13.08,24425,0.00,0.00
2009-02-27,12.12,12.48,12.00,12.12,59350,0.00,0.00
2009-03-02,11.76,12.00,9.84,9.96,52858,0.00,0.00
2009-03-03,10.08,10.68,8.64,9.24,72717,0.00,0.00
2009-03-04,9.36,10.20,8.88,9.24,97033,0.00,0.00
2009-03-05,9.00,9.24,8.16,8.16,167917,0.00,0.00
2009-03-06,8.76,9.36,7.68,8.40,83558,0.00,0.00
2009-03-09,8.04,8.40,7.56,7.56,39408,0.00,0.00
2009-03-10,7.56,8.04,7.56,7.92,40233,0.00,0.00
2009-03-11,8.04,8.40,7.92,8.16,54575,0.00,0.00
2009-03-12,8.16,9.48,8.16,9.36,61142,0.00,0.00
2009-03-13,9.96,9.96,8.04,8.40,45608,0.00,0.00
2009-03-16,9.00,9.00,8.16,8.88,19050,0.00,0.00
2009-03-17,8.88,9.00,8.04,8.76,34683,0.00,0.00
2009-03-18,8.64,9.48,8.40,9.48,34283,0.00,0.00
2009-03-19,9.60,9.60,8.88,9.24,33333,0.00,0.00
2009-03-20,9.72,9.72,8.16,8.28,66950,0.00,0.00
2009-03-23,8.52,9.72,8.16,9.72,60483,0.00,0.00
2009-03-24,9.00,9.48,8.76,9.00,32408,0.00,0.00
2009-03-25,9.00,9.60,8.76,9.24,24900,0.00,0.00
2009-03-26,9.48,10.92,9.00,10.44,51417,0.00,0.00
2009-03-27,10.08,10.44,9.72,10.20,22033,0.00,0.00
2009-03-30,10.20,10.32,9.12,9.12,35192,0.00,0.00
2009-03-31,9.36,9.96,9.00,9.48,45583,0.00,0.00
2009-04-01,9.00,10.32,8.88,10.32,28083,0.00,0.00
2009-04-02,10.56,11.88,9.96,10.68,55325,0.00,0.00
2009-04-03,10.56,11.16,10.32,11.16,63542,0.00,0.00
2009-04-06,11.04,11.40,10.56,10.80,34692,0.00,0.00
2009-04-07,10.68,11.04,10.20,10.20,47083,0.00,0.00
2009-04-08,10.20,11.16,10.20,11.04,28408,0.00,0.00
2009-04-09,11.40,11.88,11.28,11.76,23533,0.00,0.00
2009-04-13,11.52,12.48,11.52,12.36,30608,0.00,0.00
2009-04-14,12.36,12.72,9.72,10.32,65000,0.00,0.00
2009-04-15,10.32,12.12,10.32,12.12,25800,0.00,0.00
2009-04-16,12.24,12.60,11.88,12.24,31992,0.00,0.00
2009-04-17,12.36,15.00,12.00,15.00,82300,0.00,0.00
2009-04-20,15.00,15.12,12.72,12.96,62467,0.00,0.00
2009-04-21,12.96,13.92,12.12,13.56,44458,0.00,0.00
2009-04-22,13.20,14.52,12.96,13.56,32142,0.00,0.00
2009-04-23,14.16,14.16,12.84,13.20,47025,0.00,0.00
2009-04-24,13.32,13.92,12.84,13.44,37792,0.00,0.00
2009-04-27,13.08,13.56,12.96,13.20,18467,0.00,0.00
2009-04-28,13.20,14.28,13.20,14.16,34467,0.00,0.00
2009-04-29,14.28,14.76,13.68,14.64,30083,0.00,0.00
2009-04-30,14.76,14.88,14.04,14.04,29417,0.00,0.00
2009-05-01,13.32,14.28,13.32,14.04,19892,0.00,0.00
2009-05-04,14.28,16.32,13.80,16.32,59383,0.00,0.00
2009-05-05,14.76,17.04,14.76,16.80,47375,0.00,0.00
2009-05-06,16.92,21.12,16.80,19.56,126250,0.00,0.00
2009-05-07,20.16,20.28,17.88,18.60,91383,0.00,0.00
2009-05-08,17.88,19.68,17.88,19.68,71167,0.00,0.00
2009-05-11,18.60,20.40,18.12,19.92,43533,0.00,0.00
2009-05-12,20.04,20.40,18.96,20.16,39092,0.00,0.00
2009-05-13,19.68,20.16,18.60,18.84,52950,0.00,0.00
2009-05-14,19.08,19.56,18.48,19.20,37658,0.00,0.00
2009-05-15,19.08,20.04,18.12,19.92,41350,0.00,0.00
2009-05-18,20.28,21.96,19.68,21.60,53142,0.00,0.00
2009-05-19,21.24,22.44,20.88,22.08,56533,0.00,0.00
2009-05-20,22.32,22.80,20.64,20.76,44033,0.00,0.00
2009-05-21,20.40,21.12,19.80,20.76,31008,0.00,0.00
2009-05-22,20.88,21.24,19.68,20.52,30400,0.00,0.00
2009-05-26,20.52,22.68,20.52,22.68,55633,0.00,0.00
2009-05-27,22.80,23.40,22.56,22.68,50625,0.00,0.00
2009-05-28,22.92,24.48,22.56,24.36,53458,0.00,0.00
2009-05-29,25.20,25.92,24.36,24.84,87758,0.00,0.00
2009-06-01,25.56,26.88,23.64,26.88,98333,0.00,0.00
2009-06-02,27.24,27.60,26.04,26.88,64267,0.00,0.00
2009-06-03,26.52,26.52,24.48,26.04,53317,0.00,0.00
2009-06-04,26.40,27.12,25.68,27.12,36167,0.00,0.00
2009-06-05,27.48,29.16,27.24,29.16,57158,0.00,0.00
2009-06-08,29.16,29.16,27.60,27.84,41550,0.00,0.00
2009-06-09,27.96,28.80,26.76,27.12,48267,0.00,0.00
2009-06-10,27.00,27.72,23.04,24.24,134458,0.00,0.00
2009-06-11,23.76,26.28,23.76,25.80,84825,0.00,0.00
2009-06-12,24.12,25.08,22.80,23.16,65250,0.00,0.00
2009-06-15,22.20,22.92,20.40,20.76,96292,0.00,0.00
2009-06-16,20.76,21.48,20.04,20.16,94808,0.00,0.00
2009-06-17,20.04,20.76,19.32,20.40,49292,0.00,0.00
2009-06-18,20.28,20.28,19.32,20.04,27225,0.00,0.00
2009-06-19,20.52,20.52,20.04,20.40,44508,0.00,0.00
2009-06-22,19.80,19.92,17.88,17.88,71608,0.00,0.00
2009-06-23,18.48,18.48,16.20,16.80,50642,0.00,0.00
2009-06-24,17.04,19.08,16.80,18.96,78792,0.00,0.00
2009-06-25,18.84,21.36,18.60,21.24,113850,0.00,0.00
2009-06-26,21.00,22.08,19.44,21.96,151675,0.00,0.00
2009-06-29,21.84,21.96,20.28,20.40,38325,0.00,0.00
2009-06-30,20.52,20.52,19.32,19.56,37267,0.00,0.00
2009-07-01,19.68,20.64,19.68,19.92,27633,0.00,0.00
2009-07-02,19.56,19.56,18.36,18.84,50450,0.00,0.00
2009-07-06,18.84,19.08,17.76,18.00,37575,0.00,0.00
2009-07-07,18.12,18.60,17.52,17.64,16433,0.00,0.00
2009-07-08,17.88,18.12,16.92,17.16,43717,0.00,0.00
2009-07-09,17.28,17.88,17.16,17.16,34800,0.00,0.00
2009-07-10,16.92,17.88,16.92,17.28,15208,0.00,0.00
2009-07-13,17.28,18.60,17.16,18.48,24242,0.00,0.00
2009-07-14,18.72,19.44,18.36,19.32,29692,0.00,0.00
2009-07-15,19.68,21.60,18.96,21.60,50483,0.00,0.00
2009-07-16,21.72,21.72,20.16,21.48,31858,0.00,0.00
2009-07-17,21.84,21.84,20.16,20.16,47417,0.00,0.00
2009-07-20,20.40,21.36,20.04,20.40,23183,0.00,0.00
2009-07-21,20.64,21.00,20.16,20.76,22683,0.00,0.00
2009-07-22,20.52,21.00,20.40,20.76,20250,0.00,0.00
2009-07-23,20.64,21.36,19.80,21.00,58392,0.00,0.00
2009-07-24,20.64,21.00,19.92,20.76,34117,0.00,0.00
2009-07-27,20.64,20.76,20.16,20.52,55942,0.00,0.00
2009-07-28,20.28,21.12,19.80,20.88,23483,0.00,0.00
2009-07-29,20.64,20.76,20.16,20.16,22392,0.00,0.00
2009-07-30,20.52,21.36,19.56,20.76,46550,0.00,0.00
2009-07-31,20.64,21.12,20.28,20.52,24792,0.00,0.00
2009-08-03,20.76,21.36,20.16,21.00,49900,0.00,0.00
2009-08-04,20.76,21.12,20.16,21.00,29167,0.00,0.00
2009-08-05,20.64,21.00,20.40,20.76,23483,0.00,0.00
2009-08-06,20.88,21.00,20.04,20.40,28508,0.00,0.00
2009-08-07,20.64,21.24,18.84,21.00,78433,0.00,0.00
2009-08-10,20.88,20.88,18.60,18.96,85650,0.00,0.00
2009-08-11,19.32,19.80,19.08,19.44,34675,0.00,0.00
2009-08-12,19.20,21.24,19.20,20.76,34242,0.00,0.00
2009-08-13,20.88,21.48,20.64,21.48,19058,0.00,0.00
2009-08-14,21.36,21.48,19.80,20.16,28050,0.00,0.00
2009-08-17,19.56,20.76,18.12,18.72,22108,0.00,0.00
2009-08-18,18.84,19.32,18.48,18.96,15900,0.00,0.00
2009-08-19,18.48,19.44,16.68,19.44,69467,0.00,0.00
2009-08-20,19.44,19.68,18.60,19.56,14392,0.00,0.00
2009-08-21,20.28,20.28,18.96,20.16,46475,0.00,0.00
2009-08-24,20.28,20.64,19.68,20.64,23200,0.00,0.00
2009-08-25,20.76,21.36,20.04,21.12,21275,0.00,0.00
2009-08-26,21.00,22.56,20.40,21.60,42425,0.00,0.00
2009-08-27,21.12,22.08,20.04,21.36,28075,0.00,0.00
2009-08-28,21.60,21.72,20.40,20.64,22925,0.00,0.00
2009-08-31,19.68,20.52,19.44,19.68,37850,0.00,0.00
2009-09-01,19.44,20.28,18.36,18.48,31900,0.00,0.00
2009-09-02,18.48,20.28,18.24,18.60,16775,0.00,0.00
2009-09-03,18.24,28.32,18.24,25.80,666142,0.00,0.00
2009-09-04,25.80,27.36,23.40,25.56,202675,0.00,0.00
2009-09-08,25.56,26.28,23.88,24.24,88658,0.00,0.00
2009-09-09,23.64,24.60,22.56,24.00,95200,0.00,0.00
2009-09-10,24.00,25.68,22.80,25.20,45367,0.00,0.00
2009-09-11,25.20,25.44,23.88,24.00,36075,0.00,0.00
2009-09-14,23.76,25.08,23.28,24.96,31617,0.00,0.00
2009-09-15,24.96,25.20,23.52,23.76,55100,0.00,0.00
2009-09-16,23.76,24.60,23.76,24.48,39892,0.00,0.00
2009-09-17,24.48,30.48,24.48,28.92,278875,0.00,0.00
2009-09-18,29.04,29.40,26.76,26.76,132008,0.00,0.00
2009-09-21,26.16,27.48,25.44,26.76,46900,0.00,0.00
2009-09-22,27.24,27.60,27.00,27.48,32900,0.00,0.00
2009-09-23,27.60,27.60,26.28,26.28,35133,0.00,0.00
2009-09-24,26.28,26.40,24.12,24.36,55583,0.00,0.00
2009-09-25,24.12,25.08,24.00,24.60,43067,0.00,0.00
2009-09-28,25.44,25.80,24.60,25.44,34108,0.00,0.00
2009-09-29,25.56,26.04,24.96,25.80,38525,0.00,0.00
2009-09-30,25.80,26.40,24.60,25.08,61358,0.00,0.00
2009-10-01,24.96,25.32,24.00,24.12,71308,0.00,0.00
2009-10-02,23.88,24.00,22.68,23.40,43275,0.00,0.00
2009-10-05,23.52,25.68,23.40,25.20,35525,0.00,0.00
2009-10-06,25.56,27.00,24.72,26.28,60500,0.00,0.00
2009-10-07,26.04,26.76,25.44,25.80,22475,0.00,0.00
2009-10-08,26.16,26.76,25.44,26.16,38117,0.00,0.00
2009-10-09,26.40,26.40,24.96,25.68,31867,0.00,0.00
2009-10-12,25.44,26.04,24.96,25.08,34633,0.00,0.00
2009-10-13,25.20,26.28,24.72,24.84,27100,0.00,0.00
2009-10-14,25.68,26.40,24.96,26.40,49008,0.00,0.00
2009-10-15,26.16,26.40,25.80,26.04,27667,0.00,0.00
2009-10-16,25.80,25.92,25.20,25.56,28392,0.00,0.00
2009-10-19,25.80,26.40,25.68,26.16,25292,0.00,0.00
2009-10-20,26.16,26.28,25.68,25.80,36608,0.00,0.00
2009-10-21,25.80,26.40,25.68,26.04,59158,0.00,0.00
2009-10-22,25.80,26.04,25.68,25.80,35050,0.00,0.00
2009-10-23,26.04,26.04,25.20,25.20,37542,0.00,0.00
2009-10-26,25.20,25.80,25.20,25.56,73333,0.00,0.00
2009-10-27,25.56,25.80,25.20,25.20,36017,0.00,0.00
2009-10-28,25.20,25.32,22.92,23.16,66175,0.00,0.00
2009-10-29,23.88,24.12,23.28,23.88,32108,0.00,0.00
2009-10-30,23.76,24.00,21.12,21.72,63767,0.00,0.00
2009-11-02,22.08,22.32,20.28,20.76,38317,0.00,0.00
2009-11-03,20.64,21.72,20.52,21.72,39967,0.00,0.00
2009-11-04,21.84,22.56,20.52,20.64,27458,0.00,0.00
2009-11-05,20.88,22.20,20.52,22.08,33308,0.00,0.00
2009-11-06,20.52,21.84,20.52,21.48,33950,0.00,0.00
2009-11-09,21.24,23.76,21.00,23.40,35783,0.00,0.00
2009-11-10,23.28,23.28,21.84,22.08,22733,0.00,0.00
2009-11-11,22.44,23.28,21.96,22.32,17142,0.00,0.00
2009-11-12,22.32,23.04,21.84,22.08,33817,0.00,0.00
2009-11-13,22.08,22.56,21.60,22.20,20042,0.00,0.00
2009-11-16,22.56,24.36,22.44,24.36,42642,0.00,0.00
2009-11-17,23.76,24.60,23.52,24.60,33992,0.00,0.00
2009-11-18,24.48,25.08,24.00,24.96,21875,0.00,0.00
2009-11-19,24.72,24.72,23.88,24.12,28342,0.00,0.00
2009-11-20,23.76,24.00,22.44,22.80,44283,0.00,0.00
2009-11-23,23.16,24.12,22.80,23.28,25242,0.00,0.00
2009-11-24,23.28,23.28,22.56,23.04,13817,0.00,0.00
2009-11-25,23.16,23.52,21.84,21.84,24400,0.00,0.00
2009-11-27,20.76,22.08,20.28,20.28,52225,0.00,0.00
2009-11-30,20.28,21.36,19.80,20.64,47683,0.00,0.00
2009-12-01,20.88,22.80,20.64,21.00,45775,0.00,0.00
2009-12-02,21.00,21.72,20.76,21.00,48433,0.00,0.00
2009-12-03,21.24,21.72,21.00,21.12,21508,0.00,0.00
2009-12-04,22.32,22.44,21.60,21.96,43658,0.00,0.00
2009-12-07,21.96,23.28,21.96,22.92,22583,0.00,0.00
2009-12-08,23.16,24.96,22.92,24.00,42992,0.00,0.00
2009-12-09,24.00,24.72,23.16,23.40,24550,0.00,0.00
2009-12-10,23.64,25.20,22.20,22.56,35108,0.00,0.00
2009-12-11,23.40,23.76,22.80,23.04,38442,0.00,0.00
2009-12-14,23.16,23.88,22.92,23.88,56525,0.00,0.00
2009-12-15,23.76,24.24,22.80,22.80,75967,0.00,0.00
2009-12-16,23.76,24.84,23.76,24.72,123817,0.00,0.00
2009-12-17,24.60,26.28,24.60,24.96,135975,0.00,0.00
2009-12-18,25.56,25.68,22.92,23.04,90533,0.00,0.00
2009-12-21,23.16,25.92,23.16,25.80,80517,0.00,0.00
2009-12-22,25.44,28.20,24.96,27.72,105642,0.00,0.00
2009-12-23,27.60,28.56,26.64,27.84,62833,0.00,0.00
2009-12-24,28.20,28.32,27.00,27.00,12975,0.00,0.00
2009-12-28,27.24,27.48,25.56,26.76,39883,0.00,0.00
2009-12-29,26.28,27.00,26.04,26.52,28450,0.00,0.00
2009-12-30,26.40,26.64,24.96,26.04,42358,0.00,0.00
2009-12-31,25.92,27.60,25.92,26.28,39842,0.00,0.00
2010-01-04,26.64,28.08,26.52,27.84,42033,0.00,0.00
2010-01-05,27.24,27.60,26.88,27.00,40192,0.00,0.00
2010-01-06,26.88,27.12,26.52,27.12,48733,0.00,0.00
2010-01-07,27.00,27.96,26.52,27.96,31658,0.00,0.00
2010-01-08,27.84,29.04,26.76,27.24,76225,0.00,0.00
2010-01-11,27.24,27.84,26.64,27.72,40050,0.00,0.00
2010-01-12,27.48,28.56,26.76,27.60,64400,0.00,0.00
2010-01-13,27.60,28.32,27.60,27.60,36517,0.00,0.00
2010-01-14,27.84,29.04,27.60,27.84,44800,0.00,0.00
2010-01-15,27.96,28.32,27.60,27.96,50550,0.00,0.00
2010-01-19,27.72,28.80,27.60,28.56,47192,0.00,0.00
2010-01-20,28.08,29.40,27.24,27.84,54450,0.00,0.00
2010-01-21,27.84,28.44,25.44,26.28,51075,0.00,0.00
2010-01-22,26.28,26.76,25.20,25.20,44550,0.00,0.00
2010-01-25,25.44,28.68,25.44,28.32,85792,0.00,0.00
2010-01-26,28.56,30.00,27.36,28.56,94692,0.00,0.00
2010-01-27,28.20,29.64,27.72,28.08,91717,0.00,0.00
2010-01-28,28.20,28.32,26.40,26.40,55717,0.00,0.00
2010-01-29,26.40,27.72,25.44,25.92,71883,0.00,0.00
2010-02-01,28.08,28.08,26.40,26.64,112717,0.00,0.00
2010-02-02,26.64,27.60,25.68,26.52,63225,0.00,0.00
2010-02-03,26.40,26.64,25.08,25.56,55583,0.00,0.00
2010-02-04,25.20,26.16,24.00,24.12,45675,0.00,0.00
2010-02-05,24.12,24.24,22.20,23.40,77883,0.00,0.00
2010-02-08,23.40,23.40,22.32,22.44,39742,0.00,0.00
2010-02-09,22.92,23.64,22.68,23.40,23983,0.00,0.00
2010-02-10,23.16,23.40,22.56,22.92,30783,0.00,0.00
2010-02-11,22.92,24.00,22.92,24.00,37308,0.00,0.00
2010-02-12,23.88,24.72,23.52,23.64,39158,0.00,0.00
2010-02-16,24.00,25.20,24.00,25.20,18550,0.00,0.00
2010-02-17,25.32,26.04,25.08,25.68,24358,0.00,0.00
2010-02-18,25.68,25.80,24.36,25.08,24508,0.00,0.00
2010-02-19,25.08,26.28,25.08,26.28,52692,0.00,0.00
2010-02-22,26.04,26.64,25.20,25.56,44225,0.00,0.00
2010-02-23,25.44,26.04,25.32,25.80,39242,0.00,0.00
2010-02-24,25.92,26.40,25.80,26.16,30325,0.00,0.00
2010-02-25,25.92,26.40,25.44,26.40,25750,0.00,0.00
2010-02-26,26.28,26.40,25.80,26.16,29017,0.00,0.00
2010-03-01,24.00,25.80,24.00,24.60,83125,0.00,0.00
2010-03-02,24.48,26.16,24.24,25.68,47883,0.00,0.00
2010-03-03,25.80,26.16,24.48,24.72,27425,0.00,0.00
2010-03-04,24.72,25.20,24.48,25.08,14600,0.00,0.00
2010-03-05,25.68,26.28,24.48,26.28,39058,0.00,0.00
2010-03-08,24.00,25.68,24.00,25.56,48992,0.00,0.00
2010-03-09,25.56,26.16,25.20,26.16,22400,0.00,0.00
2010-03-10,26.04,26.40,25.56,25.80,22158,0.00,0.00
2010-03-11,25.68,26.40,25.68,26.28,36783,0.00,0.00
2010-03-12,26.28,26.40,25.44,26.28,28675,0.00,0.00
2010-03-15,26.16,26.40,25.92,26.28,19875,0.00,0.00
2010-03-16,25.32,26.52,25.20,26.40,69900,0.00,0.00
2010-03-17,26.52,26.88,25.68,26.64,40917,0.00,0.00
2010-03-18,26.28,28.08,25.80,27.60,69758,0.00,0.00
2010-03-19,27.60,29.04,27.36,27.72,117942,0.00,0.00
2010-03-22,27.48,28.68,26.88,28.68,61833,0.00,0.00
2010-03-23,28.56,29.04,28.32,28.56,140600,0.00,0.00
2010-03-24,28.20,28.68,28.20,28.68,53650,0.00,0.00
2010-03-25,28.80,29.16,28.44,28.56,215017,0.00,0.00
2010-03-26,28.68,28.92,28.32,28.56,95033,0.00,0.00
2010-03-29,28.80,28.80,28.32,28.68,23175,0.00,0.00
2010-03-30,28.68,32.88,28.68,32.04,288342,0.00,0.00
2010-03-31,31.80,35.76,31.80,33.48,243625,0.00,0.00
2010-04-01,33.48,35.28,32.16,34.20,127958,0.00,0.00
2010-04-05,34.20,34.92,33.48,34.80,69375,0.00,0.00
2010-04-06,34.32,34.92,33.72,34.80,78742,0.00,0.00
2010-04-07,34.20,35.28,34.08,35.28,188033,0.00,0.00
2010-04-08,34.92,35.28,33.96,35.16,60775,0.00,0.00
2010-04-09,35.16,35.40,34.20,35.28,74992,0.00,0.00
2010-04-12,35.40,36.24,34.44,36.12,148150,0.00,0.00
2010-04-13,36.12,38.40,35.64,37.08,286842,0.00,0.00
2010-04-14,36.96,37.44,36.00,36.96,137983,0.00,0.00
2010-04-15,36.60,37.56,36.24,36.48,81208,0.00,0.00
2010-04-16,36.36,36.96,35.16,36.00,101017,0.00,0.00
2010-04-19,35.52,35.76,33.12,34.68,157483,0.00,0.00
2010-04-20,34.92,36.12,34.80,36.00,66217,0.00,0.00
2010-04-21,36.00,36.96,35.64,36.72,66575,0.00,0.00
2010-04-22,36.00,38.16,36.00,37.80,71175,0.00,0.00
2010-04-23,37.92,38.88,37.80,38.88,82783,0.00,0.00
2010-04-26,38.88,39.00,37.80,39.00,97050,0.00,0.00
2010-04-27,38.52,39.12,35.28,35.28,92592,0.00,0.00
2010-04-28,35.64,37.80,35.40,36.72,95150,0.00,0.00
2010-04-29,37.32,37.92,36.60,37.92,60425,0.00,0.00
2010-04-30,37.80,37.80,34.08,34.08,92933,0.00,0.00
2010-05-03,34.32,35.52,34.20,35.40,69117,0.00,0.00
2010-05-04,34.32,34.80,32.16,32.88,113517,0.00,0.00
2010-05-05,31.68,32.52,30.12,30.96,193342,0.00,0.00
2010-05-06,30.72,31.08,24.12,27.84,140792,0.00,0.00
2010-05-07,28.08,28.44,26.16,26.28,163875,0.00,0.00
2010-05-10,27.36,28.68,26.28,26.52,97917,0.00,0.00
2010-05-11,26.16,27.36,25.92,26.40,50158,0.00,0.00
2010-05-12,27.00,28.56,26.40,27.96,108525,0.00,0.00
2010-05-13,27.72,28.32,27.00,27.12,24675,0.00,0.00
2010-05-14,26.64,26.76,25.92,26.52,41008,0.00,0.00
2010-05-17,26.88,26.88,24.72,25.56,42925,0.00,0.00
2010-05-18,26.28,26.76,24.24,24.48,40767,0.00,0.00
2010-05-19,24.36,24.84,24.00,24.60,42367,0.00,0.00
2010-05-20,23.76,23.76,22.20,22.32,127692,0.00,0.00
2010-05-21,21.84,23.04,21.12,22.32,80625,0.00,0.00
2010-05-24,21.96,24.72,21.96,24.24,64275,0.00,0.00
2010-05-25,23.28,24.24,22.92,23.76,47408,0.00,0.00
2010-05-26,24.00,25.08,23.88,24.12,70233,0.00,0.00
2010-05-27,24.96,25.32,24.48,25.32,37867,0.00,0.00
2010-05-28,25.08,25.56,24.60,24.72,44217,0.00,0.00
2010-06-01,24.36,25.20,23.28,23.28,50733,0.00,0.00
2010-06-02,23.40,25.20,22.92,24.00,35492,0.00,0.00
2010-06-03,24.00,24.72,23.16,23.88,35850,0.00,0.00
2010-06-04,22.44,23.04,21.72,21.96,82283,0.00,0.00
2010-06-07,21.96,22.56,21.12,21.12,49425,0.00,0.00
2010-06-08,21.24,21.84,19.80,20.52,47492,0.00,0.00
2010-06-09,20.88,21.96,20.76,21.24,31683,0.00,0.00
2010-06-10,21.84,22.08,21.24,21.96,40742,0.00,0.00
2010-06-11,21.48,22.08,21.36,22.08,24900,0.00,0.00
2010-06-14,22.32,23.52,22.32,22.56,33058,0.00,0.00
2010-06-15,22.92,23.76,22.44,23.76,41942,0.00,0.00
2010-06-16,23.40,23.76,23.04,23.64,28083,0.00,0.00
2010-06-17,23.88,24.24,22.32,22.32,36292,0.00,0.00
2010-06-18,22.56,23.64,22.32,22.80,56033,0.00,0.00
2010-06-21,23.40,27.00,23.40,26.40,100333,0.00,0.00
2010-06-22,26.16,26.64,24.84,25.08,36808,0.00,0.00
2010-06-23,25.08,25.92,24.00,25.08,37125,0.00,0.00
2010-06-24,24.60,24.84,24.24,24.36,24558,0.00,0.00
2010-06-25,24.48,26.64,24.12,26.64,116825,0.00,0.00
2010-06-28,26.40,26.52,24.00,24.00,66475,0.00,0.00
2010-06-29,23.64,24.12,21.12,21.48,105325,0.00,0.00
2010-06-30,21.60,23.16,21.60,22.08,56042,0.00,0.00
2010-07-01,22.20,22.44,21.60,22.08,46867,0.00,0.00
2010-07-02,22.56,22.80,21.72,21.72,33975,0.00,0.00
2010-07-06,22.20,23.40,22.20,22.56,46883,0.00,0.00
2010-07-07,22.80,23.76,22.32,23.64,34708,0.00,0.00
2010-07-08,24.24,24.72,23.52,24.24,28633,0.00,0.00
2010-07-09,24.12,24.12,23.16,24.00,20650,0.00,0.00
2010-07-12,23.76,24.36,23.28,23.40,19267,0.00,0.00
2010-07-13,23.88,24.96,23.04,24.96,36458,0.00,0.00
2010-07-14,24.96,25.08,24.24,24.72,24225,0.00,0.00
2010-07-15,24.72,24.72,23.28,24.24,16733,0.00,0.00
2010-07-16,23.88,23.88,22.56,22.56,30817,0.00,0.00
2010-07-19,22.92,22.92,21.96,22.56,15967,0.00,0.00
2010-07-20,22.20,23.28,21.72,23.28,42200,0.00,0.00
2010-07-21,23.52,23.64,22.08,22.92,40175,0.00,0.00
2010-07-22,23.40,24.12,23.04,24.00,47767,0.00,0.00
2010-07-23,23.76,24.24,23.52,24.24,25708,0.00,0.00
2010-07-26,24.48,25.20,23.88,25.08,49233,0.00,0.00
2010-07-27,25.44,26.28,24.60,26.04,68175,0.00,0.00
2010-07-28,25.44,25.68,24.72,24.96,29458,0.00,0.00
2010-07-29,25.20,25.56,24.24,24.72,33825,0.00,0.00
2010-07-30,24.12,25.56,24.12,25.56,14117,0.00,0.00
2010-08-02,25.92,26.16,25.44,26.04,28883,0.00,0.00
2010-08-03,25.80,25.80,24.12,24.48,55150,0.00,0.00
2010-08-04,24.60,26.40,24.24,26.16,97333,0.00,0.00
2010-08-05,25.68,26.40,25.68,26.16,21992,0.00,0.00
2010-08-06,25.44,26.04,24.60,24.84,35442,0.00,0.00
2010-08-09,25.20,25.80,24.60,25.44,28283,0.00,0.00
2010-08-10,24.96,25.08,24.00,24.48,33783,0.00,0.00
2010-08-11,24.00,24.96,23.64,24.12,64950,0.00,0.00
2010-08-12,23.52,24.72,23.52,24.00,40642,0.00,0.00
2010-08-13,23.88,24.60,23.76,24.12,38150,0.00,0.00
2010-08-16,23.88,24.60,23.88,24.24,26367,0.00,0.00
2010-08-17,24.60,24.96,24.36,24.72,47233,0.00,0.00
2010-08-18,24.60,25.32,24.24,24.60,48850,0.00,0.00
2010-08-19,24.48,25.20,23.76,23.88,41933,0.00,0.00
2010-08-20,23.64,25.20,23.64,24.96,49383,0.00,0.00
2010-08-23,25.20,27.00,24.84,25.32,122525,0.00,0.00
2010-08-24,24.60,24.60,23.40,23.64,46958,0.00,0.00
2010-08-25,23.64,24.00,23.40,23.88,25967,0.00,0.00
2010-08-26,24.00,24.24,22.56,23.16,28717,0.00,0.00
2010-08-27,23.64,24.00,23.28,23.88,28467,0.00,0.00
2010-08-30,23.64,24.60,22.92,22.92,29383,0.00,0.00
2010-08-31,22.92,23.64,22.56,22.68,28158,0.00,0.00
2010-09-01,23.28,24.60,23.28,24.12,38858,0.00,0.00
2010-09-02,24.00,24.48,23.76,24.12,29283,0.00,0.00
2010-09-03,24.36,24.48,23.52,24.00,27942,0.00,0.00
2010-09-07,23.76,24.00,23.16,23.16,34083,0.00,0.00
2010-09-08,23.76,24.48,23.64,24.24,29950,0.00,0.00
2010-09-09,24.36,24.48,23.52,24.00,28625,0.00,0.00
2010-09-10,24.24,24.24,23.52,24.00,19633,0.00,0.00
2010-09-13,24.24,24.24,23.76,24.12,35000,0.00,0.00
2010-09-14,24.00,24.00,23.04,23.16,45142,0.00,0.00
2010-09-15,23.76,24.00,23.16,23.76,63617,0.00,0.00
2010-09-16,23.76,24.12,23.04,23.88,30442,0.00,0.00
2010-09-17,24.48,25.20,23.40,24.96,138367,0.00,0.00
2010-09-20,24.96,27.60,24.60,27.48,210808,0.00,0.00
2010-09-21,27.36,27.36,25.56,25.68,88608,0.00,0.00
2010-09-22,25.44,26.64,25.20,26.28,33667,0.00,0.00
2010-09-23,25.92,26.64,25.20,25.20,35400,0.00,0.00
2010-09-24,25.80,27.72,25.44,27.36,89325,0.00,0.00
2010-09-27,27.24,27.60,26.76,27.12,49775,0.00,0.00
2010-09-28,27.12,27.36,26.40,26.52,39417,0.00,0.00
2010-09-29,26.40,27.24,25.20,25.32,114050,0.00,0.00
2010-09-30,25.68,26.40,25.56,26.04,49833,0.00,0.00
2010-10-01,26.16,27.36,26.16,27.36,34267,0.00,0.00
2010-10-04,27.36,29.04,26.64,28.68,130142,0.00,0.00
2010-10-05,28.92,30.24,27.96,29.40,152733,0.00,0.00
2010-10-06,29.40,29.88,28.44,28.56,57333,0.00,0.00
2010-10-07,28.92,29.40,28.08,28.80,30783,0.00,0.00
2010-10-08,28.80,29.88,28.80,29.76,40350,0.00,0.00
2010-10-11,29.76,30.12,29.04,29.76,27792,0.00,0.00
2010-10-12,29.52,29.52,28.44,28.68,51433,0.00,0.00
2010-10-13,28.92,29.88,28.68,29.64,37575,0.00,0.00
2010-10-14,29.76,30.72,29.52,30.72,34217,0.00,0.00
2010-10-15,30.96,30.96,29.28,29.28,58083,0.00,0.00
2010-10-18,29.28,30.96,29.16,30.84,37133,0.00,0.00
2010-10-19,30.12,30.36,28.56,28.80,60108,0.00,0.00
2010-10-20,29.16,29.64,28.92,29.04,47892,0.00,0.00
2010-10-21,28.20,28.20,24.96,25.68,244100,0.00,0.00
2010-10-22,25.80,26.88,25.80,26.88,41408,0.00,0.00
2010-10-25,27.12,27.12,25.68,25.80,47542,0.00,0.00
2010-10-26,25.44,25.56,24.48,24.72,91075,0.00,0.00
2010-10-27,24.96,25.32,24.00,24.12,74492,0.00,0.00
2010-10-28,24.24,24.60,22.80,24.00,113775,0.00,0.00
2010-10-29,24.00,24.96,24.00,24.24,31600,0.00,0.00
2010-11-01,24.36,24.72,23.52,23.76,43075,0.00,0.00
2010-11-02,24.00,24.48,23.40,24.36,42425,0.00,0.00
2010-11-03,24.36,24.84,24.00,24.84,41608,0.00,0.00
2010-11-04,25.20,26.28,24.96,26.04,54525,0.00,0.00
2010-11-05,25.68,26.04,25.20,25.32,50092,0.00,0.00
2010-11-08,25.08,26.40,25.08,26.40,36400,0.00,0.00
2010-11-09,26.40,26.40,25.80,25.80,58708,0.00,0.00
2010-11-10,26.04,26.04,24.72,25.32,46633,0.00,0.00
2010-11-11,24.96,26.28,24.96,26.16,27675,0.00,0.00
2010-11-12,25.68,26.04,25.32,25.80,36275,0.00,0.00
2010-11-15,25.80,26.28,25.08,25.68,34075,0.00,0.00
2010-11-16,25.44,25.56,24.60,25.44,47183,0.00,0.00
2010-11-17,25.56,25.92,24.72,25.68,48092,0.00,0.00
2010-11-18,25.80,26.64,25.68,25.92,42417,0.00,0.00
2010-11-19,25.80,26.28,25.44,26.04,20467,0.00,0.00
2010-11-22,25.80,26.04,25.68,25.92,22975,0.00,0.00
2010-11-23,25.44,26.04,24.96,24.96,44342,0.00,0.00
2010-11-24,25.20,25.92,24.96,25.32,34475,0.00,0.00
2010-11-26,25.08,25.56,24.60,25.32,4625,0.00,0.00
2010-11-29,24.96,25.32,24.60,25.32,23050,0.00,0.00
2010-11-30,24.96,25.68,24.96,25.68,35225,0.00,0.00
2010-12-01,26.04,26.40,25.32,25.92,73183,0.00,0.00
2010-12-02,25.44,26.28,25.44,26.04,32333,0.00,0.00
2010-12-03,25.80,26.16,25.56,25.68,30325,0.00,0.00
2010-12-06,25.56,25.80,24.60,24.96,81150,0.00,0.00
2010-12-07,25.44,25.44,23.76,24.36,102583,0.00,0.00
2010-12-08,24.48,24.72,23.16,23.16,102425,0.00,0.00
2010-12-09,23.64,24.24,23.16,23.28,46450,0.00,0.00
2010-12-10,23.52,23.76,23.04,23.16,45483,0.00,0.00
2010-12-13,23.16,24.36,23.16,23.40,40458,0.00,0.00
2010-12-14,23.64,24.00,23.40,23.40,26967,0.00,0.00
2010-12-15,23.40,23.64,23.04,23.16,27058,0.00,0.00
2010-12-16,23.16,23.52,23.04,23.04,81492,0.00,0.00
2010-12-17,23.16,23.76,23.16,23.52,57142,0.00,0.00
2010-12-20,23.76,23.88,23.40,23.40,27917,0.00,0.00
2010-12-21,23.40,23.88,23.40,23.76,16992,0.00,0.00
2010-12-22,23.76,23.88,23.52,23.88,34467,0.00,0.00
2010-12-23,23.76,23.76,23.28,23.40,34717,0.00,0.00
2010-12-27,23.40,23.76,23.40,23.76,18583,0.00,0.00
2010-12-28,23.76,23.88,23.64,23.76,36592,0.00,0.00
2010-12-29,23.76,25.08,23.76,25.08,347692,0.00,0.00
2010-12-30,25.32,25.80,24.48,24.48,54467,0.00,0.00
2010-12-31,24.48,25.20,24.48,24.72,18683,0.00,0.00
2011-01-03,25.08,25.44,24.96,25.20,48800,0.00,0.00
2011-01-04,24.36,25.32,24.12,25.32,65750,0.00,0.00
2011-01-05,25.32,26.40,24.84,26.40,61292,0.00,0.00
2011-01-06,26.28,27.36,26.16,27.12,52683,0.00,0.00
2011-01-07,27.24,27.60,26.52,27.60,36017,0.00,0.00
2011-01-10,27.36,28.56,27.00,28.44,62667,0.00,0.00
2011-01-11,28.56,28.68,27.60,28.44,72833,0.00,0.00
2011-01-12,28.44,28.56,28.08,28.20,31358,0.00,0.00
2011-01-13,28.08,28.08,27.36,27.72,51175,0.00,0.00
2011-01-14,27.72,28.44,27.48,27.84,38850,0.00,0.00
2011-01-18,27.84,28.32,27.72,27.84,22408,0.00,0.00
2011-01-19,27.84,28.08,26.52,26.76,34633,0.00,0.00
2011-01-20,26.40,26.40,25.20,25.20,40033,0.00,0.00
2011-01-21,25.44,26.28,25.32,25.68,39033,0.00,0.00
2011-01-24,25.68,26.40,25.20,25.32,25417,0.00,0.00
2011-01-25,25.20,25.68,24.48,24.60,28833,0.00,0.00
2011-01-26,24.84,25.80,24.48,25.80,23333,0.00,0.00
2011-01-27,25.80,26.04,25.32,26.04,13925,0.00,0.00
2011-01-28,25.92,25.92,24.72,24.96,63125,0.00,0.00
2011-01-31,24.96,25.32,24.48,25.20,32717,0.00,0.00
2011-02-01,25.32,26.04,25.20,25.80,31300,0.00,0.00
2011-02-02,25.56,26.16,25.56,26.16,20550,0.00,0.00
2011-02-03,26.28,26.28,26.04,26.16,14883,0.00,0.00
2011-02-04,26.16,26.40,25.92,26.28,23042,0.00,0.00
2011-02-07,26.16,27.00,26.16,26.76,16433,0.00,0.00
2011-02-08,26.64,27.36,26.40,27.36,19725,0.00,0.00
2011-02-09,27.12,27.12,26.16,26.76,64975,0.00,0.00
2011-02-10,26.64,27.36,26.16,27.36,34842,0.00,0.00
2011-02-11,27.12,28.32,27.12,28.20,63733,0.00,0.00
2011-02-14,28.20,28.68,27.84,28.20,51625,0.00,0.00
2011-02-15,28.20,28.20,27.36,27.60,44800,0.00,0.00
2011-02-16,27.84,27.96,26.64,27.24,34775,0.00,0.00
2011-02-17,27.24,27.72,26.64,27.72,20592,0.00,0.00
2011-02-18,28.08,28.08,27.12,27.72,27508,0.00,0.00
2011-02-22,27.48,27.48,26.64,26.76,31858,0.00,0.00
2011-02-23,26.76,26.88,25.44,25.44,33483,0.00,0.00
2011-02-24,25.44,26.28,25.08,25.56,50300,0.00,0.00
2011-02-25,25.56,25.80,24.60,24.96,86533,0.00,0.00
2011-02-28,24.96,25.68,24.36,24.60,115267,0.00,0.00
2011-03-01,24.60,24.84,24.00,24.72,79283,0.00,0.00
2011-03-02,24.72,25.80,24.72,25.20,101008,0.00,0.00
2011-03-03,25.56,26.16,25.56,26.04,40992,0.00,0.00
2011-03-04,25.92,25.92,25.08,25.92,58392,0.00,0.00
2011-03-07,25.92,26.16,25.56,25.80,53250,0.00,0.00
2011-03-08,25.80,26.28,25.44,26.28,45208,0.00,0.00
2011-03-09,26.16,26.16,25.44,25.80,47117,0.00,0.00
2011-03-10,25.32,26.28,24.60,25.68,94175,0.00,0.00
2011-03-11,26.40,26.76,24.36,26.64,126950,0.00,0.00
2011-03-14,26.16,27.12,25.56,27.00,67375,0.00,0.00
2011-03-15,26.16,27.24,26.04,26.88,59617,0.00,0.00
2011-03-16,26.64,27.36,26.16,27.00,66775,0.00,0.00
2011-03-17,27.48,28.44,27.12,28.44,122575,0.00,0.00
2011-03-18,28.56,29.04,27.96,28.32,177467,0.00,0.00
2011-03-21,28.68,28.68,27.60,28.44,60267,0.00,0.00
2011-03-22,28.44,28.68,28.20,28.20,31200,0.00,0.00
2011-03-23,28.08,28.44,27.84,28.32,58158,0.00,0.00
2011-03-24,28.56,28.68,28.08,28.20,56450,0.00,0.00
2011-03-25,28.20,28.32,27.60,27.72,119408,0.00,0.00
2011-03-28,27.84,28.08,27.36,27.60,41958,0.00,0.00
2011-03-29,27.60,28.20,27.12,28.08,51117,0.00,0.00
2011-03-30,28.32,28.44,27.96,28.08,40100,0.00,0.00
2011-03-31,28.08,28.32,27.72,28.20,41050,0.00,0.00
2011-04-01,28.44,31.92,27.36,31.92,258683,0.00,0.00
2011-04-04,32.04,33.48,31.44,33.36,142883,0.00,0.00
2011-04-05,33.24,34.68,32.04,33.96,132025,0.00,0.00
2011-04-06,34.32,35.04,33.84,34.80,131200,0.00,0.00
2011-04-07,34.92,35.04,33.60,34.68,136958,0.00,0.00
2011-04-08,34.80,34.80,33.00,33.72,50742,0.00,0.00
2011-04-11,33.24,33.72,31.08,31.68,126542,0.00,0.00
2011-04-12,31.44,31.56,30.12,30.24,82833,0.00,0.00
2011-04-13,30.72,31.44,29.40,30.12,89567,0.00,0.00
2011-04-14,29.88,30.84,29.88,30.72,41492,0.00,0.00
2011-04-15,30.60,32.04,30.24,31.80,86608,0.00,0.00
2011-04-18,31.08,31.56,30.36,30.72,40483,0.00,0.00
2011-04-19,30.60,31.32,30.24,30.60,46225,0.00,0.00
2011-04-20,31.20,31.20,30.60,31.08,22017,0.00,0.00
2011-04-21,31.44,31.44,30.36,30.60,34058,0.00,0.00
2011-04-25,30.36,31.08,30.12,30.60,53483,0.00,0.00
2011-04-26,30.60,30.72,30.24,30.36,44317,0.00,0.00
2011-04-27,30.24,30.96,30.24,30.48,35017,0.00,0.00
2011-04-28,30.48,30.84,30.24,30.60,44192,0.00,0.00
2011-04-29,30.60,30.96,30.48,30.84,33333,0.00,0.00
2011-05-02,30.84,31.92,30.72,30.84,41000,0.00,0.00
2011-05-03,30.60,31.32,28.80,29.04,108317,0.00,0.00
2011-05-04,29.16,29.64,29.04,29.40,37917,0.00,0.00
2011-05-05,29.04,30.24,28.92,29.88,43008,0.00,0.00
2011-05-06,29.28,29.28,27.84,28.08,164050,0.00,0.00
2011-05-09,28.08,28.92,27.48,28.44,64642,0.00,0.00
2011-05-10,28.68,28.68,27.00,27.24,130450,0.00,0.00
2011-05-11,27.24,27.48,26.04,26.64,73275,0.00,0.00
2011-05-12,26.28,26.76,25.92,26.52,38000,0.00,0.00
2011-05-13,26.40,26.64,25.20,25.32,71883,0.00,0.00
2011-05-16,25.20,25.92,24.60,24.60,55308,0.00,0.00
2011-05-17,24.60,25.56,24.60,25.44,54275,0.00,0.00
2011-05-18,25.68,27.24,25.68,26.88,77183,0.00,0.00
2011-05-19,27.24,27.36,26.28,26.28,59000,0.00,0.00
2011-05-20,26.04,26.52,25.08,25.08,116133,0.00,0.00
2011-05-23,24.48,24.84,23.52,23.64,108333,0.00,0.00
2011-05-24,23.64,24.48,23.40,24.12,101275,0.00,0.00
2011-05-25,24.12,24.36,24.00,24.00,73167,0.00,0.00
2011-05-26,24.12,24.24,24.00,24.00,64317,0.00,0.00
2011-05-27,24.00,25.20,24.00,24.12,91217,0.00,0.00
2011-05-31,24.24,24.84,23.64,23.64,547950,0.00,0.00
2011-06-01,23.64,24.12,22.80,22.80,96200,0.00,0.00
2011-06-02,22.80,23.04,22.80,22.92,40967,0.00,0.00
2011-06-03,22.56,23.28,21.48,21.60,237433,0.00,0.00
2011-06-06,21.72,22.56,21.60,21.72,72250,0.00,0.00
2011-06-07,22.08,22.32,21.48,21.48,82108,0.00,0.00
2011-06-08,21.48,21.72,20.40,20.52,146592,0.00,0.00
2011-06-09,20.76,21.36,19.32,19.92,210542,0.00,0.00
2011-06-10,20.04,20.16,19.08,19.20,201317,0.00,0.00
2011-06-13,19.20,19.68,18.72,18.96,100475,0.00,0.00
2011-06-14,19.20,20.28,18.60,18.72,147192,0.00,0.00
2011-06-15,18.72,19.08,17.76,17.76,92608,0.00,0.00
2011-06-16,18.00,18.60,18.00,18.24,60417,0.00,0.00
2011-06-17,18.36,19.08,17.52,18.12,117450,0.00,0.00
2011-06-20,18.00,18.96,18.00,18.84,72142,0.00,0.00
2011-06-21,18.96,19.92,18.60,18.72,106025,0.00,0.00
2011-06-22,18.72,19.08,18.00,18.00,99192,0.00,0.00
2011-06-23,18.24,18.84,18.00,18.00,84258,0.00,0.00
2011-06-24,18.00,19.32,17.28,18.00,1778242,0.00,0.00
2011-06-27,18.00,18.60,17.52,18.12,78150,0.00,0.00
2011-06-28,18.60,19.68,18.00,19.44,62625,0.00,0.00
2011-06-29,19.20,19.68,18.48,19.32,71450,0.00,0.00
2011-06-30,19.08,19.56,18.12,18.72,62133,0.00,0.00
2011-07-01,18.72,18.72,18.12,18.12,82358,0.00,0.00
2011-07-05,18.12,18.48,17.16,17.16,111550,0.00,0.00
2011-07-06,17.64,17.76,16.08,16.32,91008,0.00,0.00
2011-07-07,16.92,17.16,16.56,17.04,89633,0.00,0.00
2011-07-08,17.04,17.04,16.20,16.44,94600,0.00,0.00
2011-07-11,16.20,16.68,16.20,16.44,43342,0.00,0.00
2011-07-12,16.56,18.00,16.44,17.88,81342,0.00,0.00
2011-07-13,17.52,19.08,17.52,17.76,55817,0.00,0.00
2011-07-14,17.64,18.12,17.04,17.16,23467,0.00,0.00
2011-07-15,17.40,18.12,17.04,17.28,28592,0.00,0.00
2011-07-18,17.16,17.16,16.56,16.92,33308,0.00,0.00
2011-07-19,16.80,17.40,16.80,17.40,12567,0.00,0.00
2011-07-20,17.28,17.76,17.16,17.28,13583,0.00,0.00
2011-07-21,17.16,17.28,16.68,16.92,34525,0.00,0.00
2011-07-22,16.92,17.40,16.68,17.28,25333,0.00,0.00
2011-07-25,17.52,17.52,16.68,16.80,31175,0.00,0.00
2011-07-26,16.80,18.24,16.80,16.92,44975,0.00,0.00
2011-07-27,17.28,17.28,16.20,16.20,56700,0.00,0.00
2011-07-28,16.20,16.92,16.20,16.32,19625,0.00,0.00
2011-07-29,16.20,16.92,16.20,16.44,14225,0.00,0.00
2011-08-01,16.80,17.04,16.32,16.68,37833,0.00,0.00
2011-08-02,16.44,16.56,16.44,16.44,39125,0.00,0.00
2011-08-03,16.56,17.76,16.20,17.64,46858,0.00,0.00
2011-08-04,17.28,17.40,16.44,16.44,49917,0.00,0.00
2011-08-05,16.56,19.80,15.72,15.72,140442,0.00,0.00
2011-08-08,15.60,15.60,12.60,12.60,145800,0.00,0.00
2011-08-09,17.40,18.00,13.56,15.60,110742,0.00,0.00
2011-08-10,14.40,15.00,13.08,14.52,134700,0.00,0.00
2011-08-11,14.64,15.12,13.56,14.76,239342,0.00,0.00
2011-08-12,14.04,15.12,13.80,14.40,122425,0.00,0.00
2011-08-15,15.48,17.64,15.12,17.16,81042,0.00,0.00
2011-08-16,16.44,17.16,15.96,17.04,20208,0.00,0.00
2011-08-17,16.80,17.28,16.08,16.44,16983,0.00,0.00
2011-08-18,15.96,16.20,15.12,15.60,22300,0.00,0.00
2011-08-19,15.00,16.08,14.88,15.12,12800,0.00,0.00
2011-08-22,15.84,15.84,14.64,15.00,13408,0.00,0.00
2011-08-23,15.24,15.72,14.76,14.88,23000,0.00,0.00
2011-08-24,14.88,15.48,14.52,15.00,17175,0.00,0.00
2011-08-25,15.24,15.36,14.40,14.40,13775,0.00,0.00
2011-08-26,14.40,14.88,14.28,14.76,13133,0.00,0.00
2011-08-29,15.00,16.20,14.76,15.84,15492,0.00,0.00
2011-08-30,15.72,17.28,15.72,16.80,38125,0.00,0.00
2011-08-31,17.04,17.88,16.68,16.68,66250,0.00,0.00
2011-09-01,16.80,17.76,16.44,16.68,47408,0.00,0.00
2011-09-02,16.32,17.04,16.08,16.80,34375,0.00,0.00
2011-09-06,15.72,16.92,15.72,16.92,20733,0.00,0.00
2011-09-07,17.28,17.52,16.56,16.68,23208,0.00,0.00
2011-09-08,16.68,17.16,16.32,16.32,23183,0.00,0.00
2011-09-09,16.20,16.20,15.48,15.84,39683,0.00,0.00
2011-09-12,15.60,17.04,15.60,16.44,16592,0.00,0.00
2011-09-13,16.44,16.92,16.08,16.44,26533,0.00,0.00
2011-09-14,16.44,16.68,15.12,15.60,72117,0.00,0.00
2011-09-15,15.60,16.08,15.12,15.72,75175,0.00,0.00
2011-09-16,15.84,15.84,14.88,14.88,53208,0.00,0.00
2011-09-19,14.40,14.88,14.16,14.40,103750,0.00,0.00
2011-09-20,14.40,14.64,13.80,13.80,48758,0.00,0.00
2011-09-21,13.68,14.40,13.68,13.68,12733,0.00,0.00
2011-09-22,13.44,13.56,12.72,12.84,37583,0.00,0.00
2011-09-23,12.72,13.56,12.12,12.36,56942,0.00,0.00
2011-09-26,12.72,13.56,12.36,12.36,44392,0.00,0.00
2011-09-27,12.72,13.08,12.48,12.72,63017,0.00,0.00
2011-09-28,12.96,13.32,12.36,12.36,29983,0.00,0.00
2011-09-29,12.72,12.96,12.12,12.48,47992,0.00,0.00
2011-09-30,12.24,12.60,12.12,12.24,15417,0.00,0.00
2011-10-03,12.24,12.60,11.88,12.00,34175,0.00,0.00
2011-10-04,12.00,12.12,10.56,10.68,72133,0.00,0.00
2011-10-05,10.80,11.40,10.80,11.16,67683,0.00,0.00
2011-10-06,11.04,11.64,11.04,11.52,68408,0.00,0.00
2011-10-07,11.64,11.88,11.52,11.64,63650,0.00,0.00
2011-10-10,11.88,12.36,11.76,12.00,41983,0.00,0.00
2011-10-11,11.88,14.28,11.88,14.28,71408,0.00,0.00
2011-10-12,14.16,14.76,13.92,14.64,61675,0.00,0.00
2011-10-13,14.40,15.12,14.04,14.64,34425,0.00,0.00
2011-10-14,15.00,16.68,14.76,16.08,63700,0.00,0.00
2011-10-17,16.44,16.44,14.28,14.40,56342,0.00,0.00
2011-10-18,13.92,15.48,13.80,14.64,44733,0.00,0.00
2011-10-19,14.88,16.20,14.88,15.48,26758,0.00,0.00
2011-10-20,15.48,16.08,15.36,15.48,24083,0.00,0.00
2011-10-21,15.72,16.68,15.48,16.32,37817,0.00,0.00
2011-10-24,16.32,17.04,16.08,16.80,28300,0.00,0.00
2011-10-25,16.92,16.92,16.32,16.32,23225,0.00,0.00
2011-10-26,16.56,16.92,16.20,16.92,32183,0.00,0.00
2011-10-27,17.40,17.64,17.28,17.28,33708,0.00,0.00
2011-10-28,17.40,17.40,17.04,17.40,8600,0.00,0.00
2011-10-31,17.28,17.40,17.04,17.16,11442,0.00,0.00
2011-11-01,16.56,16.92,15.84,16.32,24033,0.00,0.00
2011-11-02,16.32,17.04,16.32,16.68,22700,0.00,0.00
2011-11-03,16.92,17.28,16.80,16.92,19217,0.00,0.00
2011-11-04,16.68,17.40,16.68,17.40,19550,0.00,0.00
2011-11-07,17.28,17.40,16.80,17.04,8000,0.00,0.00
2011-11-08,16.92,17.04,16.68,17.04,17883,0.00,0.00
2011-11-09,17.16,18.24,16.80,18.12,50175,0.00,0.00
2011-11-10,17.88,19.08,17.64,18.36,78167,0.00,0.00
2011-11-11,18.60,18.84,17.76,18.00,39067,0.00,0.00
2011-11-14,18.00,18.24,17.28,17.40,20458,0.00,0.00
2011-11-15,17.40,17.52,16.80,16.80,16467,0.00,0.00
2011-11-16,16.20,18.12,16.20,17.64,43300,0.00,0.00
2011-11-17,17.52,18.00,17.52,18.00,27008,0.00,0.00
2011-11-18,17.88,17.88,16.44,16.68,31175,0.00,0.00
2011-11-21,16.80,17.28,14.88,15.36,49283,0.00,0.00
2011-11-22,15.24,16.80,15.24,16.44,21833,0.00,0.00
2011-11-23,16.20,17.04,15.84,16.08,25175,0.00,0.00
2011-11-25,16.56,16.80,16.08,16.32,30058,0.00,0.00
2011-11-28,16.80,17.16,16.56,16.80,18742,0.00,0.00
2011-11-29,16.68,17.04,16.32,16.68,24742,0.00,0.00
2011-11-30,17.28,17.28,16.20,16.20,79508,0.00,0.00
2011-12-01,16.68,16.92,14.76,15.24,65800,0.00,0.00
2011-12-02,15.24,16.32,15.24,15.72,43292,0.00,0.00
2011-12-05,15.96,16.68,15.00,16.68,156125,0.00,0.00
2011-12-06,16.80,17.04,16.44,16.80,34300,0.00,0.00
2011-12-07,16.56,16.80,16.44,16.80,20883,0.00,0.00
2011-12-08,16.68,16.68,15.72,16.08,24100,0.00,0.00
2011-12-09,15.84,16.80,14.76,16.44,52133,0.00,0.00
2011-12-12,16.44,18.24,16.44,17.64,145808,0.00,0.00
2011-12-13,17.88,18.12,16.56,17.40,139717,0.00,0.00
2011-12-14,17.28,17.40,16.68,16.80,36000,0.00,0.00
2011-12-15,16.56,16.68,15.84,15.84,25350,0.00,0.00
2011-12-16,16.08,17.40,16.08,17.40,17983,0.00,0.00
2011-12-19,17.16,17.16,16.56,16.56,8083,0.00,0.00
2011-12-20,16.80,17.04,16.56,16.80,6575,0.00,0.00
2011-12-21,17.04,17.04,16.56,16.68,16092,0.00,0.00
2011-12-22,16.68,16.80,16.56,16.68,11417,0.00,0.00
2011-12-23,16.68,16.80,16.68,16.68,8292,0.00,0.00
2011-12-27,16.68,16.80,16.56,16.56,17675,0.00,0.00
2011-12-28,16.56,16.80,16.56,16.80,6875,0.00,0.00
2011-12-29,16.68,17.04,16.32,17.04,37558,0.00,0.00
2011-12-30,16.80,16.92,16.08,16.56,45642,0.00,0.00
2012-01-03,16.80,17.04,16.68,16.80,17367,0.00,0.00
2012-01-04,16.92,17.16,16.56,17.16,5850,0.00,0.00
2012-01-05,16.80,17.04,16.80,16.80,8842,0.00,0.00
2012-01-06,16.80,16.80,16.44,16.44,5192,0.00,0.00
2012-01-09,16.56,16.68,16.20,16.44,8025,0.00,0.00
2012-01-10,16.68,16.80,15.72,15.72,125425,0.00,0.00
2012-01-11,15.72,16.32,15.72,16.20,25492,0.00,0.00
2012-01-12,16.08,16.44,16.08,16.44,9550,0.00,0.00
2012-01-13,16.56,16.56,16.08,16.32,5300,0.00,0.00
2012-01-17,16.32,16.68,16.32,16.44,29650,0.00,0.00
2012-01-18,16.44,16.56,16.08,16.08,18383,0.00,0.00
2012-01-19,16.32,16.32,15.60,15.96,23308,0.00,0.00
2012-01-20,15.84,15.96,15.60,15.60,9408,0.00,0.00
2012-01-23,15.72,15.84,15.60,15.60,6617,0.00,0.00
2012-01-24,15.60,15.72,15.36,15.36,7225,0.00,0.00
2012-01-25,15.36,15.84,15.36,15.72,10792,0.00,0.00
2012-01-26,15.84,15.84,15.48,15.60,11875,0.00,0.00
2012-01-27,15.60,15.84,15.48,15.60,30817,0.00,0.00
2012-01-30,15.48,15.96,15.36,15.84,9717,0.00,0.00
2012-01-31,15.72,15.84,15.24,15.48,29925,0.00,0.00
2012-02-01,15.48,15.72,15.24,15.60,16283,0.00,0.00
2012-02-02,15.48,15.60,15.24,15.36,15617,0.00,0.00
2012-02-03,15.12,15.60,14.76,15.48,67125,0.00,0.00
2012-02-06,15.48,16.08,15.36,15.48,14758,0.00,0.00
2012-02-07,15.36,15.72,15.36,15.36,41950,0.00,0.00
2012-02-08,15.36,15.72,15.36,15.48,17433,0.00,0.00
2012-02-09,15.48,15.96,15.36,15.48,59258,0.00,0.00
2012-02-10,15.60,16.44,15.48,16.44,34858,0.00,0.00
2012-02-13,16.44,16.56,16.08,16.44,28700,0.00,0.00
2012-02-14,16.32,16.44,15.84,16.44,15492,0.00,0.00
2012-02-15,16.32,16.44,15.96,15.96,19267,0.00,0.00
2012-02-16,15.96,16.56,15.96,16.44,29550,0.00,0.00
2012-02-17,16.44,17.88,16.20,17.76,193758,0.00,0.00
2012-02-21,17.64,18.24,17.28,18.00,55208,0.00,0.00
2012-02-22,17.28,18.12,17.28,17.52,29792,0.00,0.00
2012-02-23,17.64,18.00,17.40,17.88,20283,0.00,0.00
2012-02-24,17.64,18.36,17.28,17.40,49625,0.00,0.00
2012-02-27,17.28,17.88,17.16,17.40,26017,0.00,0.00
2012-02-28,17.28,17.88,17.04,17.52,20692,0.00,0.00
2012-02-29,17.52,17.76,16.80,16.80,206225,0.00,0.00
2012-03-01,16.80,17.88,16.80,17.76,35100,0.00,0.00
2012-03-02,17.76,17.88,17.28,17.40,13158,0.00,0.00
2012-03-05,17.28,17.52,16.68,16.80,33217,0.00,0.00
2012-03-06,16.68,16.68,16.32,16.44,26017,0.00,0.00
2012-03-07,16.32,16.68,16.32,16.56,15808,0.00,0.00
2012-03-08,16.44,16.68,16.08,16.32,21575,0.00,0.00
2012-03-09,16.32,16.92,16.32,16.68,22708,0.00,0.00
2012-03-12,16.32,17.04,16.32,16.56,31467,0.00,0.00
2012-03-13,18.60,19.92,17.16,18.72,296875,0.00,0.00
2012-03-14,18.36,18.96,17.64,18.36,69892,0.00,0.00
2012-03-15,18.36,18.72,18.00,18.24,22967,0.00,0.00
2012-03-16,18.12,18.36,17.40,17.76,61242,0.00,0.00
2012-03-19,17.52,17.64,16.68,16.80,40817,0.00,0.00
2012-03-20,16.68,17.28,16.68,16.68,36367,0.00,0.00
2012-03-21,17.04,17.16,16.56,16.68,26558,0.00,0.00
2012-03-22,16.44,16.92,16.44,16.92,29292,0.00,0.00
2012-03-23,16.80,17.64,16.68,17.40,53525,0.00,0.00
2012-03-26,17.64,17.76,16.80,16.80,36842,0.00,0.00
2012-03-27,16.80,17.40,16.68,16.80,21750,0.00,0.00
2012-03-28,16.68,16.80,16.44,16.56,42283,0.00,0.00
2012-03-29,16.44,17.16,16.32,16.80,22475,0.00,0.00
2012-03-30,17.04,17.40,16.80,17.40,42067,0.00,0.00
2012-04-02,17.28,18.00,16.92,17.76,20800,0.00,0.00
2012-04-03,17.40,17.64,17.16,17.28,11400,0.00,0.00
2012-04-04,17.28,17.28,16.80,16.80,16650,0.00,0.00
2012-04-05,16.68,16.80,16.56,16.68,11708,0.00,0.00
2012-04-09,16.68,16.68,16.32,16.44,19633,0.00,0.00
2012-04-10,16.32,16.44,15.60,15.60,29392,0.00,0.00
2012-04-11,15.60,15.96,15.24,15.36,21833,0.00,0.00
2012-04-12,15.00,16.80,15.00,16.56,21742,0.00,0.00
2012-04-13,16.08,16.44,15.96,16.08,9917,0.00,0.00
2012-04-16,16.20,16.20,15.36,15.60,15708,0.00,0.00
2012-04-17,15.60,16.44,15.60,16.20,10358,0.00,0.00
2012-04-18,16.20,16.20,15.60,15.60,43467,0.00,0.00
2012-04-19,15.60,16.20,15.60,15.72,22525,0.00,0.00
2012-04-20,15.60,15.96,15.60,15.72,5650,0.00,0.00
2012-04-23,15.60,15.72,15.48,15.72,6583,0.00,0.00
2012-04-24,15.48,16.08,15.48,15.60,7142,0.00,0.00
2012-04-25,15.72,16.08,15.60,15.96,8658,0.00,0.00
2012-04-26,15.72,16.08,15.72,15.72,5983,0.00,0.00
2012-04-27,15.72,15.84,15.48,15.60,13467,0.00,0.00
2012-04-30,15.48,16.08,15.48,15.72,9000,0.00,0.00
2012-05-01,15.48,15.84,15.48,15.84,8333,0.00,0.00
2012-05-02,15.60,15.96,15.48,15.48,10408,0.00,0.00
2012-05-03,15.24,15.60,14.76,14.88,42658,0.00,0.00
2012-05-04,14.52,14.88,14.40,14.76,26717,0.00,0.00
2012-05-07,14.40,14.52,13.68,13.92,40167,0.00,0.00
2012-05-08,13.68,14.16,13.44,13.80,25450,0.00,0.00
2012-05-09,13.68,14.04,13.56,13.92,20417,0.00,0.00
2012-05-10,14.04,14.52,13.56,13.80,26500,0.00,0.00
2012-05-11,13.20,13.80,13.08,13.44,20333,0.00,0.00
2012-05-14,13.56,13.68,13.20,13.68,13142,0.00,0.00
2012-05-15,13.80,14.04,13.80,13.92,46192,0.00,0.00
2012-05-16,13.68,14.16,13.68,13.92,25000,0.00,0.00
2012-05-17,13.92,14.28,13.80,13.92,20408,0.00,0.00
2012-05-18,13.92,14.16,13.32,13.80,29383,0.00,0.00
2012-05-21,14.04,14.28,13.80,14.04,11125,0.00,0.00
2012-05-22,14.04,14.40,13.92,14.16,15750,0.00,0.00
2012-05-23,14.16,14.76,13.80,14.40,22333,0.00,0.00
2012-05-24,14.64,15.00,14.40,15.00,13208,0.00,0.00
2012-05-25,15.00,15.00,14.76,14.76,20708,0.00,0.00
2012-05-29,14.88,15.36,14.76,14.88,23825,0.00,0.00
2012-05-30,15.00,15.12,14.76,14.76,17783,0.00,0.00
2012-05-31,14.88,15.12,14.76,14.88,21158,0.00,0.00
2012-06-01,14.64,15.48,14.40,15.36,26283,0.00,0.00
2012-06-04,14.88,15.60,14.88,15.00,28475,0.00,0.00
2012-06-05,14.76,15.48,14.76,15.48,10092,0.00,0.00
2012-06-06,15.36,15.96,15.36,15.72,14317,0.00,0.00
2012-06-07,15.48,15.96,15.36,15.72,41583,0.00,0.00
2012-06-08,15.48,15.96,15.24,15.96,10825,0.00,0.00
2012-06-11,16.08,16.08,14.76,15.24,28325,0.00,0.00
2012-06-12,15.24,15.60,15.00,15.24,13142,0.00,0.00
2012-06-13,15.12,15.96,14.16,14.40,24225,0.00,0.00
2012-06-14,14.52,14.76,13.80,14.04,35542,0.00,0.00
2012-06-15,14.04,14.28,12.84,12.96,316442,0.00,0.00
2012-06-18,13.08,14.88,13.08,14.28,125400,0.00,0.00
2012-06-19,13.92,14.40,13.92,14.28,15358,0.00,0.00
2012-06-20,14.16,14.28,13.80,13.80,36783,0.00,0.00
2012-06-21,13.80,14.40,13.80,14.16,26608,0.00,0.00
2012-06-22,14.04,14.28,13.80,14.04,13158,0.00,0.00
2012-06-25,14.04,14.28,13.68,13.92,16842,0.00,0.00
2012-06-26,13.92,14.16,13.56,13.68,26775,0.00,0.00
2012-06-27,13.68,14.16,13.68,14.04,27050,0.00,0.00
2012-06-28,14.04,14.04,13.80,14.04,27808,0.00,0.00
2012-06-29,14.04,14.40,14.04,14.28,95792,0.00,0.00
2012-07-02,14.28,14.76,14.16,14.52,38025,0.00,0.00
2012-07-03,14.40,14.52,14.04,14.28,13358,0.00,0.00
2012-07-05,14.28,14.64,14.04,14.04,6175,0.00,0.00
2012-07-06,13.80,14.40,13.80,14.28,10800,0.00,0.00
2012-07-09,14.40,14.40,13.92,13.92,7825,0.00,0.00
2012-07-10,13.92,14.04,13.56,13.68,11317,0.00,0.00
2012-07-11,13.92,13.92,13.68,13.68,5817,0.00,0.00
2012-07-12,13.44,13.92,12.84,13.32,31042,0.00,0.00
2012-07-13,13.32,13.44,13.20,13.32,6283,0.00,0.00
2012-07-16,13.44,13.68,13.20,13.20,9850,0.00,0.00
2012-07-17,13.32,13.32,11.76,12.12,110050,0.00,0.00
2012-07-18,12.12,12.72,12.12,12.72,18250,0.00,0.00
2012-07-19,12.72,12.72,12.12,12.48,32308,0.00,0.00
2012-07-20,12.24,12.60,12.24,12.48,27775,0.00,0.00
2012-07-23,12.60,12.60,12.12,12.36,26817,0.00,0.00
2012-07-24,12.60,12.60,12.24,12.48,12117,0.00,0.00
2012-07-25,13.08,13.08,12.12,12.60,31800,0.00,0.00
2012-07-26,12.72,12.84,12.48,12.84,10608,0.00,0.00
2012-07-27,12.72,13.44,12.72,13.08,29192,0.00,0.00
2012-07-30,12.72,13.20,12.60,13.20,18183,0.00,0.00
2012-07-31,13.20,13.44,12.84,12.84,17842,0.00,0.00
2012-08-01,13.20,13.44,12.84,12.96,12383,0.00,0.00
2012-08-02,12.96,13.20,12.12,12.24,20858,0.00,0.00
2012-08-03,12.24,12.36,12.00,12.12,26808,0.00,0.00
2012-08-06,12.12,12.72,12.00,12.60,20350,0.00,0.00
2012-08-07,12.60,12.60,12.24,12.36,42908,0.00,0.00
2012-08-08,12.48,12.84,12.48,12.60,14900,0.00,0.00
2012-08-09,12.84,13.20,12.84,13.08,22475,0.00,0.00
2012-08-10,13.08,13.20,12.96,12.96,18017,0.00,0.00
2012-08-13,13.20,13.20,12.24,12.60,52850,0.00,0.00
2012-08-14,12.60,12.84,11.76,12.12,53892,0.00,0.00
2012-08-15,12.12,12.48,11.88,12.24,18858,0.00,0.00
2012-08-16,12.24,12.72,12.24,12.72,22558,0.00,0.00
2012-08-17,12.72,12.72,12.36,12.60,11142,0.00,0.00
2012-08-20,12.48,12.60,11.88,12.12,27025,0.00,0.00
2012-08-21,12.24,12.60,12.00,12.48,23458,0.00,0.00
2012-08-22,12.48,12.48,12.36,12.36,6700,0.00,0.00
2012-08-23,12.48,12.48,12.24,12.24,19425,0.00,0.00
2012-08-24,12.12,12.48,12.00,12.36,12667,0.00,0.00
2012-08-27,12.24,12.48,12.00,12.00,22133,0.00,0.00
2012-08-28,12.24,12.48,12.12,12.36,11067,0.00,0.00
2012-08-29,12.36,12.60,12.24,12.48,34375,0.00,0.00
2012-08-30,12.48,12.96,12.48,12.84,12350,0.00,0.00
2012-08-31,12.96,13.08,12.48,12.84,54917,0.00,0.00
2012-09-04,12.84,13.68,12.48,13.68,13808,0.00,0.00
2012-09-05,13.68,13.68,13.20,13.44,22975,0.00,0.00
2012-09-06,13.20,13.68,12.84,12.84,18500,0.00,0.00
2012-09-07,12.84,13.32,12.60,13.08,11942,0.00,0.00
2012-09-10,13.08,13.08,12.48,12.48,32100,0.00,0.00
2012-09-11,12.60,13.32,12.60,13.32,19658,0.00,0.00
2012-09-12,13.32,13.68,12.96,13.56,17992,0.00,0.00
2012-09-13,13.44,13.44,12.60,12.72,46767,0.00,0.00
2012-09-14,12.72,13.56,12.72,13.44,30175,0.00,0.00
2012-09-17,13.20,13.44,13.08,13.20,9408,0.00,0.00
2012-09-18,13.08,13.56,13.08,13.32,14317,0.00,0.00
2012-09-19,13.20,13.32,13.20,13.20,11092,0.00,0.00
2012-09-20,13.20,13.20,12.96,13.08,10192,0.00,0.00
2012-09-21,13.08,13.20,12.84,13.08,13033,0.00,0.00
2012-09-24,12.96,13.08,12.60,12.60,27583,0.00,0.00
2012-09-25,12.72,12.84,12.60,12.72,15083,0.00,0.00
2012-09-26,12.60,12.84,12.36,12.36,27342,0.00,0.00
2012-09-27,12.48,12.84,12.24,12.36,28100,0.00,0.00
2012-09-28,12.24,12.60,12.24,12.36,19167,0.00,0.00
2012-10-01,12.36,12.48,12.12,12.24,25117,0.00,0.00
2012-10-02,12.24,12.36,12.12,12.36,23275,0.00,0.00
2012-10-03,12.36,12.36,12.00,12.24,25200,0.00,0.00
2012-10-04,12.48,12.48,12.00,12.36,12458,0.00,0.00
2012-10-05,12.36,12.48,12.12,12.12,15342,0.00,0.00
2012-10-08,12.36,12.60,12.36,12.36,9083,0.00,0.00
2012-10-09,12.60,12.60,12.12,12.12,9567,0.00,0.00
2012-10-10,12.00,12.24,11.76,11.88,20233,0.00,0.00
2012-10-11,11.88,12.00,11.64,11.88,47642,0.00,0.00
2012-10-12,11.76,12.12,11.40,11.76,68250,0.00,0.00
2012-10-15,12.00,12.00,11.52,12.00,16967,0.00,0.00
2012-10-16,11.88,12.00,11.64,11.64,18125,0.00,0.00
2012-10-17,11.64,12.00,11.64,12.00,18608,0.00,0.00
2012-10-18,12.00,12.00,11.64,11.64,22817,0.00,0.00
2012-10-19,11.64,12.00,11.52,11.64,24508,0.00,0.00
2012-10-22,11.76,12.00,11.52,11.52,5150,0.00,0.00
2012-10-23,11.52,12.00,11.52,11.64,19808,0.00,0.00
2012-10-24,11.64,11.76,11.52,11.52,43633,0.00,0.00
2012-10-25,11.64,11.64,11.52,11.52,27900,0.00,0.00
2012-10-26,11.64,11.76,11.52,11.52,25025,0.00,0.00
2012-10-31,11.40,11.88,11.40,11.88,34417,0.00,0.00
2012-11-01,11.76,12.00,11.64,12.00,22092,0.00,0.00
2012-11-02,11.88,12.12,11.88,12.00,36583,0.00,0.00
2012-11-05,11.88,12.48,11.88,12.48,20692,0.00,0.00
2012-11-06,12.60,12.96,12.48,12.84,21783,0.00,0.00
2012-11-07,12.60,12.84,12.12,12.36,9075,0.00,0.00
2012-11-08,12.36,12.72,12.12,12.60,16075,0.00,0.00
2012-11-09,12.24,12.72,12.24,12.24,10375,0.00,0.00
2012-11-12,12.24,12.60,12.24,12.36,10500,0.00,0.00
2012-11-13,12.36,12.48,12.24,12.36,12325,0.00,0.00
2012-11-14,12.36,12.60,12.00,12.24,36292,0.00,0.00
2012-11-15,11.76,11.88,8.64,8.76,129217,0.00,0.00
2012-11-16,8.76,9.60,8.40,9.48,48008,0.00,0.00
2012-11-19,12.00,12.24,10.44,10.80,162150,0.00,0.00
2012-11-20,10.80,11.04,10.44,10.44,19017,0.00,0.00
2012-11-21,10.68,11.16,10.56,10.56,19125,0.00,0.00
2012-11-23,10.68,11.28,10.68,11.28,17533,0.00,0.00
2012-11-26,11.16,11.28,10.92,11.28,8900,0.00,0.00
2012-11-27,11.04,11.28,10.80,11.04,7758,0.00,0.00
2012-11-28,10.92,11.16,10.68,10.80,12050,0.00,0.00
2012-11-29,11.16,11.28,10.92,11.28,22508,0.00,0.00
2012-11-30,12.24,12.48,11.64,12.12,77600,0.00,0.00
2012-12-03,12.12,12.60,12.00,12.60,29783,0.00,0.00
2012-12-04,12.48,12.72,12.00,12.72,44217,0.00,0.00
2012-12-05,12.60,12.96,12.36,12.96,18275,0.00,0.00
2012-12-06,12.72,12.84,12.60,12.72,7817,0.00,0.00
2012-12-07,12.60,12.72,12.24,12.72,44133,0.00,0.00
2012-12-10,12.60,12.60,12.36,12.36,5250,0.00,0.00
2012-12-11,12.36,12.60,12.36,12.60,32342,0.00,0.00
2012-12-12,12.60,12.60,12.12,12.24,64808,0.00,0.00
2012-12-13,12.12,12.36,12.12,12.12,55317,0.00,0.00
2012-12-14,12.00,12.48,12.00,12.48,19100,0.00,0.00
2012-12-17,12.36,12.48,12.12,12.12,26442,0.00,0.00
2012-12-18,12.24,12.36,11.64,12.12,115117,0.00,0.00
2012-12-19,12.24,12.60,11.88,12.36,46442,0.00,0.00
2012-12-20,12.36,12.48,12.12,12.24,26333,0.00,0.00
2012-12-21,11.76,12.48,11.76,12.48,33700,0.00,0.00
2012-12-24,12.36,12.36,12.12,12.24,6958,0.00,0.00
2012-12-26,12.24,12.36,12.12,12.24,21217,0.00,0.00
2012-12-27,12.24,12.36,12.24,12.24,11767,0.00,0.00
2012-12-28,12.24,12.36,12.00,12.00,26167,0.00,0.00
2012-12-31,12.36,12.96,12.00,12.36,96725,0.00,0.00
2013-01-02,12.84,13.80,12.48,13.80,35675,0.00,0.00
2013-01-03,13.32,14.04,13.32,13.80,46200,0.00,0.00
2013-01-04,13.44,13.80,12.72,13.44,6500,0.00,0.00
2013-01-07,13.32,13.44,12.72,13.20,15875,0.00,0.00
2013-01-08,12.60,13.68,12.00,13.44,6908,0.00,0.00
2013-01-09,13.20,13.44,12.96,13.08,4025,0.00,0.00
2013-01-10,13.20,13.32,12.96,12.96,5992,0.00,0.00
2013-01-11,12.84,13.20,12.60,13.08,10867,0.00,0.00
2013-01-14,13.08,13.08,12.36,12.72,16342,0.00,0.00
2013-01-15,12.60,12.72,12.12,12.48,25683,0.00,0.00
2013-01-16,12.24,12.48,12.12,12.48,37850,0.00,0.00
2013-01-17,12.48,12.72,12.36,12.60,19683,0.00,0.00
2013-01-18,12.48,12.60,12.36,12.60,12067,0.00,0.00
2013-01-22,12.36,12.72,12.24,12.48,14908,0.00,0.00
2013-01-23,12.48,12.48,12.12,12.48,19817,0.00,0.00
2013-01-24,12.24,12.36,12.12,12.24,10708,0.00,0.00
2013-01-25,12.24,12.36,11.64,11.88,28975,0.00,0.00
2013-01-28,11.88,12.12,11.52,12.00,20258,0.00,0.00
2013-01-29,11.76,11.88,11.64,11.64,3458,0.00,0.00
2013-01-30,11.64,11.64,11.52,11.52,12492,0.00,0.00
2013-01-31,11.64,11.88,11.64,11.76,7958,0.00,0.00
2013-02-01,11.76,11.76,11.64,11.64,10433,0.00,0.00
2013-02-04,11.76,11.76,11.64,11.76,2908,0.00,0.00
2013-02-05,11.76,11.76,11.52,11.64,16667,0.00,0.00
2013-02-06,11.52,11.76,11.52,11.64,4483,0.00,0.00
2013-02-07,11.64,11.76,11.64,11.76,19017,0.00,0.00
2013-02-08,11.64,11.76,11.64,11.76,4750,0.00,0.00
2013-02-11,11.64,11.76,11.64,11.76,12933,0.00,0.00
2013-02-12,11.64,11.64,11.64,11.64,4967,0.00,0.00
2013-02-13,11.64,11.64,11.64,11.64,6450,0.00,0.00
2013-02-14,11.64,11.64,11.64,11.64,5950,0.00,0.00
2013-02-15,11.64,11.64,11.64,11.64,4950,0.00,0.00
2013-02-19,11.40,11.64,11.40,11.40,18092,0.00,0.00
2013-02-20,11.40,11.52,11.40,11.40,17933,0.00,0.00
2013-02-21,11.40,11.40,11.40,11.40,18908,0.00,0.00
2013-02-22,11.40,11.52,11.40,11.40,8575,0.00,0.00
2013-02-25,11.40,11.52,11.40,11.40,18392,0.00,0.00
2013-02-26,11.40,11.40,11.40,11.40,17833,0.00,0.00
2013-02-27,11.40,11.52,11.28,11.28,26117,0.00,0.00
2013-02-28,11.28,11.52,11.28,11.40,11700,0.00,0.00
2013-03-01,11.28,11.40,11.28,11.40,6600,0.00,0.00
2013-03-04,11.28,11.40,11.28,11.28,9617,0.00,0.00
2013-03-05,11.28,11.28,11.04,11.16,8167,0.00,0.00
2013-03-06,11.16,11.40,11.16,11.28,2900,0.00,0.00
2013-03-07,11.16,11.28,11.16,11.28,6150,0.00,0.00
2013-03-08,11.16,11.40,11.16,11.28,12258,0.00,0.00
2013-03-11,11.28,11.28,11.16,11.28,3033,0.00,0.00
2013-03-12,11.28,11.28,11.16,11.16,8067,0.00,0.00
2013-03-13,11.16,11.52,11.16,11.52,12958,0.00,0.00
2013-03-14,11.52,11.52,11.28,11.52,14067,0.00,0.00
2013-03-15,11.28,11.52,9.60,10.68,63142,0.00,0.00
2013-03-18,10.44,10.44,8.64,9.00,45933,0.00,0.00
2013-03-19,9.12,9.60,9.12,9.48,14350,0.00,0.00
2013-03-20,9.36,9.48,9.24,9.24,15100,0.00,0.00
2013-03-21,9.12,9.24,8.40,9.00,8867,0.00,0.00
2013-03-22,8.20,8.80,8.20,8.52,38625,0.00,0.33
2013-03-25,8.76,9.40,8.52,8.84,17050,0.00,0.00
2013-03-26,8.68,9.56,8.68,9.44,11400,0.00,0.00
2013-03-27,11.68,12.40,10.88,11.12,312000,0.00,0.00
2013-03-28,10.92,11.28,10.92,11.24,31325,0.00,0.00
2013-04-01,11.20,11.32,11.04,11.24,26050,0.00,0.00
2013-04-02,11.20,11.20,10.96,10.96,45550,0.00,0.00
2013-04-03,11.04,11.08,10.88,10.96,10150,0.00,0.00
2013-04-04,10.96,11.16,10.92,11.08,9650,0.00,0.00
2013-04-05,11.04,11.20,11.00,11.20,6625,0.00,0.00
2013-04-08,11.08,11.28,11.04,11.16,8975,0.00,0.00
2013-04-09,11.16,11.36,11.16,11.20,19075,0.00,0.00
2013-04-10,11.20,11.36,11.12,11.28,12825,0.00,0.00
2013-04-11,11.28,11.28,11.12,11.20,7725,0.00,0.00
2013-04-12,11.16,11.16,11.04,11.16,6775,0.00,0.00
2013-04-15,11.04,11.08,10.72,10.80,33400,0.00,0.00
2013-04-16,10.80,10.80,10.44,10.48,28275,0.00,0.00
2013-04-17,10.48,10.52,10.32,10.40,10550,0.00,0.00
2013-04-18,10.40,10.60,10.40,10.60,3775,0.00,0.00
2013-04-19,10.48,10.68,10.48,10.64,4925,0.00,0.00
2013-04-22,10.60,10.88,10.48,10.76,9675,0.00,0.00
2013-04-23,10.84,11.00,10.84,10.88,6350,0.00,0.00
2013-04-24,10.84,11.04,10.84,10.96,5425,0.00,0.00
2013-04-25,10.88,11.28,10.88,11.20,8950,0.00,0.00
2013-04-26,11.12,11.24,11.12,11.12,6075,0.00,0.00
2013-04-29,11.12,11.24,11.12,11.16,15200,0.00,0.00
2013-04-30,11.12,11.16,11.08,11.08,16700,0.00,0.00
2013-05-01,11.08,11.08,10.48,10.68,21125,0.00,0.00
2013-05-02,10.52,11.16,10.52,11.12,5200,0.00,0.00
2013-05-03,11.16,11.32,11.16,11.28,12850,0.00,0.00
2013-05-06,11.12,11.36,11.12,11.36,14900,0.00,0.00
2013-05-07,11.24,11.32,11.20,11.24,6825,0.00,0.00
2013-05-08,11.24,11.36,11.24,11.24,7825,0.00,0.00
2013-05-09,11.24,11.36,11.04,11.36,15600,0.00,0.00
2013-05-10,11.24,11.32,11.24,11.28,1725,0.00,0.00
2013-05-13,11.20,11.48,11.16,11.24,16700,0.00,0.00
2013-05-14,11.32,11.52,11.24,11.36,9075,0.00,0.00
2013-05-15,11.24,11.60,11.24,11.44,12700,0.00,0.00
2013-05-16,11.40,11.92,11.24,11.28,30950,0.00,0.00
2013-05-17,11.24,11.64,11.24,11.56,15150,0.00,0.00
2013-05-20,11.24,11.60,11.24,11.56,8350,0.00,0.00
2013-05-21,11.44,11.44,11.24,11.32,15775,0.00,0.00
2013-05-22,11.32,11.48,11.32,11.40,4450,0.00,0.00
2013-05-23,11.32,11.48,11.32,11.44,8800,0.00,0.00
2013-05-24,11.36,11.36,11.12,11.24,22525,0.00,0.00
2013-05-28,11.16,11.24,11.00,11.24,13975,0.00,0.00
2013-05-29,11.08,11.16,11.08,11.12,3800,0.00,0.00
2013-05-30,11.08,11.40,11.04,11.40,4850,0.00,0.00
2013-05-31,11.24,11.44,11.16,11.36,2825,0.00,0.00
2013-06-03,11.16,11.40,10.80,11.28,17150,0.00,0.00
2013-06-04,11.32,11.40,11.32,11.36,4000,0.00,0.00
2013-06-05,11.20,11.36,11.16,11.20,4600,0.00,0.00
2013-06-06,11.04,11.28,11.04,11.12,4225,0.00,0.00
2013-06-07,11.28,11.32,11.08,11.16,6025,0.00,0.00
2013-06-10,11.08,11.28,10.84,11.16,5625,0.00,0.00
2013-06-11,10.84,11.24,10.84,11.24,11275,0.00,0.00
2013-06-12,11.08,11.16,11.00,11.16,1800,0.00,0.00
2013-06-13,11.00,11.28,10.84,11.24,9925,0.00,0.00
2013-06-14,11.12,11.20,10.88,10.92,12650,0.00,0.00
2013-06-17,10.88,11.16,10.88,11.00,8225,0.00,0.00
2013-06-18,10.92,11.00,10.92,11.00,7375,0.00,0.00
2013-06-19,10.92,11.00,10.92,10.96,4325,0.00,0.00
2013-06-20,10.96,10.96,10.72,10.72,11175,0.00,0.00
2013-06-21,10.80,10.84,10.48,10.56,31050,0.00,0.00
2013-06-24,10.40,10.64,10.32,10.40,10175,0.00,0.00
2013-06-25,10.48,10.52,10.36,10.44,13200,0.00,0.00
2013-06-26,10.40,10.48,10.36,10.48,11500,0.00,0.00
2013-06-27,10.40,10.56,10.36,10.52,16450,0.00,0.00
2013-06-28,10.52,10.64,10.36,10.64,8525,0.00,0.00
2013-07-01,10.80,10.88,10.44,10.56,17375,0.00,0.00
2013-07-02,10.60,10.76,10.44,10.52,4525,0.00,0.00
2013-07-03,10.40,10.52,10.40,10.52,1800,0.00,0.00
2013-07-05,10.40,10.52,10.08,10.52,12525,0.00,0.00
2013-07-08,10.40,10.48,10.16,10.48,10475,0.00,0.00
2013-07-09,10.36,10.44,10.20,10.40,6400,0.00,0.00
2013-07-10,10.40,10.52,10.32,10.40,2875,0.00,0.00
2013-07-11,10.36,10.60,10.32,10.52,5350,0.00,0.00
2013-07-12,10.40,10.48,10.40,10.40,2225,0.00,0.00
2013-07-15,10.40,10.56,10.40,10.48,3425,0.00,0.00
2013-07-16,10.44,10.52,10.40,10.40,3450,0.00,0.00
2013-07-17,10.40,10.72,10.40,10.48,10425,0.00,0.00
2013-07-18,10.60,10.92,10.56,10.80,21550,0.00,0.00
2013-07-19,10.92,10.92,10.72,10.76,3100,0.00,0.00
2013-07-22,10.60,11.00,10.60,10.92,1800,0.00,0.00
2013-07-23,10.84,10.96,10.72,10.96,7750,0.00,0.00
2013-07-24,10.84,10.88,10.84,10.84,1250,0.00,0.00
2013-07-25,10.84,10.84,10.72,10.76,2025,0.00,0.00
2013-07-26,10.56,10.80,10.44,10.76,12700,0.00,0.00
2013-07-29,10.64,11.20,10.56,11.12,5950,0.00,0.00
2013-07-30,11.04,11.04,10.76,10.76,5075,0.00,0.00
2013-07-31,10.88,11.20,10.88,11.04,9150,0.00,0.00
2013-08-01,10.52,10.84,10.52,10.80,11225,0.00,0.00
2013-08-02,10.76,11.00,10.72,10.80,5725,0.00,0.00
2013-08-05,10.60,10.92,10.60,10.92,9875,0.00,0.00
2013-08-06,10.84,10.96,10.72,10.96,2650,0.00,0.00
2013-08-07,11.04,11.04,10.80,10.92,2400,0.00,0.00
2013-08-08,10.84,11.04,10.84,10.96,1625,0.00,0.00
2013-08-09,10.84,11.00,10.80,10.88,4300,0.00,0.00
2013-08-12,10.80,10.80,10.72,10.76,1975,0.00,0.00
2013-08-13,10.68,10.76,10.60,10.76,15000,0.00,0.00
2013-08-14,10.72,10.76,10.64,10.76,3875,0.00,0.00
2013-08-15,10.80,10.80,10.60,10.76,17950,0.00,0.00
2013-08-16,10.88,10.88,10.32,10.52,24750,0.00,0.00
2013-08-19,10.44,10.64,10.36,10.52,16500,0.00,0.00
2013-08-20,10.48,10.68,10.32,10.48,2350,0.00,0.00
2013-08-21,10.44,10.56,10.44,10.56,550,0.00,0.00
2013-08-22,10.52,10.64,10.32,10.36,8475,0.00,0.00
2013-08-23,10.40,10.68,10.32,10.60,1875,0.00,0.00
2013-08-26,10.72,10.72,10.52,10.60,7775,0.00,0.00
2013-08-27,10.52,10.68,10.52,10.52,3150,0.00,0.00
2013-08-28,10.52,10.68,10.48,10.60,12375,0.00,0.00
2013-08-29,10.60,10.76,10.60,10.76,3425,0.00,0.00
2013-08-30,10.44,10.76,10.44,10.72,3550,0.00,0.00
2013-09-03,10.68,10.80,10.52,10.80,6575,0.00,0.00
2013-09-04,10.72,10.76,10.68,10.76,1725,0.00,0.00
2013-09-05,10.60,10.68,10.60,10.60,1600,0.00,0.00
2013-09-06,10.60,10.88,10.60,10.80,8250,0.00,0.00
2013-09-09,10.72,10.88,10.72,10.88,6650,0.00,0.00
2013-09-10,10.80,10.84,10.72,10.80,6500,0.00,0.00
2013-09-11,10.64,10.84,10.64,10.84,11700,0.00,0.00
2013-09-12,10.64,10.80,10.60,10.80,10275,0.00,0.00
2013-09-13,10.68,10.92,10.60,10.88,7100,0.00,0.00
2013-09-16,10.88,10.88,10.48,10.88,8675,0.00,0.00
2013-09-17,10.80,10.80,10.60,10.76,5000,0.00,0.00
2013-09-18,10.68,10.92,10.68,10.88,5700,0.00,0.00
2013-09-19,10.76,11.12,10.72,11.12,5525,0.00,0.00
2013-09-20,10.88,11.16,10.88,11.16,7875,0.00,0.00
2013-09-23,11.20,11.20,10.84,11.12,16025,0.00,0.00
2013-09-24,10.96,11.04,10.88,10.96,14025,0.00,0.00
2013-09-25,10.84,11.00,10.84,11.00,7500,0.00,0.00
2013-09-26,10.80,10.88,10.80,10.88,2525,0.00,0.00
2013-09-27,10.72,11.12,10.72,11.12,13575,0.00,0.00
2013-09-30,10.84,11.04,10.84,11.00,4750,0.00,0.00
2013-10-01,10.88,11.00,10.88,10.92,1950,0.00,0.00
2013-10-02,10.92,11.20,10.92,11.08,38600,0.00,0.00
2013-10-03,10.96,11.64,10.96,11.52,39600,0.00,0.00
2013-10-04,11.64,11.88,11.44,11.44,25200,0.00,0.00
2013-10-07,11.52,11.60,11.08,11.24,12125,0.00,0.00
2013-10-08,11.40,11.68,11.12,11.36,22200,0.00,0.00
2013-10-09,11.28,11.68,11.28,11.40,16875,0.00,0.00
2013-10-10,11.60,11.68,11.00,11.00,12675,0.00,0.00
2013-10-11,11.20,11.64,11.20,11.64,58150,0.00,0.00
2013-10-14,11.32,12.16,11.32,11.88,59100,0.00,0.00
2013-10-15,11.84,11.96,11.68,11.80,22300,0.00,0.00
2013-10-16,11.72,11.84,11.52,11.80,8625,0.00,0.00
2013-10-17,11.72,11.80,11.68,11.68,3750,0.00,0.00
2013-10-18,11.56,11.80,11.56,11.68,6275,0.00,0.00
2013-10-21,11.68,11.92,11.64,11.68,9750,0.00,0.00
2013-10-22,11.68,11.68,10.96,11.36,33775,0.00,0.00
2013-10-23,11.20,11.36,11.08,11.20,12500,0.00,0.00
2013-10-24,11.20,11.24,11.00,11.20,3175,0.00,0.00
2013-10-25,11.68,11.68,11.12,11.20,5375,0.00,0.00
2013-10-28,11.12,11.20,11.00,11.08,5950,0.00,0.00
2013-10-29,11.12,11.36,10.96,11.32,12850,0.00,0.00
2013-10-30,11.16,11.60,11.08,11.60,13725,0.00,0.00
2013-10-31,11.24,11.44,11.20,11.20,44075,0.00,0.00
2013-11-01,11.24,11.36,10.92,11.32,16125,0.00,0.00
2013-11-04,10.00,10.32,9.28,9.60,99925,0.00,0.00
2013-11-05,9.40,9.68,9.04,9.44,45775,0.00,0.00
2013-11-06,9.28,9.60,9.28,9.56,23000,0.00,0.00
2013-11-07,9.44,9.52,9.28,9.32,17625,0.00,0.00
2013-11-08,9.28,9.48,9.24,9.36,31225,0.00,0.00
2013-11-11,9.28,9.48,9.24,9.36,23700,0.00,0.00
2013-11-12,9.28,9.44,9.28,9.40,31550,0.00,0.00
2013-11-13,9.20,9.60,9.20,9.52,37625,0.00,0.00
2013-11-14,9.80,9.96,9.08,9.96,47875,0.00,0.00
2013-11-15,9.92,10.40,9.76,10.40,40075,0.00,0.00
2013-11-18,10.40,10.72,10.32,10.72,23150,0.00,0.00
2013-11-19,10.68,11.00,10.28,11.00,20275,0.00,0.00
2013-11-20,10.84,11.00,10.80,10.96,15100,0.00,0.00
2013-11-21,10.68,10.88,10.32,10.72,32975,0.00,0.00
2013-11-22,10.80,10.96,10.64,10.72,27775,0.00,0.00
2013-11-25,10.60,10.92,10.60,10.76,21200,0.00,0.00
2013-11-26,10.64,10.88,10.20,10.60,27825,0.00,0.00
2013-11-27,10.48,10.88,10.44,10.60,26150,0.00,0.00
2013-11-29,10.52,10.96,10.52,10.92,13050,0.00,0.00
2013-12-02,10.72,10.88,10.32,10.40,25775,0.00,0.00
2013-12-03,10.20,10.88,10.00,10.72,20675,0.00,0.00
2013-12-04,10.56,11.04,10.56,10.92,26650,0.00,0.00
2013-12-05,10.80,11.04,10.80,10.96,34000,0.00,0.00
2013-12-06,11.00,11.08,10.88,10.92,20100,0.00,0.00
2013-12-09,11.04,11.12,10.72,11.04,16375,0.00,0.00
2013-12-10,10.88,11.24,10.80,11.12,20375,0.00,0.00
2013-12-11,11.00,11.28,10.88,11.08,15625,0.00,0.00
2013-12-12,10.92,11.20,10.92,11.04,17450,0.00,0.00
2013-12-13,11.00,11.28,11.00,11.20,25225,0.00,0.00
2013-12-16,11.20,11.32,10.76,11.20,16050,0.00,0.00
2013-12-17,11.04,11.20,10.88,11.04,23350,0.00,0.00
2013-12-18,11.08,11.28,10.72,10.80,41575,0.00,0.00
2013-12-19,10.72,11.00,10.28,10.72,33500,0.00,0.00
2013-12-20,10.60,11.04,10.56,10.68,24275,0.00,0.00
2013-12-23,10.60,10.96,10.52,10.92,26625,0.00,0.00
2013-12-24,10.88,11.08,10.68,10.84,19125,0.00,0.00
2013-12-26,10.84,11.20,10.84,10.96,18500,0.00,0.00
2013-12-27,10.88,11.16,10.88,10.96,24050,0.00,0.00
2013-12-30,10.84,11.16,10.84,11.00,18675,0.00,0.00
2013-12-31,10.96,11.20,10.84,11.08,27425,0.00,0.00
2014-01-02,10.92,11.20,10.92,11.08,3575,0.00,0.00
2014-01-03,11.08,11.12,10.84,10.96,4300,0.00,0.00
2014-01-06,10.92,10.96,10.68,10.84,9125,0.00,0.00
2014-01-07,10.76,10.84,10.64,10.68,7575,0.00,0.00
2014-01-08,10.56,10.84,10.56,10.60,4925,0.00,0.00
2014-01-09,10.52,11.20,9.88,10.52,27475,0.00,0.00
2014-01-10,10.36,10.88,10.20,10.72,10850,0.00,0.00
2014-01-13,10.64,10.80,10.40,10.60,10475,0.00,0.00
2014-01-14,10.60,10.80,10.32,10.60,13700,0.00,0.00
2014-01-15,10.36,10.88,10.28,10.88,11950,0.00,0.00
2014-01-16,10.80,10.92,10.68,10.72,4425,0.00,0.00
2014-01-17,10.76,10.92,10.24,10.32,8650,0.00,0.00
2014-01-21,10.40,10.84,10.40,10.44,5950,0.00,0.00
2014-01-22,10.52,10.80,10.40,10.68,4850,0.00,0.00
2014-01-23,10.76,10.88,10.60,10.68,6650,0.00,0.00
2014-01-24,10.76,10.76,10.32,10.32,31800,0.00,0.00
2014-01-27,10.32,10.72,10.32,10.44,25700,0.00,0.00
2014-01-28,10.52,10.72,10.36,10.48,4850,0.00,0.00
2014-01-29,10.40,10.80,10.40,10.80,13175,0.00,0.00
2014-01-30,10.68,10.80,10.44,10.68,16625,0.00,0.00
2014-01-31,10.60,10.76,9.96,10.76,13550,0.00,0.00
2014-02-03,10.68,10.80,10.04,10.16,6050,0.00,0.00
2014-02-04,10.60,10.60,10.20,10.20,2300,0.00,0.00
2014-02-05,10.28,10.52,10.08,10.44,2200,0.00,0.00
2014-02-06,10.36,10.56,10.36,10.48,3025,0.00,0.00
2014-02-07,10.40,10.68,10.40,10.48,3725,0.00,0.00
2014-02-10,10.20,10.44,10.20,10.40,8500,0.00,0.00
2014-02-11,10.32,10.76,10.32,10.52,7975,0.00,0.00
2014-02-12,10.76,10.76,10.20,10.20,2100,0.00,0.00
2014-02-13,10.20,10.52,10.20,10.24,1900,0.00,0.00
2014-02-14,10.32,10.56,10.20,10.36,10700,0.00,0.00
2014-02-18,10.24,10.60,10.20,10.60,1650,0.00,0.00
2014-02-19,10.44,10.92,10.20,10.60,25625,0.00,0.00
2014-02-20,10.48,10.48,10.08,10.48,14525,0.00,0.00
2014-02-21,10.12,10.64,10.12,10.64,32675,0.00,0.00
2014-02-24,10.80,10.96,10.44,10.76,12775,0.00,0.00
2014-02-25,10.64,10.80,10.36,10.44,5825,0.00,0.00
2014-02-26,10.44,10.68,10.32,10.32,9425,0.00,0.00
2014-02-27,10.32,10.68,10.32,10.36,3275,0.00,0.00
2014-02-28,10.52,10.72,10.36,10.48,6775,0.00,0.00
2014-03-03,10.52,10.60,10.24,10.60,4000,0.00,0.00
2014-03-04,10.56,10.72,10.56,10.56,8675,0.00,0.00
2014-03-05,10.72,10.76,10.28,10.64,4275,0.00,0.00
2014-03-06,10.56,10.76,10.48,10.76,5375,0.00,0.00
2014-03-07,10.44,10.60,10.40,10.40,4325,0.00,0.00
2014-03-10,10.68,10.68,10.20,10.20,7675,0.00,0.00
2014-03-11,10.48,10.64,10.20,10.20,17375,0.00,0.00
2014-03-12,10.20,10.52,10.20,10.24,10125,0.00,0.00
2014-03-13,10.44,10.96,10.40,10.56,65475,0.00,0.00
2014-03-14,10.68,10.76,10.44,10.44,18450,0.00,0.00
2014-03-17,10.36,10.80,10.36,10.56,12400,0.00,0.00
2014-03-18,10.44,10.72,10.44,10.56,20200,0.00,0.00
2014-03-19,10.80,11.12,10.40,10.88,53425,0.00,0.00
2014-03-20,10.72,10.72,10.20,10.44,34650,0.00,0.00
2014-03-21,10.60,10.60,10.08,10.08,91925,0.00,0.00
2014-03-24,10.28,10.40,10.00,10.24,12525,0.00,0.00
2014-03-25,10.24,10.40,10.16,10.24,14450,0.00,0.00
2014-03-26,10.16,10.40,10.08,10.20,20100,0.00,0.00
2014-03-27,10.76,10.76,10.28,10.60,30975,0.00,0.00
2014-03-28,10.72,11.00,10.56,10.80,19350,0.00,0.00
2014-03-31,10.76,10.96,10.72,10.88,13525,0.00,0.00
2014-04-01,10.80,11.12,10.80,10.88,14275,0.00,0.00
2014-04-02,10.88,11.24,10.88,11.16,23875,0.00,0.00
2014-04-03,11.36,11.40,10.72,11.12,16850,0.00,0.00
2014-04-04,11.08,11.36,10.88,11.16,7175,0.00,0.00
2014-04-07,11.16,11.24,10.88,11.16,9375,0.00,0.00
2014-04-08,11.04,11.36,11.00,11.12,10200,0.00,0.00
2014-04-09,11.08,11.40,11.00,11.40,7825,0.00,0.00
2014-04-10,11.40,11.40,11.16,11.24,9100,0.00,0.00
2014-04-11,11.16,11.32,10.68,11.32,19775,0.00,0.00
2014-04-14,11.20,11.52,11.08,11.12,45250,0.00,0.00
2014-04-15,11.08,11.44,11.04,11.32,12775,0.00,0.00
2014-04-16,11.24,11.64,11.24,11.44,16850,0.00,0.00
2014-04-17,11.36,11.72,11.32,11.68,6075,0.00,0.00
2014-04-21,11.56,12.00,11.56,11.96,16975,0.00,0.00
2014-04-22,11.88,12.00,11.80,12.00,8000,0.00,0.00
2014-04-23,11.88,12.16,11.84,12.12,8575,0.00,0.00
2014-04-24,12.16,12.16,12.00,12.00,4550,0.00,0.00
2014-04-25,12.00,12.12,11.64,12.08,9175,0.00,0.00
2014-04-28,12.00,12.16,11.64,12.04,22150,0.00,0.00
2014-04-29,11.92,12.16,11.48,11.64,35650,0.00,0.00
2014-04-30,11.52,12.36,11.36,12.36,12150,0.00,0.00
2014-05-01,12.12,12.20,11.96,11.96,2625,0.00,0.00
2014-05-02,11.88,12.32,11.88,12.24,8175,0.00,0.00
2014-05-05,12.12,12.36,12.00,12.20,3525,0.00,0.00
2014-05-06,12.16,12.32,12.08,12.12,3600,0.00,0.00
2014-05-07,12.04,12.40,12.04,12.40,5450,0.00,0.00
2014-05-08,12.40,12.40,12.08,12.32,6250,0.00,0.00
2014-05-09,12.20,12.32,12.04,12.16,4200,0.00,0.00
2014-05-12,12.20,12.24,12.04,12.12,13925,0.00,0.00
2014-05-13,12.04,12.16,11.84,11.96,15025,0.00,0.00
2014-05-14,12.00,12.16,11.20,11.48,26850,0.00,0.00
2014-05-15,10.92,11.12,10.00,10.16,38500,0.00,0.00
2014-05-16,10.12,10.32,9.84,10.28,24325,0.00,0.00
2014-05-19,9.96,10.40,9.84,10.36,33150,0.00,0.00
2014-05-20,10.16,10.32,9.68,9.68,8300,0.00,0.00
2014-05-21,10.00,10.40,10.00,10.00,6800,0.00,0.00
2014-05-22,10.64,10.80,10.24,10.80,18075,0.00,0.00
2014-05-23,9.80,10.64,9.80,10.56,34225,0.00,0.00
2014-05-27,10.44,10.68,10.28,10.44,19050,0.00,0.00
2014-05-28,10.32,10.48,10.16,10.44,9050,0.00,0.00
2014-05-29,10.40,10.52,10.28,10.48,7075,0.00,0.00
2014-05-30,10.36,10.64,10.36,10.36,7275,0.00,0.00
2014-06-02,10.36,10.56,10.20,10.36,15275,0.00,0.00
2014-06-03,10.16,10.64,10.16,10.36,12300,0.00,0.00
2014-06-04,10.48,10.56,10.48,10.48,1325,0.00,0.00
2014-06-05,10.40,10.68,10.32,10.68,21575,0.00,0.00
2014-06-06,10.56,11.00,10.32,11.00,19350,0.00,0.00
2014-06-09,10.84,10.84,10.32,10.56,4975,0.00,0.00
2014-06-10,10.68,10.76,10.68,10.76,3150,0.00,0.00
2014-06-11,10.60,10.72,10.40,10.48,3550,0.00,0.00
2014-06-12,10.56,10.76,10.48,10.56,3425,0.00,0.00
2014-06-13,10.56,10.80,10.44,10.64,6225,0.00,0.00
2014-06-16,10.72,11.52,10.72,10.96,8350,0.00,0.00
2014-06-17,10.84,11.08,10.84,11.04,3175,0.00,0.00
2014-06-18,11.04,11.28,11.00,11.16,4025,0.00,0.00
2014-06-19,11.08,11.28,10.96,11.28,4700,0.00,0.00
2014-06-20,11.20,11.28,11.12,11.20,4400,0.00,0.00
2014-06-23,11.20,11.28,11.20,11.28,3075,0.00,0.00
2014-06-24,11.36,11.36,11.20,11.32,5975,0.00,0.00
2014-06-25,11.36,11.44,11.20,11.36,4725,0.00,0.00
2014-06-26,11.28,11.48,11.28,11.48,7975,0.00,0.00
2014-06-27,11.48,11.72,11.16,11.72,19400,0.00,0.00
2014-06-30,11.52,11.88,11.48,11.72,13150,0.00,0.00
2014-07-01,11.68,11.80,11.56,11.64,12500,0.00,0.00
2014-07-02,11.76,12.24,11.56,11.72,30350,0.00,0.00
2014-07-03,11.68,11.76,11.48,11.68,13550,0.00,0.00
2014-07-07,11.64,11.72,11.44,11.64,5825,0.00,0.00
2014-07-08,11.44,11.64,11.24,11.64,15000,0.00,0.00
2014-07-09,11.48,11.60,11.36,11.44,5850,0.00,0.00
2014-07-10,11.32,11.60,11.28,11.48,5175,0.00,0.00
2014-07-11,11.40,11.72,11.24,11.36,3775,0.00,0.00
2014-07-14,11.32,11.68,11.32,11.52,800,0.00,0.00
2014-07-15,11.56,11.64,11.24,11.56,2275,0.00,0.00
2014-07-16,11.28,11.68,11.28,11.56,2100,0.00,0.00
2014-07-17,11.40,11.64,11.36,11.40,10700,0.00,0.00
2014-07-18,11.28,11.64,11.28,11.56,775,0.00,0.00
2014-07-21,11.64,11.72,11.32,11.72,21050,0.00,0.00
2014-07-22,11.76,11.76,11.52,11.64,5650,0.00,0.00
2014-07-23,11.56,11.80,11.56,11.76,9450,0.00,0.00
2014-07-24,11.76,11.76,11.40,11.68,3975,0.00,0.00
2014-07-25,11.68,11.84,11.68,11.84,6100,0.00,0.00
2014-07-28,11.84,11.92,11.68,11.92,3050,0.00,0.00
2014-07-29,11.68,11.92,11.68,11.92,2475,0.00,0.00
2014-07-30,11.64,12.00,11.64,11.92,5325,0.00,0.00
2014-07-31,11.72,12.00,11.72,11.96,1950,0.00,0.00
2014-08-01,11.96,12.00,11.40,11.72,5075,0.00,0.00
2014-08-04,11.84,11.84,11.48,11.52,2375,0.00,0.00
2014-08-05,11.24,11.92,11.24,11.40,16800,0.00,0.00
2014-08-06,11.24,11.80,10.92,11.44,21350,0.00,0.00
2014-08-07,11.88,11.96,11.24,11.56,4025,0.00,0.00
2014-08-08,11.48,11.56,11.12,11.28,7900,0.00,0.00
2014-08-11,11.20,11.56,11.20,11.40,15550,0.00,0.00
2014-08-12,11.40,11.64,11.24,11.36,8200,0.00,0.00
2014-08-13,11.40,11.52,11.20,11.24,4975,0.00,0.00
2014-08-14,11.40,11.60,11.04,11.40,10425,0.00,0.00
2014-08-15,10.80,11.20,10.80,11.12,5075,0.00,0.00
2014-08-18,11.00,11.84,11.00,11.64,21950,0.00,0.00
2014-08-19,11.36,11.60,11.36,11.48,15925,0.00,0.00
2014-08-20,11.32,11.60,11.32,11.40,67350,0.00,0.00
2014-08-21,11.32,11.60,11.32,11.48,44675,0.00,0.00
2014-08-22,11.36,12.08,11.36,11.92,21875,0.00,0.00
2014-08-25,11.92,12.16,11.48,11.84,23950,0.00,0.00
2014-08-26,11.84,12.08,11.84,11.84,13450,0.00,0.00
2014-08-27,12.16,12.16,11.84,11.96,10675,0.00,0.00
2014-08-28,11.72,12.04,11.52,12.00,25950,0.00,0.00
2014-08-29,12.00,12.36,11.68,12.36,21075,0.00,0.00
2014-09-02,12.48,12.56,12.08,12.28,29775,0.00,0.00
2014-09-03,12.20,12.36,12.04,12.24,21150,0.00,0.00
2014-09-04,12.12,12.80,12.04,12.80,24075,0.00,0.00
2014-09-05,12.76,13.80,12.72,13.76,220200,0.00,0.00
2014-09-08,14.00,14.00,13.52,13.76,56750,0.00,0.00
2014-09-09,13.80,14.32,13.68,13.96,101300,0.00,0.00
2014-09-10,14.08,14.28,13.80,14.00,45625,0.00,0.00
2014-09-11,13.96,14.12,13.64,14.08,49375,0.00,0.00
2014-09-12,13.96,14.16,13.32,13.72,44975,0.00,0.00
2014-09-15,13.84,14.00,13.32,13.68,38075,0.00,0.00
2014-09-16,13.48,13.64,12.80,12.92,32475,0.00,0.00
2014-09-17,13.20,13.52,12.88,12.92,35350,0.00,0.00
2014-09-18,12.88,13.40,12.88,13.28,3450,0.00,0.00
2014-09-19,13.36,13.36,12.44,13.00,64725,0.00,0.00
2014-09-22,13.04,13.04,12.36,12.36,36475,0.00,0.00
2014-09-23,12.20,12.72,12.04,12.24,54700,0.00,0.00
2014-09-24,12.12,12.52,11.96,12.12,30250,0.00,0.00
2014-09-25,11.96,12.40,11.36,11.36,60500,0.00,0.00
2014-09-26,11.40,11.92,11.24,11.68,28250,0.00,0.00
2014-09-29,11.44,12.16,11.44,11.84,13600,0.00,0.00
2014-09-30,11.68,12.28,11.60,12.20,6100,0.00,0.00
2014-10-01,12.12,12.16,11.48,11.56,16425,0.00,0.00
2014-10-02,11.44,11.56,11.28,11.36,6375,0.00,0.00
2014-10-03,11.40,11.56,11.36,11.36,4600,0.00,0.00
2014-10-06,11.24,11.48,10.92,11.08,9275,0.00,0.00
2014-10-07,11.04,11.20,10.72,10.80,5225,0.00,0.00
2014-10-08,10.72,11.04,10.64,11.00,2250,0.00,0.00
2014-10-09,10.80,10.92,10.28,10.84,44025,0.00,0.00
2014-10-10,10.60,11.20,10.56,10.84,8500,0.00,0.00
2014-10-13,10.80,10.96,10.60,10.88,6175,0.00,0.00
2014-10-14,11.00,11.04,10.84,10.92,1875,0.00,0.00
2014-10-15,10.88,11.16,10.80,11.16,1850,0.00,0.00
2014-10-16,11.08,11.60,11.08,11.60,5825,0.00,0.00
2014-10-17,11.84,11.84,11.08,11.72,4150,0.00,0.00
2014-10-20,11.64,11.80,11.24,11.76,5200,0.00,0.00
2014-10-21,11.84,11.84,11.00,11.40,2625,0.00,0.00
2014-10-22,11.60,11.60,11.40,11.56,1550,0.00,0.00
2014-10-23,11.52,11.52,11.20,11.32,10925,0.00,0.00
2014-10-24,11.24,11.60,11.04,11.16,3825,0.00,0.00
2014-10-27,11.12,11.12,10.52,10.88,7325,0.00,0.00
2014-10-28,11.00,11.00,10.60,10.68,3350,0.00,0.00
2014-10-29,10.64,10.72,10.52,10.60,7400,0.00,0.00
2014-10-30,10.52,10.80,10.44,10.72,6850,0.00,0.00
2014-10-31,10.72,10.80,10.08,10.08,10800,0.00,0.00
2014-11-03,10.16,10.52,10.16,10.24,8025,0.00,0.00
2014-11-04,10.12,10.36,10.08,10.08,3775,0.00,0.00
2014-11-05,10.04,10.56,10.00,10.40,26175,0.00,0.00
2014-11-06,10.40,10.48,10.08,10.28,13475,0.00,0.00
2014-11-07,10.28,10.48,10.08,10.24,7500,0.00,0.00
2014-11-10,10.28,10.48,10.12,10.24,5725,0.00,0.00
2014-11-11,10.12,10.36,10.08,10.16,3875,0.00,0.00
2014-11-12,10.12,10.48,10.12,10.28,4200,0.00,0.00
2014-11-13,10.16,10.40,10.12,10.16,6575,0.00,0.00
2014-11-14,11.00,11.24,10.12,10.80,8950,0.00,0.00
2014-11-17,10.68,10.80,10.08,10.28,14475,0.00,0.00
2014-11-18,10.32,10.40,10.24,10.28,4625,0.00,0.00
2014-11-19,10.28,10.28,9.92,10.00,3600,0.00,0.00
2014-11-20,10.00,10.52,9.96,10.48,8250,0.00,0.00
2014-11-21,10.64,10.68,10.28,10.64,12550,0.00,0.00
2014-11-24,10.48,10.68,10.32,10.32,14375,0.00,0.00
2014-11-25,10.32,10.68,10.32,10.48,4975,0.00,0.00
2014-11-26,10.32,10.60,10.32,10.48,3025,0.00,0.00
2014-11-28,10.40,10.84,10.40,10.80,5075,0.00,0.00
2014-12-01,10.72,10.72,10.52,10.68,24900,0.00,0.00
2014-12-02,10.68,10.80,10.48,10.60,47100,0.00,0.00
2014-12-03,10.64,10.80,10.52,10.60,5800,0.00,0.00
2014-12-04,10.48,10.60,10.44,10.44,5225,0.00,0.00
2014-12-05,10.40,10.64,10.40,10.64,21525,0.00,0.00
2014-12-08,10.44,10.60,10.40,10.48,4325,0.00,0.00
2014-12-09,10.40,10.60,10.40,10.40,58950,0.00,0.00
2014-12-10,10.32,10.44,10.04,10.28,15275,0.00,0.00
2014-12-11,10.20,10.56,10.04,10.52,5275,0.00,0.00
2014-12-12,10.36,10.48,10.08,10.20,1900,0.00,0.00
2014-12-15,10.28,10.40,10.08,10.20,7000,0.00,0.00
2014-12-16,10.04,10.32,10.04,10.28,4675,0.00,0.00
2014-12-17,10.08,10.56,10.08,10.40,7875,0.00,0.00
2014-12-18,10.32,10.48,10.24,10.44,6425,0.00,0.00
2014-12-19,10.36,10.72,10.36,10.52,6925,0.00,0.00
2014-12-22,10.44,10.64,10.04,10.32,18950,0.00,0.00
2014-12-23,10.24,10.64,10.08,10.36,13375,0.00,0.00
2014-12-24,10.24,10.80,10.24,10.68,8875,0.00,0.00
2014-12-26,10.52,10.64,10.48,10.56,12025,0.00,0.00
2014-12-29,10.44,10.88,10.04,10.80,12950,0.00,0.00
2014-12-30,10.84,11.20,10.60,11.08,12150,0.00,0.00
2014-12-31,10.92,11.80,10.84,11.32,15650,0.00,0.00
2015-01-02,11.44,11.52,11.24,11.28,7425,0.00,0.00
2015-01-05,11.36,11.48,11.24,11.36,7275,0.00,0.00
2015-01-06,11.36,11.44,11.16,11.40,6225,0.00,0.00
2015-01-07,11.44,11.68,11.44,11.60,10675,0.00,0.00
2015-01-08,11.56,11.76,11.52,11.68,7900,0.00,0.00
2015-01-09,11.76,12.04,11.60,12.04,16225,0.00,0.00
2015-01-12,11.92,12.16,11.76,12.16,9075,0.00,0.00
2015-01-13,12.16,12.24,12.00,12.24,7900,0.00,0.00
2015-01-14,12.08,12.20,11.68,12.00,22375,0.00,0.00
2015-01-15,11.84,12.00,10.84,11.92,25375,0.00,0.00
2015-01-16,11.92,12.12,11.60,12.00,23400,0.00,0.00
2015-01-20,11.88,12.04,11.76,11.96,19825,0.00,0.00
2015-01-21,11.92,12.08,11.64,11.96,15600,0.00,0.00
2015-01-22,11.84,12.04,11.76,11.96,9475,0.00,0.00
2015-01-23,11.80,12.00,11.48,11.48,10825,0.00,0.00
2015-01-26,11.32,11.80,11.32,11.48,16775,0.00,0.00
2015-01-27,11.48,11.48,10.64,10.76,26850,0.00,0.00
2015-01-28,10.72,10.76,10.60,10.72,5725,0.00,0.00
2015-01-29,10.76,10.84,10.52,10.68,9100,0.00,0.00
2015-01-30,10.64,10.76,10.28,10.40,15600,0.00,0.00
2015-02-02,10.40,10.48,10.04,10.08,17350,0.00,0.00
2015-02-03,10.40,10.72,10.36,10.60,4475,0.00,0.00
2015-02-04,10.60,10.88,10.60,10.64,7675,0.00,0.00
2015-02-05,10.64,10.84,10.60,10.80,9150,0.00,0.00
2015-02-06,10.80,10.84,10.52,10.60,14825,0.00,0.00
2015-02-09,10.36,10.80,10.36,10.76,8975,0.00,0.00
2015-02-10,10.68,10.92,10.64,10.88,7675,0.00,0.00
2015-02-11,10.76,10.96,10.76,10.84,5575,0.00,0.00
2015-02-12,10.80,11.00,10.80,10.84,3075,0.00,0.00
2015-02-13,10.80,11.04,10.72,11.04,5075,0.00,0.00
2015-02-17,11.00,11.36,10.96,11.36,8350,0.00,0.00
2015-02-18,11.36,11.44,11.28,11.28,3625,0.00,0.00
2015-02-19,11.28,11.40,11.20,11.36,5750,0.00,0.00
2015-02-20,11.40,11.40,11.24,11.24,4100,0.00,0.00
2015-02-23,11.32,11.44,11.32,11.32,5725,0.00,0.00
2015-02-24,11.32,11.48,11.08,11.48,5550,0.00,0.00
2015-02-25,11.32,11.48,11.20,11.48,4300,0.00,0.00
2015-02-26,11.36,11.56,11.32,11.40,5350,0.00,0.00
2015-02-27,10.96,11.52,10.96,11.40,1300,0.00,0.00
2015-03-02,11.24,11.52,11.20,11.44,3550,0.00,0.00
2015-03-03,11.24,11.52,11.20,11.32,6650,0.00,0.00
2015-03-04,11.00,11.44,10.76,11.08,4050,0.00,0.00
2015-03-05,10.92,11.48,10.92,11.32,2050,0.00,0.00
2015-03-06,11.16,11.36,11.04,11.20,4050,0.00,0.00
2015-03-09,10.84,11.00,10.48,10.84,12375,0.00,0.00
2015-03-10,11.16,11.16,10.68,10.96,5050,0.00,0.00
2015-03-11,10.88,11.24,10.84,11.08,10700,0.00,0.00
2015-03-12,11.08,11.36,11.00,11.24,8900,0.00,0.00
2015-03-13,11.12,11.12,9.96,10.20,25450,0.00,0.00
2015-03-16,10.12,10.36,9.88,9.96,9825,0.00,0.00
2015-03-17,10.00,10.32,9.32,10.04,29425,0.00,0.00
2015-03-18,10.00,10.60,9.92,10.52,5900,0.00,0.00
2015-03-19,10.44,10.72,10.20,10.60,13500,0.00,0.00
2015-03-20,10.56,11.04,10.40,10.60,21850,0.00,0.00
2015-03-23,10.44,10.80,10.44,10.64,8075,0.00,0.00
2015-03-24,10.80,10.84,10.44,10.52,9300,0.00,0.00
2015-03-25,10.44,10.60,10.32,10.52,5400,0.00,0.00
2015-03-26,10.48,10.68,10.28,10.28,9300,0.00,0.00
2015-03-27,10.20,10.68,10.20,10.56,2450,0.00,0.00
2015-03-30,10.40,10.80,10.40,10.80,8525,0.00,0.00
2015-03-31,10.64,10.80,10.44,10.60,19825,0.00,0.00
2015-04-01,10.52,10.76,10.16,10.76,3700,0.00,0.00
2015-04-02,10.80,10.80,10.48,10.56,8150,0.00,0.00
2015-04-06,10.08,10.68,10.08,10.56,10750,0.00,0.00
2015-04-07,10.52,10.80,10.20,10.68,18175,0.00,0.00
2015-04-08,10.40,10.92,10.40,10.80,10550,0.00,0.00
2015-04-09,10.80,10.80,10.64,10.72,15725,0.00,0.00
2015-04-10,10.76,10.76,10.52,10.56,10625,0.00,0.00
2015-04-13,10.48,10.68,10.48,10.56,8375,0.00,0.00
2015-04-14,10.48,10.68,10.36,10.36,14325,0.00,0.00
2015-04-15,10.40,10.56,10.36,10.44,3975,0.00,0.00
2015-04-16,10.44,10.56,10.36,10.48,10925,0.00,0.00
2015-04-17,10.44,10.48,10.32,10.32,5775,0.00,0.00
2015-04-20,10.16,10.44,10.16,10.28,5425,0.00,0.00
2015-04-21,10.36,10.40,10.28,10.32,725,0.00,0.00
2015-04-22,10.28,10.40,10.24,10.40,3200,0.00,0.00
2015-04-23,10.28,10.36,10.16,10.32,4350,0.00,0.00
2015-04-24,10.40,10.40,10.12,10.20,3075,0.00,0.00
2015-04-27,10.08,10.48,9.88,10.28,5175,0.00,0.00
2015-04-28,10.16,10.52,10.16,10.52,11050,0.00,0.00
2015-04-29,10.56,10.56,10.48,10.56,275,0.00,0.00
2015-04-30,10.64,10.76,10.20,10.24,9800,0.00,0.00
2015-05-01,10.24,10.32,8.68,9.36,45200,0.00,0.00
2015-05-04,9.28,9.36,8.72,9.00,92775,0.00,0.00
2015-05-05,9.00,9.08,8.36,8.36,46725,0.00,0.00
2015-05-06,8.68,8.68,8.00,8.04,52900,0.00,0.00
2015-05-07,7.84,8.32,7.24,7.32,83575,0.00,0.00
2015-05-08,7.32,7.44,6.40,7.40,148450,0.00,0.00
2015-05-11,7.32,8.00,7.32,7.60,29900,0.00,0.00
2015-05-12,7.76,7.76,7.44,7.60,8100,0.00,0.00
2015-05-13,7.40,8.20,7.40,8.20,22950,0.00,0.00
2015-05-14,8.20,8.48,8.20,8.48,10775,0.00,0.00
2015-05-15,8.56,8.80,8.16,8.80,8125,0.00,0.00
2015-05-18,8.24,8.56,8.24,8.52,6075,0.00,0.00
2015-05-19,8.76,8.80,8.24,8.60,24425,0.00,0.00
2015-05-20,8.52,8.88,8.48,8.88,13200,0.00,0.00
2015-05-21,8.80,8.84,8.64,8.80,2000,0.00,0.00
2015-05-22,8.88,8.88,8.24,8.72,15350,0.00,0.00
2015-05-26,8.60,8.60,8.24,8.40,10925,0.00,0.00
2015-05-27,8.28,8.44,8.20,8.32,19325,0.00,0.00
2015-05-28,8.32,8.40,7.92,8.20,5050,0.00,0.00
2015-05-29,8.08,8.44,8.04,8.44,31025,0.00,0.00
2015-06-01,8.36,8.40,8.00,8.04,4675,0.00,0.00
2015-06-02,8.08,8.08,8.00,8.04,6400,0.00,0.00
2015-06-03,8.00,8.16,8.00,8.16,18650,0.00,0.00
2015-06-04,8.04,8.16,7.96,8.16,14350,0.00,0.00
2015-06-05,6.60,8.32,6.60,8.00,67100,0.00,0.00
2015-06-08,7.60,8.00,7.52,7.80,18225,0.00,0.00
2015-06-09,7.88,8.00,7.68,8.00,8250,0.00,0.00
2015-06-10,8.04,8.04,7.72,7.76,11575,0.00,0.00
2015-06-11,7.96,8.00,7.92,8.00,9525,0.00,0.00
2015-06-12,7.80,8.08,7.80,7.92,27475,0.00,0.00
2015-06-15,7.88,8.00,7.44,7.80,18100,0.00,0.00
2015-06-16,7.88,8.00,7.80,7.96,8075,0.00,0.00
2015-06-17,7.88,8.32,7.88,7.96,17025,0.00,0.00
2015-06-18,7.88,8.20,7.88,7.92,15850,0.00,0.00
2015-06-19,7.48,8.08,7.48,7.96,8725,0.00,0.00
2015-06-22,8.48,8.48,8.08,8.36,16875,0.00,0.00
2015-06-23,8.32,8.40,8.12,8.36,15300,0.00,0.00
2015-06-24,8.20,8.40,8.20,8.36,9350,0.00,0.00
2015-06-25,8.20,8.36,8.08,8.16,2600,0.00,0.00
2015-06-26,8.16,8.16,7.84,7.96,14275,0.00,0.00
2015-06-29,7.80,7.92,7.76,7.84,9175,0.00,0.00
2015-06-30,7.92,8.08,7.92,7.96,4275,0.00,0.00
2015-07-01,7.88,8.00,7.68,8.00,1725,0.00,0.00
2015-07-02,7.92,8.00,7.84,7.88,5500,0.00,0.00
2015-07-06,7.84,7.84,7.68,7.80,4900,0.00,0.00
2015-07-07,7.56,7.60,7.00,7.12,24125,0.00,0.00
2015-07-08,6.96,7.88,6.64,7.28,33650,0.00,0.00
2015-07-09,7.32,7.76,7.32,7.56,10075,0.00,0.00
2015-07-10,7.72,7.84,7.72,7.72,9400,0.00,0.00
2015-07-13,7.80,7.92,7.64,7.76,5100,0.00,0.00
2015-07-14,7.80,7.92,7.76,7.88,8425,0.00,0.00
2015-07-15,7.68,7.92,7.68,7.88,3500,0.00,0.00
2015-07-16,7.88,7.88,7.72,7.72,3725,0.00,0.00
2015-07-17,7.72,7.80,7.52,7.64,12275,0.00,0.00
2015-07-20,7.48,7.64,7.32,7.48,3025,0.00,0.00
2015-07-21,7.44,7.84,7.40,7.64,2550,0.00,0.00
2015-07-22,7.48,7.68,7.48,7.60,2225,0.00,0.00
2015-07-23,7.72,7.88,7.64,7.80,1500,0.00,0.00
2015-07-24,7.44,7.88,7.44,7.84,1100,0.00,0.00
2015-07-27,7.60,7.84,7.60,7.76,1125,0.00,0.00
2015-07-28,7.32,7.88,7.32,7.88,5100,0.00,0.00
2015-07-29,7.88,7.88,7.48,7.84,1450,0.00,0.00
2015-07-30,7.24,7.88,7.24,7.84,4275,0.00,0.00
2015-07-31,7.64,7.88,7.64,7.80,1275,0.00,0.00
2015-08-03,7.52,7.80,7.52,7.76,2325,0.00,0.00
2015-08-04,7.36,7.88,7.36,7.88,1275,0.00,0.00
2015-08-05,7.72,7.92,7.36,7.68,1900,0.00,0.00
2015-08-06,7.48,7.88,7.48,7.76,11200,0.00,0.00
2015-08-07,7.64,8.80,7.64,8.32,48450,0.00,0.00
2015-08-10,8.52,8.52,7.88,7.96,21700,0.00,0.00
2015-08-11,7.92,8.36,7.92,8.08,14875,0.00,0.00
2015-08-12,7.92,8.32,7.92,8.04,43150,0.00,0.00
2015-08-13,7.92,8.24,7.84,8.04,56300,0.00,0.00
2015-08-14,7.80,8.28,7.80,7.80,31125,0.00,0.00
2015-08-17,7.80,8.28,7.80,8.00,12950,0.00,0.00
2015-08-18,8.36,9.08,7.80,8.00,73150,0.00,0.00
2015-08-19,7.92,8.12,7.80,7.92,9550,0.00,0.00
2015-08-20,7.80,7.96,7.28,7.28,14025,0.00,0.00
2015-08-21,7.40,7.60,7.20,7.20,6675,0.00,0.00
2015-08-24,6.84,7.16,6.68,7.16,10700,0.00,0.00
2015-08-25,6.96,7.48,6.96,7.40,6450,0.00,0.00
2015-08-26,7.16,7.52,7.04,7.36,6425,0.00,0.00
2015-08-27,7.04,7.80,7.04,7.72,5975,0.00,0.00
2015-08-28,7.76,7.84,7.64,7.68,6725,0.00,0.00
2015-08-31,7.80,8.20,7.76,8.04,32400,0.00,0.00
2015-09-01,8.08,8.32,8.04,8.04,11900,0.00,0.00
2015-09-02,8.04,8.08,7.88,7.92,7425,0.00,0.00
2015-09-03,7.84,8.00,7.72,7.88,7975,0.00,0.00
2015-09-04,7.76,8.12,7.76,7.88,3725,0.00,0.00
2015-09-08,7.92,8.16,7.92,8.00,5375,0.00,0.00
2015-09-09,8.16,8.92,7.80,8.08,112975,0.00,0.00
2015-09-10,7.96,8.32,7.96,8.24,14525,0.00,0.00
2015-09-11,8.20,8.56,8.20,8.56,28475,0.00,0.00
2015-09-14,8.64,8.80,8.28,8.80,10825,0.00,0.00
2015-09-15,8.72,8.80,8.48,8.80,10375,0.00,0.00
2015-09-16,8.72,8.92,8.64,8.88,7175,0.00,0.00
2015-09-17,8.92,9.16,8.84,9.08,32750,0.00,0.00
2015-09-18,9.12,9.28,8.96,8.96,42825,0.00,0.00
2015-09-21,8.96,9.12,8.52,8.80,23150,0.00,0.00
2015-09-22,8.80,8.88,8.52,8.52,6425,0.00,0.00
2015-09-23,8.56,8.76,8.40,8.40,4550,0.00,0.00
2015-09-24,8.32,8.76,8.20,8.68,14775,0.00,0.00
2015-09-25,8.72,8.72,8.40,8.44,6800,0.00,0.00
2015-09-28,8.24,8.92,8.08,8.80,34525,0.00,0.00
2015-09-29,8.80,9.08,8.44,8.88,49375,0.00,0.00
2015-09-30,9.08,9.92,9.00,9.72,89825,0.00,0.00
2015-10-01,9.60,9.92,9.56,9.60,16025,0.00,0.00
2015-10-02,9.64,9.72,9.44,9.44,21950,0.00,0.00
2015-10-05,9.44,9.84,9.44,9.64,22875,0.00,0.00
2015-10-06,9.68,9.92,9.56,9.56,19300,0.00,0.00
2015-10-07,9.68,9.72,9.52,9.52,4000,0.00,0.00
2015-10-08,9.64,9.80,9.48,9.80,6225,0.00,0.00
2015-10-09,9.76,9.80,9.60,9.76,1300,0.00,0.00
2015-10-12,9.60,9.80,9.44,9.44,5900,0.00,0.00
2015-10-13,9.48,9.48,9.16,9.28,9725,0.00,0.00
2015-10-14,9.20,9.32,8.96,9.16,12100,0.00,0.00
2015-10-15,9.00,9.40,9.00,9.36,10175,0.00,0.00
2015-10-16,9.00,9.32,9.00,9.16,7450,0.00,0.00
2015-10-19,9.16,9.24,9.12,9.12,9375,0.00,0.00
2015-10-20,9.00,9.24,9.00,9.12,3700,0.00,0.00
2015-10-21,9.28,9.28,9.00,9.04,2375,0.00,0.00
2015-10-22,8.96,9.12,8.96,9.12,2975,0.00,0.00
2015-10-23,9.12,9.20,8.92,9.20,5150,0.00,0.00
2015-10-26,9.16,9.28,8.84,9.00,5775,0.00,0.00
2015-10-27,8.88,9.08,8.80,8.88,9125,0.00,0.00
2015-10-28,8.92,8.96,8.60,8.84,9700,0.00,0.00
2015-10-29,8.72,9.00,8.24,8.72,15825,0.00,0.00
2015-10-30,9.08,9.08,8.72,8.76,15325,0.00,0.00
2015-11-02,8.72,8.76,8.48,8.68,5175,0.00,0.00
2015-11-03,8.72,8.84,8.56,8.80,4675,0.00,0.00
2015-11-04,8.80,9.20,8.80,9.04,7500,0.00,0.00
2015-11-05,9.32,10.32,9.32,10.16,58400,0.00,0.00
2015-11-06,10.28,10.32,10.00,10.28,18925,0.00,0.00
2015-11-09,8.96,10.08,8.88,10.00,11350,0.00,0.00
2015-11-10,9.88,10.24,9.80,10.24,8325,0.00,0.00
2015-11-11,9.96,10.40,9.96,10.08,10550,0.00,0.00
2015-11-12,9.92,10.12,9.88,9.88,7700,0.00,0.00
2015-11-13,9.80,10.08,9.80,10.04,3000,0.00,0.00
2015-11-16,9.92,9.92,9.52,9.52,3425,0.00,0.00
2015-11-17,9.80,10.16,9.80,9.84,3100,0.00,0.00
2015-11-18,9.72,10.16,9.72,10.08,6000,0.00,0.00
2015-11-19,10.00,10.16,9.84,9.84,1875,0.00,0.00
2015-11-20,9.84,10.16,9.64,9.80,6950,0.00,0.00
2015-11-23,9.72,10.20,9.60,10.12,2950,0.00,0.00
2015-11-24,10.00,10.16,9.76,10.12,4200,0.00,0.00
2015-11-25,10.00,10.12,9.84,9.84,1525,0.00,0.00
2015-11-27,9.80,9.80,9.60,9.72,900,0.00,0.00
2015-11-30,9.80,9.92,9.60,9.68,1575,0.00,0.00
2015-12-01,9.60,9.88,9.60,9.68,4950,0.00,0.00
2015-12-02,9.56,9.84,9.52,9.84,2850,0.00,0.00
2015-12-03,9.64,9.84,9.56,9.56,3775,0.00,0.00
2015-12-04,9.60,9.68,9.60,9.60,1650,0.00,0.00
2015-12-07,9.52,9.56,9.00,9.00,1900,0.00,0.00
2015-12-08,8.92,9.12,8.88,8.88,5575,0.00,0.00
2015-12-09,9.04,9.20,8.88,8.88,4900,0.00,0.00
2015-12-10,8.84,9.08,8.48,8.60,9050,0.00,0.00
2015-12-11,9.88,10.00,8.36,8.92,51475,0.00,0.00
2015-12-14,8.80,9.64,8.80,9.08,6900,0.00,0.00
2015-12-15,10.64,11.68,9.60,10.84,441725,0.00,0.00
2015-12-16,10.92,11.16,9.80,10.40,100550,0.00,0.00
2015-12-17,10.64,10.64,10.16,10.20,17450,0.00,0.00
2015-12-18,10.04,10.40,10.04,10.20,7575,0.00,0.00
2015-12-21,10.04,10.04,7.76,9.64,56775,0.00,0.00
2015-12-22,9.40,9.92,9.28,9.92,17900,0.00,0.00
2015-12-23,9.68,10.00,9.52,9.76,4300,0.00,0.00
2015-12-24,9.72,10.00,9.72,9.92,900,0.00,0.00
2015-12-28,9.72,10.00,9.68,9.84,3475,0.00,0.00
2015-12-29,9.72,10.00,9.72,9.84,4475,0.00,0.00
2015-12-30,9.96,10.04,9.96,9.96,8725,0.00,0.00
2015-12-31,9.84,10.00,9.68,9.92,4075,0.00,0.00
2016-01-04,9.60,9.92,9.12,9.60,4775,0.00,0.00
2016-01-05,9.52,9.84,9.40,9.80,3450,0.00,0.00
2016-01-06,9.88,9.96,9.72,9.72,5450,0.00,0.00
2016-01-07,9.44,9.44,9.24,9.28,7400,0.00,0.00
2016-01-08,9.48,9.48,9.04,9.08,5125,0.00,0.00
2016-01-11,9.04,9.24,8.44,8.60,12450,0.00,0.00
2016-01-12,8.60,9.00,8.56,8.92,14750,0.00,0.00
2016-01-13,9.04,9.16,8.48,8.88,13225,0.00,0.00
2016-01-14,9.04,9.16,8.48,9.08,11400,0.00,0.00
2016-01-15,9.08,9.20,8.48,8.96,9125,0.00,0.00
2016-01-19,8.76,9.12,8.44,8.72,11200,0.00,0.00
2016-01-20,8.40,8.84,8.00,8.32,14350,0.00,0.00
2016-01-21,8.40,8.48,8.28,8.28,5525,0.00,0.00
2016-01-22,8.52,8.76,8.24,8.68,13850,0.00,0.00
2016-01-25,8.68,8.88,8.32,8.52,4350,0.00,0.00
2016-01-26,8.72,8.76,8.68,8.68,3025,0.00,0.00
2016-01-27,8.80,8.80,8.28,8.28,4950,0.00,0.00
2016-01-28,8.56,8.80,8.56,8.76,4025,0.00,0.00
2016-01-29,8.72,9.44,8.72,8.96,6475,0.00,0.00
2016-02-01,8.96,9.00,8.80,8.80,8450,0.00,0.00
2016-02-02,8.60,8.84,8.48,8.64,12225,0.00,0.00
2016-02-03,8.28,8.76,8.28,8.68,5950,0.00,0.00
2016-02-04,8.60,8.84,8.40,8.72,8450,0.00,0.00
2016-02-05,8.64,8.88,8.36,8.52,8975,0.00,0.00
2016-02-08,8.36,8.40,8.12,8.20,3325,0.00,0.00
2016-02-09,8.12,8.28,7.76,8.20,5825,0.00,0.00
2016-02-10,8.16,8.28,7.92,8.16,2675,0.00,0.00
2016-02-11,8.44,8.44,7.96,8.16,7925,0.00,0.00
2016-02-12,8.16,8.36,8.12,8.24,2200,0.00,0.00
2016-02-16,8.28,8.48,7.88,8.24,1975,0.00,0.00
2016-02-17,8.52,8.68,8.48,8.52,2475,0.00,0.00
2016-02-18,8.68,8.76,8.64,8.64,475,0.00,0.00
2016-02-19,8.44,8.72,8.32,8.32,13875,0.00,0.00
2016-02-22,8.48,8.92,8.48,8.56,9400,0.00,0.00
2016-02-23,8.36,8.48,8.20,8.36,4925,0.00,0.00
2016-02-24,8.08,8.44,8.00,8.36,1850,0.00,0.00
2016-02-25,8.00,8.60,8.00,8.40,2650,0.00,0.00
2016-02-26,8.56,8.72,8.44,8.56,5225,0.00,0.00
2016-02-29,8.52,8.80,8.52,8.64,6025,0.00,0.00
2016-03-01,8.88,9.04,8.68,8.68,2325,0.00,0.00
2016-03-02,8.72,8.88,8.36,8.76,13300,0.00,0.00
2016-03-03,8.88,8.92,8.56,8.68,14375,0.00,0.00
2016-03-04,8.76,8.96,8.76,8.84,6725,0.00,0.00
2016-03-07,8.92,9.04,8.92,8.96,2150,0.00,0.00
2016-03-08,9.04,9.04,8.64,8.64,2375,0.00,0.00
2016-03-09,8.84,8.96,8.84,8.92,3600,0.00,0.00
2016-03-10,8.96,8.96,8.64,8.64,2500,0.00,0.00
2016-03-11,8.84,8.96,8.56,8.96,5050,0.00,0.00
2016-03-14,8.92,9.08,8.40,8.40,2025,0.00,0.00
2016-03-15,8.72,9.00,8.64,8.80,3175,0.00,0.00
2016-03-16,8.44,8.92,8.08,8.72,11875,0.00,0.00
2016-03-17,8.64,8.92,7.20,8.00,285900,0.00,0.00
2016-03-18,7.96,8.36,7.96,8.00,16950,0.00,0.00
2016-03-21,8.00,8.32,8.00,8.00,6825,0.00,0.00
2016-03-22,8.20,8.20,7.64,7.64,725,0.00,0.00
2016-03-23,7.64,8.08,7.64,7.96,10150,0.00,0.00
2016-03-24,7.92,8.00,7.60,7.60,14725,0.00,0.00
2016-03-28,7.56,7.80,7.32,7.52,32275,0.00,0.00
2016-03-29,7.76,7.80,7.60,7.60,8750,0.00,0.00
2016-03-30,7.84,7.84,7.52,7.64,22725,0.00,0.00
2016-03-31,7.68,7.76,7.36,7.36,10350,0.00,0.00
2016-04-01,7.28,7.60,7.24,7.24,15500,0.00,0.00
2016-04-04,7.32,7.60,7.32,7.32,9150,0.00,0.00
2016-04-05,8.00,8.00,7.52,7.80,4650,0.00,0.00
2016-04-06,7.84,8.16,7.68,8.16,4350,0.00,0.00
2016-04-07,8.24,8.24,7.52,7.88,13725,0.00,0.00
2016-04-08,7.84,7.84,7.56,7.60,6775,0.00,0.00
2016-04-11,7.68,7.92,7.52,7.92,15400,0.00,0.00
2016-04-12,7.84,7.84,7.40,7.44,29325,0.00,0.00
2016-04-13,7.40,7.60,7.32,7.60,15525,0.00,0.00
2016-04-14,7.56,7.56,6.92,7.24,62950,0.00,0.00
2016-04-15,7.24,7.28,6.36,7.28,197125,0.00,0.00
2016-04-18,7.28,7.32,7.04,7.32,23300,0.00,0.00
2016-04-19,7.40,7.60,7.08,7.16,18625,0.00,0.00
2016-04-20,7.36,7.40,7.20,7.40,9075,0.00,0.00
2016-04-21,7.36,7.64,7.36,7.56,11200,0.00,0.00
2016-04-22,7.52,7.56,6.96,7.48,9800,0.00,0.00
2016-04-25,7.48,7.60,7.44,7.60,17100,0.00,0.00
2016-04-26,7.60,7.68,7.52,7.68,11675,0.00,0.00
2016-04-27,7.48,7.96,7.48,7.84,13950,0.00,0.00
2016-04-28,7.76,8.12,7.76,7.96,11325,0.00,0.00
2016-04-29,7.96,8.20,7.84,8.20,11425,0.00,0.00
2016-05-02,8.16,8.40,7.56,8.08,51325,0.00,0.00
2016-05-03,7.92,8.20,7.56,7.80,22800,0.00,0.00
2016-05-04,7.64,8.08,7.64,8.00,10325,0.00,0.00
2016-05-05,8.00,8.20,8.00,8.12,11550,0.00,0.00
2016-05-06,8.00,8.36,7.08,8.36,18425,0.00,0.00
2016-05-09,8.20,8.32,8.08,8.20,11525,0.00,0.00
2016-05-10,8.16,8.32,8.12,8.20,11600,0.00,0.00
2016-05-11,8.28,8.28,7.76,8.12,19425,0.00,0.00
2016-05-12,8.16,8.20,7.80,7.96,21350,0.00,0.00
2016-05-13,8.12,8.20,8.00,8.20,20850,0.00,0.00
2016-05-16,7.96,8.12,7.68,8.00,12600,0.00,0.00
2016-05-17,8.00,8.08,7.84,7.96,12075,0.00,0.00
2016-05-18,7.92,8.28,7.76,7.92,16675,0.00,0.00
2016-05-19,7.92,8.04,7.68,8.04,35575,0.00,0.00
2016-05-20,7.96,8.04,7.84,8.00,6925,0.00,0.00
2016-05-23,7.92,8.04,7.76,7.88,15350,0.00,0.00
2016-05-24,7.96,8.16,7.68,8.16,16100,0.00,0.00
2016-05-25,8.20,8.20,7.72,8.00,16900,0.00,0.00
2016-05-26,8.04,8.20,7.64,8.12,17600,0.00,0.00
2016-05-27,8.20,8.20,7.92,8.08,26950,0.00,0.00
2016-05-31,8.04,8.16,7.88,8.04,21225,0.00,0.00
2016-06-01,8.00,8.04,7.88,8.04,14175,0.00,0.00
2016-06-02,8.00,8.04,7.76,8.04,18950,0.00,0.00
2016-06-03,7.96,8.04,7.68,8.00,31950,0.00,0.00
2016-06-06,8.00,8.04,7.84,8.00,9725,0.00,0.00
2016-06-07,7.92,8.04,7.88,8.04,14500,0.00,0.00
2016-06-08,8.04,8.04,7.84,7.96,16000,0.00,0.00
2016-06-09,7.88,8.04,7.80,8.00,11000,0.00,0.00
2016-06-10,7.88,8.12,7.80,7.96,16900,0.00,0.00
2016-06-13,7.84,8.08,7.80,8.00,13350,0.00,0.00
2016-06-14,7.96,7.96,7.68,7.88,3050,0.00,0.00
2016-06-15,7.96,7.96,7.80,7.84,11950,0.00,0.00
2016-06-16,7.80,8.00,7.72,8.00,6425,0.00,0.00
2016-06-17,7.92,7.96,7.64,7.92,2750,0.00,0.00
2016-06-20,7.92,7.92,7.60,7.80,10075,0.00,0.00
2016-06-21,7.84,7.84,7.60,7.80,13725,0.00,0.00
2016-06-22,7.72,7.80,7.60,7.80,6400,0.00,0.00
2016-06-23,7.76,7.96,7.76,7.92,1850,0.00,0.00
2016-06-24,7.44,7.80,7.40,7.80,21400,0.00,0.00
2016-06-27,7.68,7.80,7.56,7.68,5825,0.00,0.00
2016-06-28,7.72,7.84,7.60,7.84,5650,0.00,0.00
2016-06-29,7.84,7.88,7.64,7.76,1925,0.00,0.00
2016-06-30,7.88,7.92,7.64,7.68,12775,0.00,0.00
2016-07-01,7.76,7.88,7.72,7.84,3600,0.00,0.00
2016-07-05,7.96,8.00,7.80,7.88,18425,0.00,0.00
2016-07-06,7.88,7.96,7.72,7.96,4575,0.00,0.00
2016-07-07,7.92,7.96,7.80,7.96,1325,0.00,0.00
2016-07-08,7.88,7.92,7.84,7.92,2275,0.00,0.00
2016-07-11,7.88,7.92,7.76,7.92,2100,0.00,0.00
2016-07-12,7.88,7.92,7.76,7.84,1950,0.00,0.00
2016-07-13,7.76,7.84,6.92,7.08,24825,0.00,0.00
2016-07-14,7.12,7.60,7.12,7.24,5175,0.00,0.00
2016-07-15,7.60,7.64,7.24,7.24,7675,0.00,0.00
2016-07-18,7.24,7.48,6.64,7.08,23275,0.00,0.00
2016-07-19,7.20,7.80,7.20,7.44,5300,0.00,0.00
2016-07-20,7.56,8.48,7.56,7.72,38500,0.00,0.00
2016-07-21,7.60,7.96,7.60,7.80,3175,0.00,0.00
2016-07-22,7.68,7.96,7.56,7.72,8975,0.00,0.00
2016-07-25,7.80,8.00,7.48,7.60,7325,0.00,0.00
2016-07-26,7.60,7.92,7.60,7.92,500,0.00,0.00
2016-07-27,7.80,7.92,7.32,7.72,5925,0.00,0.00
2016-07-28,7.60,7.92,7.52,7.52,3525,0.00,0.00
2016-07-29,7.76,7.76,7.60,7.60,5225,0.00,0.00
2016-08-01,7.80,7.88,7.32,7.60,7500,0.00,0.00
2016-08-02,7.76,7.76,7.56,7.72,2125,0.00,0.00
2016-08-03,7.60,7.72,7.56,7.68,2400,0.00,0.00
2016-08-04,7.56,7.76,7.52,7.56,6500,0.00,0.00
2016-08-05,7.52,7.68,7.28,7.68,2825,0.00,0.00
2016-08-08,7.52,7.76,7.52,7.72,6750,0.00,0.00
2016-08-09,7.60,7.88,7.60,7.76,7150,0.00,0.00
2016-08-10,7.68,7.92,7.56,7.80,5750,0.00,0.00
2016-08-11,7.72,7.96,7.64,7.92,19900,0.00,0.00
2016-08-12,8.32,8.48,7.80,8.24,48925,0.00,0.00
2016-08-15,8.24,8.44,8.00,8.20,32575,0.00,0.00
2016-08-16,8.32,8.32,8.00,8.32,15425,0.00,0.00
2016-08-17,8.24,8.40,8.20,8.28,24825,0.00,0.00
2016-08-18,8.16,8.48,8.00,8.40,37775,0.00,0.00
2016-08-19,8.32,8.60,8.28,8.32,43100,0.00,0.00
2016-08-22,8.32,8.40,8.00,8.12,24950,0.00,0.00
2016-08-23,8.16,8.36,8.16,8.28,15750,0.00,0.00
2016-08-24,8.28,8.40,8.16,8.16,20725,0.00,0.00
2016-08-25,8.00,8.36,8.00,8.28,9575,0.00,0.00
2016-08-26,8.16,8.36,8.16,8.36,10900,0.00,0.00
2016-08-29,8.16,8.48,8.16,8.28,14900,0.00,0.00
2016-08-30,8.16,8.52,8.16,8.44,10550,0.00,0.00
2016-08-31,8.52,8.52,8.36,8.48,12900,0.00,0.00
2016-09-01,8.36,8.56,8.20,8.40,23450,0.00,0.00
2016-09-02,8.32,8.52,8.08,8.36,19750,0.00,0.00
2016-09-06,8.32,8.56,8.28,8.52,10100,0.00,0.00
2016-09-07,8.60,8.60,8.24,8.48,6150,0.00,0.00
2016-09-08,8.56,8.56,8.32,8.48,8800,0.00,0.00
2016-09-09,8.32,8.48,8.24,8.28,4575,0.00,0.00
2016-09-12,8.32,8.36,8.04,8.24,6650,0.00,0.00
2016-09-13,8.08,8.24,8.00,8.12,2000,0.00,0.00
2016-09-14,8.00,8.20,7.84,7.88,23275,0.00,0.00
2016-09-15,7.84,8.08,7.84,8.00,4250,0.00,0.00
2016-09-16,8.16,8.16,7.84,8.08,11275,0.00,0.00
2016-09-19,8.20,8.20,7.60,7.96,3875,0.00,0.00
2016-09-20,7.72,8.00,7.64,7.80,5800,0.00,0.00
2016-09-21,7.88,8.00,7.68,7.84,6500,0.00,0.00
2016-09-22,7.84,8.04,7.80,7.92,4800,0.00,0.00
2016-09-23,8.00,8.04,7.84,7.88,2075,0.00,0.00
2016-09-26,7.88,8.04,7.60,7.92,12450,0.00,0.00
2016-09-27,7.84,8.00,7.84,7.88,6925,0.00,0.00
2016-09-28,7.80,8.08,7.80,7.96,7625,0.00,0.00
2016-09-29,8.08,8.28,7.96,8.20,28075,0.00,0.00
2016-09-30,8.24,8.36,8.04,8.28,46075,0.00,0.00
2016-10-03,8.16,8.40,8.16,8.28,10450,0.00,0.00
2016-10-04,8.20,8.40,8.20,8.40,1175,0.00,0.00
2016-10-05,8.44,8.44,8.20,8.32,7900,0.00,0.00
2016-10-06,8.28,8.40,8.24,8.40,11100,0.00,0.00
2016-10-07,8.40,8.40,8.24,8.24,925,0.00,0.00
2016-10-10,8.32,8.32,7.84,8.28,7075,0.00,0.00
2016-10-11,8.28,8.28,7.88,8.04,9325,0.00,0.00
2016-10-12,8.16,8.16,7.92,8.04,6425,0.00,0.00
2016-10-13,8.12,8.12,7.80,7.88,1925,0.00,0.00
2016-10-14,7.92,8.12,7.72,7.76,20075,0.00,0.00
2016-10-17,7.68,7.96,7.60,7.92,6550,0.00,0.00
2016-10-18,7.72,7.96,7.60,7.80,11975,0.00,0.00
2016-10-19,7.68,8.00,7.68,7.96,2700,0.00,0.00
2016-10-20,7.80,8.00,7.64,7.64,3525,0.00,0.00
2016-10-21,7.72,8.12,7.72,8.12,12300,0.00,0.00
2016-10-24,8.08,8.12,7.96,8.00,1125,0.00,0.00
2016-10-25,8.12,8.12,7.92,8.12,1425,0.00,0.00
2016-10-26,7.96,8.12,7.96,8.12,7850,0.00,0.00
2016-10-27,8.12,8.20,7.84,8.20,6550,0.00,0.00
2016-10-28,7.96,8.20,7.96,8.20,2275,0.00,0.00
2016-10-31,7.96,8.20,7.72,8.20,8325,0.00,0.00
2016-11-01,8.08,8.08,7.76,7.92,5075,0.00,0.00
2016-11-02,7.84,7.92,7.80,7.92,2475,0.00,0.00
2016-11-03,7.72,7.92,7.48,7.92,12650,0.00,0.00
2016-11-04,7.84,8.08,7.80,8.08,6225,0.00,0.00
2016-11-07,7.92,8.12,7.92,8.00,7450,0.00,0.00
2016-11-08,7.92,7.92,7.60,7.84,4625,0.00,0.00
2016-11-09,7.32,7.84,7.32,7.72,10000,0.00,0.00
2016-11-10,7.64,7.92,7.52,7.92,377000,0.00,0.00
2016-11-11,7.64,7.76,6.40,7.68,12100,0.00,0.00
2016-11-14,7.60,7.80,7.36,7.80,24100,0.00,0.00
2016-11-15,7.80,8.12,7.80,8.12,15075,0.00,0.00
2016-11-16,7.80,8.20,7.60,8.16,10650,0.00,0.00
2016-11-17,8.08,8.32,8.04,8.20,14325,0.00,0.00
2016-11-18,8.24,8.28,7.80,8.20,1975,0.00,0.00
2016-11-21,8.16,8.60,7.84,8.32,7075,0.00,0.00
2016-11-22,8.20,8.36,7.68,8.20,5200,0.00,0.00
2016-11-23,8.16,8.16,8.04,8.16,3600,0.00,0.00
2016-11-25,8.16,8.16,8.04,8.16,4350,0.00,0.00
2016-11-28,8.04,8.16,7.88,8.08,5125,0.00,0.00
2016-11-29,8.04,8.16,7.84,8.00,8925,0.00,0.00
2016-11-30,8.00,8.08,7.80,7.92,11900,0.00,0.00
2016-12-01,7.84,8.00,7.84,7.92,4550,0.00,0.00
2016-12-02,7.80,8.16,7.80,8.08,5050,0.00,0.00
2016-12-05,8.00,8.16,7.84,7.92,17150,0.00,0.00
2016-12-06,7.80,8.20,7.80,8.04,3550,0.00,0.00
2016-12-07,7.92,8.08,7.88,8.08,1150,0.00,0.00
2016-12-08,8.08,8.20,8.04,8.12,22525,0.00,0.00
2016-12-09,8.20,8.20,8.00,8.12,8625,0.00,0.00
2016-12-12,8.12,8.12,7.92,8.08,700,0.00,0.00
2016-12-13,8.00,8.04,7.96,8.04,7325,0.00,0.00
2016-12-14,7.96,8.00,7.96,8.00,3450,0.00,0.00
2016-12-15,8.00,8.00,7.64,7.84,8700,0.00,0.00
2016-12-16,7.76,8.00,7.72,7.96,3725,0.00,0.00
2016-12-19,8.00,8.00,7.52,7.96,12925,0.00,0.00
2016-12-20,7.64,7.96,7.64,7.84,5000,0.00,0.00
2016-12-21,7.84,8.00,7.68,7.88,4575,0.00,0.00
2016-12-22,8.00,8.00,7.84,7.88,5250,0.00,0.00
2016-12-23,7.76,8.00,7.76,7.88,6375,0.00,0.00
2016-12-27,8.00,8.00,7.80,7.88,20150,0.00,0.00
2016-12-28,7.76,7.96,7.64,7.80,7250,0.00,0.00
2016-12-29,7.76,7.96,7.64,7.88,4550,0.00,0.00
2016-12-30,7.60,8.00,7.52,8.00,14675,0.00,0.00
2017-01-03,7.92,7.96,7.80,7.80,2575,0.00,0.00
2017-01-04,7.80,8.00,7.80,8.00,2000,0.00,0.00
2017-01-05,7.96,8.04,7.76,8.04,2175,0.00,0.00
2017-01-06,8.00,8.00,7.68,7.80,9550,0.00,0.00
2017-01-09,7.80,7.96,7.80,7.92,5950,0.00,0.00
2017-01-10,7.64,8.00,7.52,7.84,17250,0.00,0.00
2017-01-11,7.92,7.92,7.68,7.92,4075,0.00,0.00
2017-01-12,7.80,7.92,7.56,7.64,375,0.00,0.00
2017-01-13,7.72,7.88,7.68,7.88,4025,0.00,0.00
2017-01-17,7.88,7.96,7.56,7.64,6500,0.00,0.00
2017-01-18,7.80,7.88,7.64,7.88,1775,0.00,0.00
2017-01-19,7.84,7.84,7.20,7.84,37200,0.00,0.00
2017-01-20,7.64,7.84,7.48,7.60,3600,0.00,0.00
2017-01-23,7.52,7.72,7.36,7.44,2350,0.00,0.00
2017-01-24,7.32,7.72,6.84,7.16,50925,0.00,0.00
2017-01-25,7.00,7.20,7.00,7.04,525,0.00,0.00
2017-01-26,6.92,7.20,6.64,6.92,23825,0.00,0.00
2017-01-27,6.96,7.12,6.92,7.12,3050,0.00,0.00
2017-01-30,7.00,7.36,6.84,6.84,7850,0.00,0.00
2017-01-31,6.88,7.36,6.84,7.36,9900,0.00,0.00
2017-02-01,7.28,7.32,7.04,7.04,5275,0.00,0.00
2017-02-02,7.04,7.12,6.84,6.84,4000,0.00,0.00
2017-02-03,7.04,7.20,7.00,7.12,10625,0.00,0.00
2017-02-06,7.08,7.40,6.84,7.20,4175,0.00,0.00
2017-02-07,7.16,7.20,6.92,7.00,1725,0.00,0.00
2017-02-08,7.00,7.36,6.88,7.20,6525,0.00,0.00
2017-02-09,7.12,7.40,7.04,7.20,8675,0.00,0.00
2017-02-10,7.08,7.28,7.08,7.12,5300,0.00,0.00
2017-02-13,7.08,7.12,6.92,7.12,3225,0.00,0.00
2017-02-14,7.00,7.00,6.84,6.92,3700,0.00,0.00
2017-02-15,6.88,7.12,6.80,6.92,6700,0.00,0.00
2017-02-16,6.92,6.92,6.80,6.84,4350,0.00,0.00
2017-02-17,6.80,7.16,6.64,7.16,11300,0.00,0.00
2017-02-21,7.00,7.12,6.92,6.92,3750,0.00,0.00
2017-02-22,7.00,7.08,6.88,6.92,4825,0.00,0.00
2017-02-23,6.92,7.36,6.80,6.84,20425,0.00,0.00
2017-02-24,7.00,7.20,6.88,7.20,1775,0.00,0.00
2017-02-27,6.92,7.00,6.72,6.76,5750,0.00,0.00
2017-02-28,6.96,7.04,6.76,6.80,9700,0.00,0.00
2017-03-01,6.76,7.16,6.76,6.88,6050,0.00,0.00
2017-03-02,6.92,7.16,6.92,7.08,5125,0.00,0.00
2017-03-03,7.08,7.32,7.08,7.32,2200,0.00,0.00
2017-03-06,7.36,7.48,7.32,7.40,2050,0.00,0.00
2017-03-07,7.52,7.52,7.28,7.32,975,0.00,0.00
2017-03-08,7.36,7.36,6.92,6.92,5350,0.00,0.00
2017-03-09,7.00,7.32,6.96,7.20,14325,0.00,0.00
2017-03-10,7.00,7.64,7.00,7.24,17800,0.00,0.00
2017-03-13,7.36,7.52,7.16,7.48,4300,0.00,0.00
2017-03-14,7.40,7.60,7.40,7.48,300,0.00,0.00
2017-03-15,7.40,7.40,6.88,7.20,20200,0.00,0.00
2017-03-16,7.20,7.56,7.16,7.20,1975,0.00,0.00
2017-03-17,7.36,7.60,7.00,7.56,17975,0.00,0.00
2017-03-20,7.60,7.60,7.44,7.60,11500,0.00,0.00
2017-03-21,7.56,7.64,7.56,7.60,1875,0.00,0.00
2017-03-22,7.68,7.68,7.48,7.48,14075,0.00,0.00
2017-03-23,7.64,7.68,7.52,7.52,3925,0.00,0.00
2017-03-24,7.48,7.60,7.48,7.56,3950,0.00,0.00
2017-03-27,7.56,7.60,7.24,7.24,6800,0.00,0.00
2017-03-28,7.20,7.64,7.20,7.48,7350,0.00,0.00
2017-03-29,7.52,7.64,7.48,7.56,4675,0.00,0.00
2017-03-30,7.60,7.64,7.44,7.56,7950,0.00,0.00
2017-03-31,8.00,9.60,7.76,7.84,156200,0.00,0.00
2017-04-03,7.96,8.16,7.60,7.72,23075,0.00,0.00
2017-04-04,7.72,8.00,7.64,7.80,8550,0.00,0.00
2017-04-05,7.84,7.92,7.76,7.80,8450,0.00,0.00
2017-04-06,7.76,7.96,7.76,7.88,11475,0.00,0.00
2017-04-07,7.76,7.96,7.76,7.92,2850,0.00,0.00
2017-04-10,7.96,7.96,7.72,7.96,5200,0.00,0.00
2017-04-11,8.04,8.04,7.84,7.96,12725,0.00,0.00
2017-04-12,7.92,7.96,7.84,7.84,1550,0.00,0.00
2017-04-13,7.96,8.04,7.96,8.00,17900,0.00,0.00
2017-04-17,8.00,8.04,7.88,8.04,6100,0.00,0.00
2017-04-18,8.00,8.04,7.92,7.92,2175,0.00,0.00
2017-04-19,7.96,8.04,7.68,8.04,6325,0.00,0.00
2017-04-20,8.04,8.04,7.84,8.00,2150,0.00,0.00
2017-04-21,7.92,8.00,7.92,8.00,2000,0.00,0.00
2017-04-24,8.00,8.00,7.84,7.96,2200,0.00,0.00
2017-04-25,7.92,8.00,7.88,8.00,8600,0.00,0.00
2017-04-26,8.00,8.00,7.88,8.00,9225,0.00,0.00
2017-04-27,7.96,8.04,7.92,7.96,3550,0.00,0.00
2017-04-28,7.84,8.12,7.76,8.12,17750,0.00,0.00
2017-05-01,8.12,8.20,8.04,8.08,5225,0.00,0.00
2017-05-02,8.20,8.32,8.00,8.28,28925,0.00,0.00
2017-05-03,8.32,8.52,8.28,8.40,37950,0.00,0.00
2017-05-04,8.52,8.52,8.36,8.48,17175,0.00,0.00
2017-05-05,8.52,8.52,8.40,8.48,22675,0.00,0.00
2017-05-08,8.52,8.52,8.40,8.48,16900,0.00,0.00
2017-05-09,8.52,8.52,8.32,8.48,20350,0.00,0.00
2017-05-10,8.52,8.52,8.40,8.48,8400,0.00,0.00
2017-05-11,8.36,8.60,8.36,8.48,20000,0.00,0.00
2017-05-12,8.56,8.60,8.48,8.56,18550,0.00,0.00
2017-05-15,8.56,8.60,8.04,8.40,25550,0.00,0.00
2017-05-16,8.40,8.56,8.16,8.56,12275,0.00,0.00
2017-05-17,8.56,8.56,8.44,8.52,8725,0.00,0.00
2017-05-18,8.32,8.52,8.08,8.36,7700,0.00,0.00
2017-05-19,8.40,8.56,8.28,8.56,8950,0.00,0.00
2017-05-22,8.56,8.56,8.28,8.32,13675,0.00,0.00
2017-05-23,8.44,8.56,8.44,8.52,11450,0.00,0.00
2017-05-24,8.56,8.56,8.28,8.52,7300,0.00,0.00
2017-05-25,8.48,8.56,8.32,8.52,35900,0.00,0.00
2017-05-26,8.56,8.56,8.48,8.56,5600,0.00,0.00
2017-05-30,8.60,8.72,8.60,8.68,28500,0.00,0.00
2017-05-31,8.76,8.76,8.64,8.76,7725,0.00,0.00
2017-06-01,8.72,8.88,8.72,8.80,20200,0.00,0.00
2017-06-02,8.88,8.88,8.68,8.84,19000,0.00,0.00
2017-06-05,8.96,9.08,8.76,9.08,49675,0.00,0.00
2017-06-06,9.08,9.28,8.84,9.28,32650,0.00,0.00
2017-06-07,9.32,9.32,9.20,9.24,8325,0.00,0.00
2017-06-08,9.20,9.44,9.20,9.44,33200,0.00,0.00
2017-06-09,9.52,9.60,9.40,9.44,25150,0.00,0.00
2017-06-12,9.40,9.56,9.20,9.28,15600,0.00,0.00
2017-06-13,9.28,9.40,9.20,9.32,20225,0.00,0.00
2017-06-14,9.32,9.44,9.24,9.28,9975,0.00,0.00
2017-06-15,9.36,9.36,8.60,9.36,15950,0.00,0.00
2017-06-16,9.12,9.32,8.68,9.32,7750,0.00,0.00
2017-06-19,9.36,9.36,8.84,9.08,9050,0.00,0.00
2017-06-20,9.00,9.12,8.68,9.04,14175,0.00,0.00
2017-06-21,8.80,9.04,8.64,8.96,31550,0.00,0.00
2017-06-22,9.08,9.16,8.76,8.76,3725,0.00,0.00
2017-06-23,8.76,9.28,8.76,9.20,27950,0.00,0.00
2017-06-26,9.08,9.40,8.92,9.28,3975,0.00,0.00
2017-06-27,9.20,9.40,8.88,9.12,4575,0.00,0.00
2017-06-28,9.04,9.44,8.84,9.36,20100,0.00,0.00
2017-06-29,9.32,9.32,8.92,9.32,3775,0.00,0.00
2017-06-30,9.32,9.36,9.00,9.36,4825,0.00,0.00
2017-07-03,9.16,9.24,8.88,9.16,3625,0.00,0.00
2017-07-05,9.16,9.16,8.80,9.16,3000,0.00,0.00
2017-07-06,9.28,9.28,8.88,9.12,1625,0.00,0.00
2017-07-07,9.04,9.16,8.84,9.16,2750,0.00,0.00
2017-07-10,9.08,9.08,8.76,9.00,4600,0.00,0.00
2017-07-11,8.92,8.96,8.56,8.80,10050,0.00,0.00
2017-07-12,8.80,9.00,8.52,8.96,6325,0.00,0.00
2017-07-13,9.00,9.00,8.44,8.68,5575,0.00,0.00
2017-07-14,8.40,9.04,8.08,9.04,11075,0.00,0.00
2017-07-17,9.00,9.00,8.60,8.80,2900,0.00,0.00
2017-07-18,8.76,9.16,8.60,8.64,9675,0.00,0.00
2017-07-19,8.60,8.96,8.48,8.80,8200,0.00,0.00
2017-07-20,8.76,9.12,8.48,8.92,4450,0.00,0.00
2017-07-21,8.80,8.80,8.52,8.80,38900,0.00,0.00
2017-07-24,8.80,8.96,8.36,8.76,10550,0.00,0.00
2017-07-25,8.64,8.76,8.24,8.60,9675,0.00,0.00
2017-07-26,8.48,8.64,8.28,8.52,10550,0.00,0.00
2017-07-27,8.44,8.60,8.32,8.56,3650,0.00,0.00
2017-07-28,8.52,8.56,8.16,8.48,4575,0.00,0.00
2017-07-31,8.28,8.60,7.88,8.60,15275,0.00,0.00
2017-08-01,8.28,8.56,8.12,8.40,3475,0.00,0.00
2017-08-02,8.28,8.36,8.24,8.32,1975,0.00,0.00
2017-08-03,8.36,8.40,8.12,8.36,4600,0.00,0.00
2017-08-04,8.40,8.48,8.16,8.48,17000,0.00,0.00
2017-08-07,8.40,8.44,8.24,8.40,2925,0.00,0.00
2017-08-08,8.32,8.48,8.24,8.48,1425,0.00,0.00
2017-08-09,8.40,8.40,8.28,8.40,3875,0.00,0.00
2017-08-10,8.44,8.44,8.00,8.20,9000,0.00,0.00
2017-08-11,8.12,8.32,8.00,8.32,3800,0.00,0.00
2017-08-14,8.28,8.28,8.08,8.28,7550,0.00,0.00
2017-08-15,8.28,8.40,8.16,8.28,2025,0.00,0.00
2017-08-16,8.32,8.36,8.08,8.36,2100,0.00,0.00
2017-08-17,8.28,8.40,8.16,8.16,5350,0.00,0.00
2017-08-18,8.12,8.28,8.12,8.12,1750,0.00,0.00
2017-08-21,8.12,8.28,8.08,8.20,2150,0.00,0.00
2017-08-22,8.20,8.24,8.12,8.20,2225,0.00,0.00
2017-08-23,8.12,8.24,8.00,8.16,4275,0.00,0.00
2017-08-24,8.20,8.28,8.08,8.12,7050,0.00,0.00
2017-08-25,8.12,8.28,8.12,8.28,2775,0.00,0.00
2017-08-28,8.20,8.24,8.12,8.20,2300,0.00,0.00
2017-08-29,8.04,8.20,8.04,8.20,4100,0.00,0.00
2017-08-30,8.20,8.32,8.08,8.28,9475,0.00,0.00
2017-08-31,8.24,8.52,8.20,8.48,6250,0.00,0.00
2017-09-01,8.44,8.76,8.16,8.72,38700,0.00,0.00
2017-09-05,8.40,8.80,8.36,8.72,17825,0.00,0.00
2017-09-06,8.72,8.88,8.52,8.88,15000,0.00,0.00
2017-09-07,8.88,8.96,8.56,8.88,2375,0.00,0.00
2017-09-08,8.92,8.92,8.44,8.76,875,0.00,0.00
2017-09-11,8.64,9.00,8.56,8.92,59400,0.00,0.00
2017-09-12,8.40,9.28,8.40,9.20,74800,0.00,0.00
2017-09-13,9.12,9.20,8.48,9.08,14000,0.00,0.00
2017-09-14,8.84,9.28,8.84,9.20,33075,0.00,0.00
2017-09-15,9.20,9.32,9.16,9.24,40550,0.00,0.00
2017-09-18,9.20,9.28,9.20,9.28,16425,0.00,0.00
2017-09-19,9.28,9.36,9.20,9.32,11150,0.00,0.00
2017-09-20,9.20,9.40,9.16,9.16,9025,0.00,0.00
2017-09-21,9.20,9.28,9.20,9.28,17575,0.00,0.00
2017-09-22,9.20,9.28,8.92,9.28,12250,0.00,0.00
2017-09-25,9.28,9.28,8.96,9.16,4225,0.00,0.00
2017-09-26,9.20,9.28,9.20,9.28,3325,0.00,0.00
2017-09-27,9.20,9.28,9.16,9.28,4725,0.00,0.00
2017-09-28,9.28,9.44,9.28,9.36,31675,0.00,0.00
2017-09-29,9.44,9.60,9.28,9.60,15650,0.00,0.00
2017-10-02,9.60,9.76,9.44,9.76,4850,0.00,0.00
2017-10-03,9.76,9.76,9.20,9.72,16375,0.00,0.00
2017-10-04,9.80,9.80,9.52,9.76,28525,0.00,0.00
2017-10-05,9.68,9.88,9.68,9.88,22575,0.00,0.00
2017-10-06,9.88,10.52,9.88,10.40,102875,0.00,0.00
2017-10-09,10.40,11.36,10.36,11.28,172625,0.00,0.00
2017-10-10,11.64,11.64,11.00,11.52,121450,0.00,0.00
2017-10-11,11.40,11.72,11.32,11.56,22225,0.00,0.00
2017-10-12,11.56,11.72,11.28,11.60,11425,0.00,0.00
2017-10-13,11.68,11.72,11.40,11.52,8050,0.00,0.00
2017-10-16,11.40,12.12,11.32,12.12,28750,0.00,0.00
2017-10-17,12.12,12.68,10.40,12.60,137075,0.00,0.00
2017-10-18,12.44,12.72,12.08,12.24,28150,0.00,0.00
2017-10-19,12.20,12.52,12.20,12.44,12075,0.00,0.00
2017-10-20,12.32,12.52,12.28,12.44,11125,0.00,0.00
2017-10-23,12.56,12.68,11.76,12.64,69475,0.00,0.00
2017-10-24,12.64,12.64,12.44,12.60,14450,0.00,0.00
2017-10-25,12.20,12.68,12.16,12.68,21150,0.00,0.00
2017-10-26,12.68,12.72,12.32,12.60,24700,0.00,0.00
2017-10-27,12.64,12.64,12.16,12.56,20600,0.00,0.00
2017-10-30,12.64,12.72,12.20,12.72,17700,0.00,0.00
2017-10-31,12.72,12.80,12.48,12.80,15025,0.00,0.00
2017-11-01,12.68,12.84,12.60,12.80,9575,0.00,0.00
2017-11-02,12.80,12.88,12.72,12.88,2475,0.00,0.00
2017-11-03,12.80,12.88,12.64,12.88,9000,0.00,0.00
2017-11-06,12.76,12.84,12.20,12.68,13075,0.00,0.00
2017-11-07,12.64,12.72,12.36,12.52,10550,0.00,0.00
2017-11-08,12.52,12.64,12.52,12.56,4975,0.00,0.00
2017-11-09,12.52,12.76,12.52,12.68,3400,0.00,0.00
2017-11-10,12.68,12.88,12.68,12.72,8475,0.00,0.00
2017-11-13,12.76,12.88,12.68,12.68,13475,0.00,0.00
2017-11-14,12.76,12.92,12.64,12.76,19775,0.00,0.00
2017-11-15,12.80,12.96,12.80,12.88,10250,0.00,0.00
2017-11-16,12.88,13.04,12.84,13.04,17475,0.00,0.00
2017-11-17,13.12,13.36,13.04,13.20,27175,0.00,0.00
2017-11-20,14.40,16.60,14.00,15.04,109750,0.00,0.00
2017-11-21,14.96,15.24,14.24,15.24,32625,0.00,0.00
2017-11-22,15.16,15.40,14.56,15.24,31825,0.00,0.00
2017-11-24,15.56,15.80,15.04,15.16,22175,0.00,0.00
2017-11-27,15.20,19.72,15.20,19.56,324350,0.00,0.00
2017-11-28,19.56,19.68,16.60,18.84,166800,0.00,0.00
2017-11-29,19.08,19.56,18.00,19.16,67925,0.00,0.00
2017-11-30,19.16,20.96,18.80,20.64,113675,0.00,0.00
2017-12-01,20.80,20.96,20.08,20.80,51450,0.00,0.00
2017-12-04,21.04,22.00,20.44,22.00,89925,0.00,0.00
2017-12-05,22.00,22.48,19.36,19.96,116650,0.00,0.00
2017-12-06,19.96,21.16,19.76,20.80,59450,0.00,0.00
2017-12-07,20.76,21.36,20.32,20.84,40825,0.00,0.00
2017-12-08,20.92,21.44,20.76,21.00,41100,0.00,0.00
2017-12-11,22.72,24.80,22.40,23.92,228150,0.00,0.00
2017-12-12,24.00,25.00,23.80,24.92,72625,0.00,0.00
2017-12-13,24.92,26.04,24.52,25.76,103925,0.00,0.00
2017-12-14,25.60,26.00,24.72,25.20,49575,0.00,0.00
2017-12-15,25.28,25.60,24.20,24.60,45025,0.00,0.00
2017-12-18,24.64,25.68,24.64,25.28,48075,0.00,0.00
2017-12-19,25.04,25.16,24.40,24.60,39225,0.00,0.00
2017-12-20,24.60,24.88,23.00,23.28,83375,0.00,0.00
2017-12-21,23.28,24.80,23.28,24.52,50200,0.00,0.00
2017-12-22,24.32,24.72,23.92,24.40,24250,0.00,0.00
2017-12-26,24.08,24.32,23.64,24.12,22375,0.00,0.00
2017-12-27,24.00,24.56,23.40,23.68,29825,0.00,0.00
2017-12-28,23.44,23.44,22.04,22.68,66525,0.00,0.00
2017-12-29,22.60,22.60,22.04,22.52,36175,0.00,0.00
2018-01-02,22.52,24.36,22.52,24.20,39025,0.00,0.00
2018-01-03,24.20,24.64,23.52,24.56,31825,0.00,0.00
2018-01-04,24.76,25.00,24.00,24.32,28925,0.00,0.00
2018-01-05,24.60,25.36,24.20,25.12,37125,0.00,0.00
2018-01-08,25.60,25.72,24.48,25.68,63225,0.00,0.00
2018-01-09,25.96,26.00,24.84,25.32,45925,0.00,0.00
2018-01-10,25.12,25.12,23.76,24.56,61575,0.00,0.00
2018-01-11,24.60,24.88,23.84,24.52,23700,0.00,0.00
2018-01-12,24.44,24.68,23.96,24.20,30750,0.00,0.00
2018-01-16,24.08,24.44,23.68,23.88,39225,0.00,0.00
2018-01-17,23.88,24.40,23.20,24.20,41500,0.00,0.00
2018-01-18,24.24,24.36,23.76,24.24,11975,0.00,0.00
2018-01-19,24.32,24.32,22.60,23.92,24200,0.00,0.00
2018-01-22,23.72,24.00,23.24,23.64,28975,0.00,0.00
2018-01-23,23.40,24.24,22.88,24.20,49050,0.00,0.00
2018-01-24,24.36,24.96,23.60,24.12,37075,0.00,0.00
2018-01-25,24.12,24.16,23.64,23.72,21750,0.00,0.00
2018-01-26,23.72,23.88,23.28,23.76,14975,0.00,0.00
2018-01-29,23.44,24.20,23.36,23.88,25025,0.00,0.00
2018-01-30,23.08,23.72,22.88,23.56,23400,0.00,0.00
2018-01-31,23.60,23.72,23.20,23.60,12375,0.00,0.00
2018-02-01,23.56,24.28,23.48,23.88,14775,0.00,0.00
2018-02-02,23.56,23.64,22.96,23.24,17750,0.00,0.00
2018-02-05,23.00,23.04,21.44,21.92,40625,0.00,0.00
2018-02-06,21.44,22.20,21.00,21.44,62850,0.00,0.00
2018-02-07,21.16,22.20,20.84,21.04,32700,0.00,0.00
2018-02-08,20.92,21.56,20.48,20.56,45725,0.00,0.00
2018-02-09,20.20,20.84,20.04,20.76,19925,0.00,0.00
2018-02-12,21.00,22.28,21.00,21.68,35500,0.00,0.00
2018-02-13,21.64,22.00,21.44,21.88,9300,0.00,0.00
2018-02-14,21.68,22.52,21.64,21.88,22425,0.00,0.00
2018-02-15,22.08,22.40,21.80,22.36,15250,0.00,0.00
2018-02-16,22.32,22.36,21.88,21.92,9750,0.00,0.00
2018-02-20,21.92,22.44,21.68,22.16,9850,0.00,0.00
2018-02-21,22.16,22.36,21.84,22.24,10350,0.00,0.00
2018-02-22,22.24,22.32,21.84,21.92,12950,0.00,0.00
2018-02-23,22.00,22.84,21.84,22.60,8875,0.00,0.00
2018-02-26,22.56,22.56,21.88,22.24,22725,0.00,0.00
2018-02-27,22.20,22.80,21.76,22.80,6150,0.00,0.00
2018-02-28,22.80,22.80,21.88,22.04,13375,0.00,0.00
2018-03-01,22.00,22.32,21.88,22.24,8650,0.00,0.00
2018-03-02,22.08,22.56,21.92,22.32,12425,0.00,0.00
2018-03-05,22.20,22.68,22.16,22.52,11175,0.00,0.00
2018-03-06,22.56,22.92,22.28,22.80,10025,0.00,0.00
2018-03-07,22.72,23.12,22.72,23.12,14675,0.00,0.00
2018-03-08,23.24,23.76,23.08,23.56,54500,0.00,0.00
2018-03-09,22.60,22.64,20.64,21.00,96200,0.00,0.00
2018-03-12,22.00,22.16,21.12,21.20,47175,0.00,0.00
2018-03-13,22.00,22.00,21.12,21.72,21475,0.00,0.00
2018-03-14,21.72,21.88,21.32,21.40,26500,0.00,0.00
2018-03-15,21.36,21.68,21.08,21.52,31550,0.00,0.00
2018-03-16,21.52,21.96,21.32,21.72,22050,0.00,0.00
2018-03-19,21.52,21.80,21.24,21.28,39800,0.00,0.00
2018-03-20,21.36,21.56,21.24,21.40,20925,0.00,0.00
2018-03-21,21.44,21.64,21.28,21.36,14675,0.00,0.00
2018-03-22,21.20,21.40,20.68,20.92,22150,0.00,0.00
2018-03-23,20.88,20.88,19.64,20.60,27075,0.00,0.00
2018-03-26,20.48,20.48,19.68,19.96,44900,0.00,0.00
2018-03-27,20.12,20.60,20.00,20.28,11425,0.00,0.00
2018-03-28,20.32,20.40,18.64,19.16,25100,0.00,0.00
2018-03-29,19.24,20.12,19.16,19.68,11075,0.00,0.00
2018-04-02,19.72,19.96,19.72,19.96,16775,0.00,0.00
2018-04-03,20.00,20.00,19.44,19.68,18100,0.00,0.00
2018-04-04,19.56,19.56,19.12,19.40,10100,0.00,0.00
2018-04-05,19.56,19.60,19.24,19.52,5925,0.00,0.00
2018-04-06,19.44,19.68,18.88,19.40,14300,0.00,0.00
2018-04-09,19.36,19.36,18.80,19.12,13550,0.00,0.00
2018-04-10,19.08,19.48,19.00,19.12,7050,0.00,0.00
2018-04-11,19.04,19.60,18.96,19.12,4575,0.00,0.00
2018-04-12,19.24,19.60,19.24,19.44,5875,0.00,0.00
2018-04-13,19.48,19.96,19.04,19.92,18800,0.00,0.00
2018-04-16,19.96,20.64,19.72,20.28,26225,0.00,0.00
2018-04-17,20.24,20.56,19.76,20.00,4775,0.00,0.00
2018-04-18,20.00,20.48,20.00,20.40,9000,0.00,0.00
2018-04-19,20.28,20.64,20.08,20.40,4100,0.00,0.00
2018-04-20,20.36,20.36,19.80,19.96,3750,0.00,0.00
2018-04-23,19.96,20.12,19.80,19.80,3725,0.00,0.00
2018-04-24,19.92,20.00,19.40,19.44,10625,0.00,0.00
2018-04-25,19.56,19.68,19.32,19.52,8700,0.00,0.00
2018-04-26,19.60,19.88,19.28,19.60,12150,0.00,0.00
2018-04-27,19.68,19.96,19.44,19.88,8100,0.00,0.00
2018-04-30,20.04,20.08,19.68,19.68,6475,0.00,0.00
2018-05-01,19.60,19.80,19.40,19.44,3050,0.00,0.00
2018-05-02,19.40,19.84,19.40,19.64,5500,0.00,0.00
2018-05-03,19.64,19.64,19.40,19.40,3425,0.00,0.00
2018-05-04,19.44,19.88,19.44,19.60,3125,0.00,0.00
2018-05-07,19.60,19.92,19.44,19.48,10075,0.00,0.00
2018-05-08,19.44,19.44,19.12,19.36,6250,0.00,0.00
2018-05-09,19.24,19.44,19.08,19.28,14725,0.00,0.00
2018-05-10,19.20,19.92,19.20,19.68,17450,0.00,0.00
2018-05-11,19.64,19.96,19.20,19.76,13100,0.00,0.00
2018-05-14,19.72,20.20,19.72,19.80,21500,0.00,0.00
2018-05-15,19.80,20.00,19.68,19.72,21200,0.00,0.00
2018-05-16,19.64,20.00,19.60,19.68,9400,0.00,0.00
2018-05-17,19.60,19.72,19.40,19.52,15525,0.00,0.00
2018-05-18,19.44,19.80,19.24,19.36,11525,0.00,0.00
2018-05-21,19.20,19.72,19.00,19.20,15650,0.00,0.00
2018-05-22,19.16,19.68,18.68,19.04,13950,0.00,0.00
2018-05-23,18.92,19.20,18.72,18.96,18175,0.00,0.00
2018-05-24,19.04,19.04,18.72,18.92,10025,0.00,0.00
2018-05-25,18.84,18.92,18.64,18.84,8325,0.00,0.00
2018-05-29,18.76,18.76,18.48,18.68,12625,0.00,0.00
2018-05-30,18.60,18.60,17.76,18.36,23200,0.00,0.00
2018-05-31,18.40,18.44,18.04,18.24,7700,0.00,0.00
2018-06-01,18.24,18.72,18.08,18.32,8000,0.00,0.00
2018-06-04,18.40,18.64,18.12,18.20,15075,0.00,0.00
2018-06-05,18.16,18.36,18.08,18.16,5725,0.00,0.00
2018-06-06,18.16,18.40,18.12,18.32,17050,0.00,0.00
2018-06-07,18.28,18.40,18.16,18.16,33550,0.00,0.00
2018-06-08,18.20,18.20,17.84,18.12,16675,0.00,0.00
2018-06-11,18.08,18.08,17.84,18.00,11750,0.00,0.00
2018-06-12,17.96,17.96,17.36,17.48,22600,0.00,0.00
2018-06-13,17.44,17.80,17.44,17.80,6150,0.00,0.00
2018-06-14,17.80,17.80,17.04,17.32,11525,0.00,0.00
2018-06-15,17.20,17.20,16.80,16.92,11375,0.00,0.00
2018-06-18,16.80,17.28,16.64,16.92,17000,0.00,0.00
2018-06-19,17.00,17.00,16.40,16.72,21050,0.00,0.00
2018-06-20,16.64,16.76,16.32,16.44,13400,0.00,0.00
2018-06-21,16.32,16.32,15.92,16.16,14275,0.00,0.00
2018-06-22,16.00,16.64,16.00,16.28,16150,0.00,0.00
2018-06-25,16.20,16.60,16.04,16.48,6800,0.00,0.00
2018-06-26,16.40,16.60,16.36,16.40,27550,0.00,0.00
2018-06-27,16.28,16.32,15.84,15.96,25150,0.00,0.00
2018-06-28,15.92,16.52,15.92,16.48,21750,0.00,0.00
2018-06-29,16.44,16.56,16.20,16.32,11025,0.00,0.00
2018-07-02,16.24,16.24,15.60,15.92,14200,0.00,0.00
2018-07-03,15.84,16.24,15.76,16.08,7800,0.00,0.00
2018-07-05,16.08,16.12,15.64,16.00,7775,0.00,0.00
2018-07-06,15.80,16.56,15.80,16.28,8750,0.00,0.00
2018-07-09,16.36,16.52,15.88,16.00,13225,0.00,0.00
2018-07-10,15.92,16.52,15.92,16.12,7475,0.00,0.00
2018-07-11,15.84,16.32,15.76,15.92,10550,0.00,0.00
2018-07-12,15.92,16.36,15.88,15.92,13175,0.00,0.00
2018-07-13,15.80,16.08,15.80,16.00,3150,0.00,0.00
2018-07-16,15.88,15.88,15.72,15.80,3150,0.00,0.00
2018-07-17,15.80,16.00,15.80,15.92,2300,0.00,0.00
2018-07-18,15.88,16.00,15.88,15.96,3325,0.00,0.00
2018-07-19,16.00,16.24,15.72,15.72,3425,0.00,0.00
2018-07-20,15.76,16.04,15.76,15.96,2025,0.00,0.00
2018-07-23,15.88,15.92,15.60,15.60,2325,0.00,0.00
2018-07-24,15.36,15.56,15.12,15.24,4375,0.00,0.00
2018-07-25,15.12,15.16,14.84,14.84,1475,0.00,0.00
2018-07-26,14.88,15.28,14.88,15.28,2275,0.00,0.00
2018-07-27,15.16,15.84,15.16,15.52,9500,0.00,0.00
2018-07-30,15.44,15.60,14.68,15.16,7225,0.00,0.00
2018-07-31,15.44,15.68,14.88,15.12,4325,0.00,0.00
2018-08-01,14.88,15.24,14.88,15.24,2250,0.00,0.00
2018-08-02,14.88,15.44,14.88,15.16,5500,0.00,0.00
2018-08-03,14.88,15.12,14.80,15.12,4050,0.00,0.00
2018-08-06,14.60,14.60,13.96,14.08,11900,0.00,0.00
2018-08-07,14.04,14.16,13.40,13.96,16100,0.00,0.00
2018-08-08,14.00,14.32,13.96,14.20,6875,0.00,0.00
2018-08-09,13.92,14.80,13.92,14.64,14025,0.00,0.00
2018-08-10,14.72,14.80,14.48,14.72,4900,0.00,0.00
2018-08-13,14.56,14.72,14.52,14.72,5800,0.00,0.00
2018-08-14,14.68,14.88,14.48,14.64,12475,0.00,0.00
2018-08-15,14.56,14.76,14.28,14.76,5025,0.00,0.00
2018-08-16,14.68,14.80,13.40,14.80,8150,0.00,0.00
2018-08-17,14.76,15.00,14.68,14.84,4175,0.00,0.00
2018-08-20,14.60,15.08,14.52,15.00,3725,0.00,0.00
2018-08-21,15.04,15.32,14.72,15.28,6025,0.00,0.00
2018-08-22,15.36,15.40,15.00,15.24,2075,0.00,0.00
2018-08-23,15.20,15.32,14.96,15.00,18800,0.00,0.00
2018-08-24,15.20,15.28,14.92,15.12,2525,0.00,0.00
2018-08-27,15.24,15.52,15.16,15.28,9450,0.00,0.00
2018-08-28,14.56,15.52,14.56,15.12,3675,0.00,0.00
2018-08-29,15.08,15.44,15.08,15.08,4875,0.00,0.00
2018-08-30,15.12,15.32,14.92,15.16,2600,0.00,0.00
2018-08-31,15.00,15.24,14.80,15.20,3625,0.00,0.00
2018-09-04,15.00,15.28,14.88,15.00,5500,0.00,0.00
2018-09-05,15.00,15.00,14.60,14.80,6200,0.00,0.00
2018-09-06,14.80,14.80,14.52,14.52,1925,0.00,0.00
2018-09-07,14.68,14.80,14.36,14.64,5225,0.00,0.00
2018-09-10,14.16,14.52,13.72,14.28,4950,0.00,0.00
2018-09-11,14.08,14.88,14.08,14.52,4125,0.00,0.00
2018-09-12,14.56,14.80,14.48,14.48,4550,0.00,0.00
2018-09-13,14.52,15.36,14.52,15.36,6300,0.00,0.00
2018-09-14,15.36,15.36,14.80,15.16,6950,0.00,0.00
2018-09-17,15.36,15.48,15.04,15.44,13525,0.00,0.00
2018-09-18,15.52,15.80,15.44,15.80,4700,0.00,0.00
2018-09-19,15.84,15.84,15.24,15.24,5925,0.00,0.00
2018-09-20,15.40,15.48,15.20,15.40,4325,0.00,0.00
2018-09-21,15.68,15.68,15.16,15.28,3625,0.00,0.00
2018-09-24,15.32,15.56,15.20,15.56,6775,0.00,0.00
2018-09-25,15.56,15.60,15.36,15.60,4300,0.00,0.00
2018-09-26,15.68,15.68,15.24,15.28,5225,0.00,0.00
2018-09-27,15.36,15.36,15.12,15.12,8550,0.00,0.00
2018-09-28,15.04,15.68,15.04,15.36,2100,0.00,0.00
2018-10-01,15.20,15.72,15.20,15.44,5950,0.00,0.00
2018-10-02,15.44,15.68,15.44,15.68,3000,0.00,0.00
2018-10-03,15.56,15.88,15.56,15.60,8300,0.00,0.00
2018-10-04,15.60,15.76,15.48,15.48,3550,0.00,0.00
2018-10-05,15.56,15.80,15.52,15.64,3450,0.00,0.00
2018-10-08,15.72,15.92,15.64,15.64,2600,0.00,0.00
2018-10-09,15.76,15.92,15.48,15.48,3400,0.00,0.00
2018-10-10,15.44,15.52,15.44,15.48,2125,0.00,0.00
2018-10-11,15.64,15.76,15.40,15.60,12650,0.00,0.00
2018-10-12,15.64,15.72,15.44,15.64,5700,0.00,0.00
2018-10-15,15.60,15.72,15.48,15.68,2450,0.00,0.00
2018-10-16,15.60,15.60,15.40,15.52,1300,0.00,0.00
2018-10-17,15.52,15.60,15.52,15.56,400,0.00,0.00
2018-10-18,15.76,15.76,15.44,15.64,1450,0.00,0.00
2018-10-19,15.48,15.68,15.44,15.68,1225,0.00,0.00
2018-10-22,15.60,15.76,15.48,15.52,4825,0.00,0.00
2018-10-23,15.40,15.60,15.36,15.52,4850,0.00,0.00
2018-10-24,15.44,15.44,15.28,15.28,1800,0.00,0.00
2018-10-25,15.12,15.40,15.00,15.40,525,0.00,0.00
2018-10-26,14.96,15.28,14.84,15.24,4525,0.00,0.00
2018-10-29,15.24,15.40,14.48,14.48,6150,0.00,0.00
2018-10-30,14.68,14.72,14.56,14.56,3100,0.00,0.00
2018-10-31,14.64,14.68,13.80,13.80,9275,0.00,0.00
2018-11-01,14.24,15.04,13.76,14.96,6125,0.00,0.00
2018-11-02,14.48,14.80,14.36,14.56,2050,0.00,0.00
2018-11-05,14.48,14.96,14.44,14.72,3650,0.00,0.00
2018-11-06,15.00,15.20,14.84,15.08,1750,0.00,0.00
2018-11-07,15.28,15.28,13.12,14.80,6900,0.00,0.00
2018-11-08,14.72,14.80,14.52,14.52,400,0.00,0.00
2018-11-09,14.16,14.56,14.16,14.40,1250,0.00,0.00
2018-11-12,13.44,14.36,13.44,14.12,6025,0.00,0.00
2018-11-13,14.20,14.24,14.08,14.08,1975,0.00,0.00
2018-11-14,14.08,14.08,13.96,13.96,925,0.00,0.00
2018-11-15,13.92,14.04,13.60,14.04,4675,0.00,0.00
2018-11-16,13.84,14.36,13.84,14.12,4150,0.00,0.00
2018-11-19,13.96,13.96,13.60,13.72,4500,0.00,0.00
2018-11-20,13.76,13.80,13.64,13.68,3275,0.00,0.00
2018-11-21,13.44,14.20,13.44,14.20,9625,0.00,0.00
2018-11-23,14.16,14.16,14.16,14.16,75,0.00,0.00
2018-11-26,14.20,14.40,13.88,14.16,1100,0.00,0.00
2018-11-27,13.84,14.32,13.84,14.28,3400,0.00,0.00
2018-11-28,14.08,14.52,14.00,14.36,4850,0.00,0.00
2018-11-29,14.36,14.36,14.16,14.20,4350,0.00,0.00
2018-11-30,14.08,14.40,14.08,14.40,1575,0.00,0.00
2018-12-03,14.36,14.48,11.40,12.64,86200,0.00,0.00
2018-12-04,11.36,12.40,11.36,12.12,25950,0.00,0.00
2018-12-06,11.44,12.00,11.44,11.60,14475,0.00,0.00
2018-12-07,11.68,12.12,11.68,11.88,5200,0.00,0.00
2018-12-10,11.52,11.84,11.52,11.60,14700,0.00,0.00
2018-12-11,11.76,11.96,11.76,11.76,8800,0.00,0.00
2018-12-12,11.80,11.88,11.12,11.16,6100,0.00,0.00
2018-12-13,11.36,11.76,11.36,11.52,5600,0.00,0.00
2018-12-14,11.28,11.64,11.28,11.40,6975,0.00,0.00
2018-12-17,11.32,11.52,11.24,11.32,18875,0.00,0.00
2018-12-18,11.40,11.40,11.16,11.28,5025,0.00,0.00
2018-12-19,11.28,11.40,11.20,11.20,8375,0.00,0.00
2018-12-20,11.28,11.28,11.08,11.08,6325,0.00,0.00
2018-12-21,11.08,11.24,11.00,11.00,6175,0.00,0.00
2018-12-24,10.80,11.16,10.80,11.04,9300,0.00,0.00
2018-12-26,11.16,11.16,10.44,10.64,9650,0.00,0.00
2018-12-27,10.60,10.72,10.36,10.36,3450,0.00,0.00
2018-12-28,10.60,10.72,10.56,10.60,6375,0.00,0.00
2018-12-31,10.48,10.96,10.48,10.88,10400,0.00,0.00
2019-01-02,10.88,11.16,10.80,11.16,2375,0.00,0.00
2019-01-03,11.08,11.36,11.08,11.16,1125,0.00,0.00
2019-01-04,11.24,11.56,11.20,11.56,1950,0.00,0.00
2019-01-07,11.44,11.68,11.44,11.68,2725,0.00,0.00
2019-01-08,11.80,11.92,11.72,11.92,5650,0.00,0.00
2019-01-09,11.88,12.20,11.88,12.00,2400,0.00,0.00
2019-01-10,12.00,12.16,12.00,12.04,1075,0.00,0.00
2019-01-11,12.00,12.16,11.92,12.12,2700,0.00,0.00
2019-01-14,12.08,12.28,11.72,11.72,6350,0.00,0.00
2019-01-15,11.84,12.24,11.84,12.00,5875,0.00,0.00
2019-01-16,12.00,12.24,12.00,12.00,4175,0.00,0.00
2019-01-17,12.24,12.52,12.24,12.52,2950,0.00,0.00
2019-01-18,12.52,13.12,12.36,13.12,6600,0.00,0.00
2019-01-22,12.84,13.44,12.84,13.16,5825,0.00,0.00
2019-01-23,13.08,13.40,13.08,13.32,1150,0.00,0.00
2019-01-24,13.44,13.52,13.36,13.48,3250,0.00,0.00
2019-01-25,13.56,13.64,13.52,13.52,3175,0.00,0.00
2019-01-28,13.44,13.52,13.20,13.40,4550,0.00,0.00
2019-01-29,13.56,13.60,13.52,13.56,1975,0.00,0.00
2019-01-30,13.56,13.76,13.56,13.76,3500,0.00,0.00
2019-01-31,13.60,13.92,13.52,13.52,3675,0.00,0.00
2019-02-01,13.68,13.84,13.64,13.80,2300,0.00,0.00
2019-02-04,13.60,13.60,13.32,13.48,1525,0.00,0.00
2019-02-05,13.48,14.28,13.48,14.08,7200,0.00,0.00
2019-02-06,14.08,14.32,14.08,14.32,1550,0.00,0.00
2019-02-07,14.60,14.60,14.28,14.60,4700,0.00,0.00
2019-02-08,14.60,14.96,14.60,14.88,4575,0.00,0.00
2019-02-11,14.88,15.20,14.52,15.16,3775,0.00,0.00
2019-02-12,15.16,15.32,14.92,15.32,8475,0.00,0.00
2019-02-13,15.40,15.84,15.04,15.08,12100,0.00,0.00
2019-02-14,15.12,15.52,14.92,15.28,8600,0.00,0.00
2019-02-15,15.24,16.08,15.24,16.08,13375,0.00,0.00
2019-02-19,15.84,16.32,15.84,16.04,5450,0.00,0.00
2019-02-20,16.12,16.40,15.80,15.80,4700,0.00,0.00
2019-02-21,15.84,16.32,15.64,16.08,6950,0.00,0.00
2019-02-22,16.08,16.40,16.08,16.08,7450,0.00,0.00
2019-02-25,16.00,16.44,15.92,15.92,12325,0.00,0.00
2019-02-26,15.96,16.04,15.72,15.92,8700,0.00,0.00
2019-02-27,15.92,15.96,15.80,15.84,1075,0.00,0.00
2019-02-28,15.80,15.92,15.48,15.68,8000,0.00,0.00
2019-03-01,15.68,15.96,15.48,15.60,6175,0.00,0.00
2019-03-04,15.52,15.68,15.40,15.40,5575,0.00,0.00
2019-03-05,15.40,15.60,15.28,15.44,6150,0.00,0.00
2019-03-06,15.44,15.64,15.36,15.40,6425,0.00,0.00
2019-03-07,15.20,15.24,15.12,15.20,2375,0.00,0.00
2019-03-08,15.16,15.32,15.04,15.04,1400,0.00,0.00
2019-03-11,15.04,15.44,15.04,15.16,5550,0.00,0.00
2019-03-12,15.24,15.40,15.08,15.12,4125,0.00,0.00
2019-03-13,15.24,15.32,15.00,15.00,3675,0.00,0.00
2019-03-14,15.00,15.12,14.96,15.00,2575,0.00,0.00
2019-03-15,14.96,15.72,14.96,15.44,11875,0.00,0.00
2019-03-18,15.08,15.44,15.08,15.24,250,0.00,0.00
2019-03-19,15.28,15.32,15.16,15.20,6000,0.00,0.00
2019-03-20,15.20,15.20,15.16,15.16,750,0.00,0.00
2019-03-21,15.16,15.16,15.08,15.16,2850,0.00,0.00
2019-03-22,15.12,15.12,15.04,15.12,275,0.00,0.00
2019-03-25,15.00,15.20,15.00,15.04,4050,0.00,0.00
2019-03-26,15.04,15.04,15.04,15.04,25,0.00,0.00
2019-03-27,15.00,15.20,14.92,14.92,8550,0.00,0.00
2019-03-28,14.88,14.96,14.80,14.88,2050,0.00,0.00
2019-03-29,14.80,14.80,14.68,14.68,1475,0.00,0.00
2019-04-01,14.64,14.68,14.44,14.68,7550,0.00,0.00
2019-04-02,14.52,14.52,14.36,14.40,4825,0.00,0.00
2019-04-03,14.28,14.32,14.04,14.24,2825,0.00,0.00
2019-04-04,14.12,14.16,13.92,13.92,10950,0.00,0.00
2019-04-05,14.00,14.00,13.72,13.84,5700,0.00,0.00
2019-04-08,13.84,13.96,13.64,13.76,4350,0.00,0.00
2019-04-09,13.60,13.64,13.56,13.56,975,0.00,0.00
2019-04-10,13.72,13.72,13.40,13.48,7500,0.00,0.00
2019-04-11,13.52,13.64,13.32,13.32,3550,0.00,0.00
2019-04-12,13.28,13.76,13.20,13.48,9375,0.00,0.00
2019-04-15,13.44,13.80,13.44,13.64,6075,0.00,0.00
2019-04-16,13.76,13.88,13.52,13.52,7950,0.00,0.00
2019-04-17,13.64,13.64,13.48,13.48,1050,0.00,0.00
2019-04-18,13.52,13.52,13.36,13.44,3350,0.00,0.00
2019-04-22,13.32,13.56,13.28,13.28,2275,0.00,0.00
2019-04-23,13.20,13.44,13.08,13.16,6100,0.00,0.00
2019-04-24,13.20,13.24,13.16,13.24,4400,0.00,0.00
2019-04-25,13.08,13.36,13.08,13.20,4750,0.00,0.00
2019-04-26,13.12,13.20,13.04,13.12,5050,0.00,0.00
2019-04-29,13.04,13.40,13.04,13.32,6300,0.00,0.00
2019-04-30,13.40,13.40,13.16,13.20,3625,0.00,0.00
2019-05-01,13.24,13.84,12.68,13.76,7200,0.00,0.00
2019-05-02,13.40,13.68,13.28,13.32,3950,0.00,0.00
2019-05-03,13.24,13.80,13.20,13.60,9375,0.00,0.00
2019-05-06,13.60,13.60,13.28,13.28,5300,0.00,0.00
2019-05-07,13.24,13.56,13.12,13.12,1775,0.00,0.00
2019-05-08,13.24,13.24,13.00,13.00,1275,0.00,0.00
2019-05-09,12.92,13.00,12.80,12.80,1225,0.00,0.00
2019-05-10,12.76,13.28,12.76,13.08,6475,0.00,0.00
2019-05-13,13.08,13.28,12.80,12.88,5925,0.00,0.00
2019-05-14,12.76,13.16,12.72,13.00,15575,0.00,0.00
2019-05-15,14.44,14.56,12.84,13.16,8450,0.00,0.00
2019-05-16,13.12,13.32,13.00,13.16,8250,0.00,0.00
2019-05-17,13.12,13.36,13.00,13.20,9575,0.00,0.00
2019-05-20,13.00,13.12,12.56,12.88,16500,0.00,0.00
2019-05-21,12.96,13.04,12.72,12.72,4650,0.00,0.00
2019-05-22,12.68,13.04,12.52,12.72,4600,0.00,0.00
2019-05-23,12.68,12.88,12.56,12.72,4400,0.00,0.00
2019-05-24,12.76,12.84,12.72,12.72,4350,0.00,0.00
2019-05-28,12.84,12.92,12.72,12.72,2600,0.00,0.00
2019-05-29,12.64,12.84,12.64,12.72,6200,0.00,0.00
2019-05-30,12.80,12.92,12.72,12.72,6750,0.00,0.00
2019-05-31,12.72,12.72,12.56,12.56,3450,0.00,0.00
2019-06-03,12.44,12.60,12.44,12.52,6575,0.00,0.00
2019-06-04,12.52,12.52,12.32,12.32,5850,0.00,0.00
2019-06-05,12.28,12.40,12.28,12.32,3425,0.00,0.00
2019-06-06,12.24,12.40,12.24,12.28,550,0.00,0.00
2019-06-07,12.40,12.44,12.32,12.32,2425,0.00,0.00
2019-06-10,12.24,12.64,12.24,12.32,12175,0.00,0.00
2019-06-11,12.40,12.64,12.32,12.32,2150,0.00,0.00
2019-06-12,12.28,12.40,12.28,12.40,2575,0.00,0.00
2019-06-13,12.24,12.44,12.08,12.32,5675,0.00,0.00
2019-06-14,12.48,12.48,12.28,12.28,2800,0.00,0.00
2019-06-17,12.16,12.40,12.16,12.32,4850,0.00,0.00
2019-06-18,12.48,12.52,12.24,12.24,6650,0.00,0.00
2019-06-19,12.20,12.40,12.20,12.40,2375,0.00,0.00
2019-06-20,12.40,12.56,12.32,12.32,5775,0.00,0.00
2019-06-21,12.32,12.52,12.32,12.36,6600,0.00,0.00
2019-06-24,12.40,12.48,12.32,12.32,3475,0.00,0.00
2019-06-25,12.40,12.40,12.32,12.32,1550,0.00,0.00
2019-06-26,12.52,12.64,12.32,12.32,4025,0.00,0.00
2019-06-27,12.48,12.48,12.36,12.36,900,0.00,0.00
2019-06-28,12.40,12.52,12.32,12.32,3125,0.00,0.00
2019-07-01,12.44,12.48,12.32,12.32,1600,0.00,0.00
2019-07-02,12.68,12.76,12.32,12.32,1600,0.00,0.00
2019-07-03,12.32,12.48,12.32,12.32,1275,0.00,0.00
2019-07-05,12.24,12.36,12.24,12.32,1900,0.00,0.00
2019-07-08,12.16,12.28,12.16,12.20,2525,0.00,0.00
2019-07-09,12.24,12.36,12.20,12.36,3350,0.00,0.00
2019-07-10,12.32,12.40,12.24,12.36,900,0.00,0.00
2019-07-11,12.40,12.40,12.32,12.36,3600,0.00,0.00
2019-07-12,12.44,12.44,12.36,12.40,1350,0.00,0.00
2019-07-15,12.40,12.40,12.28,12.28,2225,0.00,0.00
2019-07-16,12.40,12.44,12.40,12.40,125,0.00,0.00
2019-07-17,12.36,12.40,12.36,12.40,325,0.00,0.00
2019-07-18,12.64,12.64,12.32,12.32,4975,0.00,0.00
2019-07-19,12.32,12.32,12.12,12.12,625,0.00,0.00
2019-07-22,12.24,12.24,12.16,12.16,175,0.00,0.00
2019-07-23,12.12,12.16,12.08,12.16,2800,0.00,0.00
2019-07-24,12.08,12.08,12.04,12.04,125,0.00,0.00
2019-07-25,11.92,12.00,11.80,11.80,500,0.00,0.00
2019-07-26,11.72,11.96,11.64,11.64,2375,0.00,0.00
2019-07-29,11.56,11.84,11.56,11.68,350,0.00,0.00
2019-07-30,11.56,11.80,11.56,11.56,3450,0.00,0.00
2019-07-31,11.52,12.00,11.44,11.92,3400,0.00,0.00
2019-08-01,12.00,12.12,11.96,12.00,1975,0.00,0.00
2019-08-02,11.72,12.04,11.68,12.00,2950,0.00,0.00
2019-08-05,11.44,11.88,11.44,11.68,4775,0.00,0.00
2019-08-06,11.68,11.72,11.52,11.52,4925,0.00,0.00
2019-08-07,11.44,11.72,11.32,11.56,17025,0.00,0.00
2019-08-08,11.60,11.68,11.52,11.56,4425,0.00,0.00
2019-08-09,11.52,11.64,11.52,11.52,625,0.00,0.00
2019-08-12,11.60,11.72,11.56,11.60,1925,0.00,0.00
2019-08-13,11.48,11.76,11.48,11.52,3300,0.00,0.00
2019-08-14,11.32,11.32,11.00,11.00,4000,0.00,0.00
2019-08-15,10.96,10.96,10.84,10.88,2950,0.00,0.00
2019-08-16,11.04,11.20,11.00,11.20,2150,0.00,0.00
2019-08-19,11.16,11.52,11.16,11.52,1050,0.00,0.00
2019-08-20,11.60,11.68,11.52,11.60,2775,0.00,0.00
2019-08-21,11.60,11.76,11.56,11.68,2075,0.00,0.00
2019-08-22,11.64,11.68,11.28,11.56,1300,0.00,0.00
2019-08-23,11.52,11.64,11.48,11.64,1625,0.00,0.00
2019-08-26,11.56,11.60,11.48,11.56,3725,0.00,0.00
2019-08-27,11.56,11.60,11.52,11.60,2000,0.00,0.00
2019-08-28,11.48,11.64,11.40,11.40,1775,0.00,0.00
2019-08-29,11.40,11.64,11.40,11.60,3325,0.00,0.00
2019-08-30,11.72,11.72,11.56,11.60,1750,0.00,0.00
2019-09-03,11.60,11.64,11.56,11.56,3025,0.00,0.00
2019-09-04,11.64,11.72,11.60,11.68,8550,0.00,0.00
2019-09-05,11.80,12.36,11.80,12.04,12000,0.00,0.00
2019-09-06,12.00,12.12,12.00,12.00,11225,0.00,0.00
2019-09-09,12.00,12.04,11.96,11.96,2925,0.00,0.00
2019-09-10,11.92,12.08,11.92,11.96,8825,0.00,0.00
2019-09-11,11.84,12.00,11.84,11.92,2025,0.00,0.00
2019-09-12,11.92,12.08,11.80,11.92,6225,0.00,0.00
2019-09-13,11.96,12.16,11.92,11.96,1025,0.00,0.00
2019-09-16,10.80,11.60,9.72,11.12,2450,0.00,0.00
2019-09-17,11.04,12.16,11.04,11.92,5800,0.00,0.00
2019-09-18,11.96,12.00,11.88,11.88,1325,0.00,0.00
2019-09-19,12.00,12.00,11.84,11.92,4350,0.00,0.00
2019-09-20,11.88,11.96,11.88,11.92,1225,0.00,0.00
2019-09-23,11.88,12.00,11.88,12.00,4700,0.00,0.00
2019-09-24,11.92,12.00,11.92,11.92,6500,0.00,0.00
2019-09-25,11.92,12.00,11.92,11.92,7825,0.00,0.00
2019-09-26,11.88,11.96,11.88,11.88,300,0.00,0.00
2019-09-27,12.04,12.04,11.92,12.00,1375,0.00,0.00
2019-09-30,11.96,11.96,11.92,11.96,1700,0.00,0.00
2019-10-01,11.88,11.92,11.84,11.84,2250,0.00,0.00
2019-10-02,11.80,11.84,11.80,11.84,925,0.00,0.00
2019-10-03,11.92,12.00,11.92,11.92,3250,0.00,0.00
2019-10-04,12.00,12.00,12.00,12.00,825,0.00,0.00
2019-10-07,11.92,11.96,11.88,11.92,900,0.00,0.00
2019-10-08,11.80,11.88,11.80,11.88,200,0.00,0.00
2019-10-09,11.80,11.92,11.80,11.92,275,0.00,0.00
2019-10-10,11.92,12.00,11.92,12.00,1300,0.00,0.00
2019-10-11,12.00,12.04,11.92,12.00,5275,0.00,0.00
2019-10-14,12.00,12.00,11.40,12.00,4100,0.00,0.00
2019-10-15,12.00,12.04,11.92,12.00,6050,0.00,0.00
2019-10-16,11.92,12.16,11.92,12.00,1775,0.00,0.00
2019-10-17,12.00,12.00,11.92,12.00,1200,0.00,0.00
2019-10-18,12.00,12.00,11.92,11.92,850,0.00,0.00
2019-10-21,11.88,11.88,11.88,11.88,400,0.00,0.00
2019-10-22,11.88,11.92,11.88,11.92,2000,0.00,0.00
2019-10-23,12.00,12.00,11.88,12.00,2075,0.00,0.00
2019-10-24,11.84,11.88,11.84,11.88,150,0.00,0.00
2019-10-25,11.80,11.92,11.80,11.88,1650,0.00,0.00
2019-10-28,11.84,11.92,11.84,11.84,1450,0.00,0.00
2019-10-29,11.76,11.84,11.76,11.76,300,0.00,0.00
2019-10-30,11.80,12.04,11.80,11.88,750,0.00,0.00
2019-10-31,11.84,12.00,11.84,12.00,2650,0.00,0.00
2019-11-01,11.96,12.04,11.92,12.04,5800,0.00,0.00
2019-11-04,12.00,12.12,11.92,12.00,625,0.00,0.00
2019-11-05,11.96,12.08,11.96,12.08,2650,0.00,0.00
2019-11-06,12.08,12.12,11.92,11.96,1250,0.00,0.00
2019-11-07,11.92,12.00,11.84,11.84,5050,0.00,0.00
2019-11-08,10.28,11.48,10.28,11.48,5475,0.00,0.00
2019-11-11,11.40,11.96,11.40,11.96,175,0.00,0.00
2019-11-12,11.48,11.84,11.48,11.84,1075,0.00,0.00
2019-11-13,11.64,11.88,11.60,11.88,775,0.00,0.00
2019-11-14,12.00,12.00,11.96,12.00,500,0.00,0.00
2019-11-15,11.76,12.00,11.76,11.96,1750,0.00,0.00
2019-11-18,11.80,11.96,11.32,11.92,275,0.00,0.00
2019-11-19,11.84,11.96,11.84,11.96,1800,0.00,0.00
2019-11-20,11.84,11.96,11.84,11.92,2225,0.00,0.00
2019-11-21,11.96,12.20,11.96,12.00,1325,0.00,0.00
2019-11-22,11.96,11.96,11.88,11.92,2175,0.00,0.00
2019-11-25,11.84,12.04,11.84,11.92,1200,0.00,0.00
2019-11-26,11.88,12.00,11.84,11.96,2550,0.00,0.00
2019-11-27,11.92,12.00,11.84,12.00,1550,0.00,0.00
2019-11-29,12.00,12.00,12.00,12.00,225,0.00,0.00
2019-12-02,11.96,12.08,11.84,11.92,1875,0.00,0.00
2019-12-03,11.84,11.92,11.84,11.92,1500,0.00,0.00
2019-12-04,11.92,11.92,11.88,11.92,1825,0.00,0.00
2019-12-05,11.84,11.88,11.84,11.84,650,0.00,0.00
2019-12-06,11.80,11.96,11.80,11.84,2025,0.00,0.00
2019-12-09,11.84,11.92,11.84,11.92,775,0.00,0.00
2019-12-10,11.84,11.84,11.84,11.84,2275,0.00,0.00
2019-12-11,11.88,11.96,11.80,11.80,1525,0.00,0.00
2019-12-12,11.48,11.80,11.20,11.24,625,0.00,0.00
2019-12-13,11.12,11.88,11.12,11.84,1375,0.00,0.00
2019-12-16,11.80,11.96,11.80,11.84,4475,0.00,0.00
2019-12-17,11.84,11.84,11.64,11.76,2050,0.00,0.00
2019-12-18,11.80,11.84,11.72,11.72,1475,0.00,0.00
2019-12-19,11.72,11.80,11.72,11.80,900,0.00,0.00
2019-12-20,11.68,11.80,11.64,11.80,2100,0.00,0.00
2019-12-23,11.64,11.80,11.64,11.72,1575,0.00,0.00
2019-12-24,11.76,11.76,11.72,11.72,200,0.00,0.00
2019-12-26,11.60,11.76,11.60,11.60,1300,0.00,0.00
2019-12-27,11.72,11.76,11.60,11.76,2525,0.00,0.00
2019-12-30,11.76,11.76,11.64,11.68,4200,0.00,0.00
2019-12-31,11.56,11.84,11.56,11.80,2000,0.00,0.00
2020-01-02,11.80,11.80,11.72,11.72,375,0.00,0.00
2020-01-03,11.68,11.72,11.68,11.68,700,0.00,0.00
2020-01-06,11.56,11.72,11.56,11.64,1650,0.00,0.00
2020-01-07,11.60,11.60,11.56,11.56,2825,0.00,0.00
2020-01-08,11.44,11.60,11.44,11.52,2800,0.00,0.00
2020-01-09,11.48,11.60,11.48,11.56,750,0.00,0.00
2020-01-10,11.56,11.68,11.52,11.68,950,0.00,0.00
2020-01-13,11.68,11.68,11.52,11.64,2525,0.00,0.00
2020-01-14,11.56,11.76,11.56,11.56,400,0.00,0.00
2020-01-15,11.60,11.60,11.52,11.52,600,0.00,0.00
2020-01-16,11.48,11.48,11.44,11.44,225,0.00,0.00
2020-01-17,11.44,11.44,11.12,11.40,1600,0.00,0.00
2020-01-21,11.32,11.32,11.28,11.28,1300,0.00,0.00
2020-01-22,11.28,11.80,11.20,11.40,2700,0.00,0.00
2020-01-23,11.24,11.24,11.20,11.20,200,0.00,0.00
2020-01-24,11.24,11.36,11.20,11.32,350,0.00,0.00
2020-01-27,11.52,11.52,11.36,11.36,100,0.00,0.00
2020-01-28,11.28,11.28,11.12,11.16,3025,0.00,0.00
2020-01-29,11.08,11.12,11.08,11.12,425,0.00,0.00
2020-01-30,11.12,11.12,11.00,11.00,850,0.00,0.00
2020-01-31,10.72,11.00,10.72,10.96,2800,0.00,0.00
2020-02-03,10.60,10.60,9.12,9.16,3175,0.00,0.00
2020-02-04,10.76,10.80,10.28,10.72,11475,0.00,0.00
2020-02-05,10.76,11.16,10.60,10.76,4150,0.00,0.00
2020-02-06,10.60,10.80,10.60,10.80,900,0.00,0.00
2020-02-07,10.48,10.80,10.48,10.80,2875,0.00,0.00
2020-02-10,10.68,10.72,10.56,10.56,1275,0.00,0.00
2020-02-11,10.52,10.56,10.48,10.48,750,0.00,0.00
2020-02-12,10.64,10.68,10.48,10.60,1675,0.00,0.00
2020-02-13,10.44,11.12,10.44,10.52,1425,0.00,0.00
2020-02-14,10.40,10.64,10.40,10.64,350,0.00,0.00
2020-02-18,10.44,10.56,10.44,10.52,2600,0.00,0.00
2020-02-19,10.52,10.68,10.48,10.52,2700,0.00,0.00
2020-02-20,10.56,10.56,10.36,10.40,3950,0.00,0.00
2020-02-21,10.32,10.52,10.32,10.32,2125,0.00,0.00
2020-02-24,10.32,10.40,10.04,10.32,3825,0.00,0.00
2020-02-25,10.28,10.36,10.16,10.32,4975,0.00,0.00
2020-02-26,10.28,10.60,10.28,10.44,625,0.00,0.00
2020-02-27,10.20,10.52,10.20,10.28,1525,0.00,0.00
2020-02-28,10.56,10.56,10.00,10.24,525,0.00,0.00
2020-03-02,10.20,10.20,10.00,10.08,2525,0.00,0.00
2020-03-03,9.96,10.04,9.96,10.04,1375,0.00,0.00
2020-03-04,10.04,10.04,9.96,10.00,1875,0.00,0.00
2020-03-05,9.92,10.12,9.92,10.04,4150,0.00,0.00
2020-03-06,10.00,10.04,9.84,10.00,2200,0.00,0.00
2020-03-09,9.16,9.84,9.12,9.68,2000,0.00,0.00
2020-03-10,9.88,9.92,9.72,9.72,1475,0.00,0.00
2020-03-11,9.40,9.60,9.40,9.60,1625,0.00,0.00
2020-03-12,9.60,9.60,9.16,9.60,2675,0.00,0.00
2020-03-13,9.40,9.80,9.40,9.64,3900,0.00,0.00
2020-03-16,9.28,9.28,8.52,9.24,1550,0.00,0.00
2020-03-17,9.16,9.16,8.36,9.12,10875,0.00,0.00
2020-03-18,8.72,8.76,8.32,8.52,2325,0.00,0.00
2020-03-19,8.64,8.72,8.40,8.72,1825,0.00,0.00
2020-03-20,8.68,8.68,7.36,8.68,5275,0.00,0.00
2020-03-23,8.44,8.44,8.36,8.36,1500,0.00,0.00
2020-03-24,8.32,8.44,8.00,8.16,9150,0.00,0.00
2020-03-25,8.04,8.20,7.88,8.04,10700,0.00,0.00
2020-03-26,7.96,7.96,7.20,7.88,23275,0.00,0.00
2020-03-27,7.32,7.52,6.96,7.44,7000,0.00,0.00
2020-03-30,7.20,7.60,7.16,7.20,2600,0.00,0.00
2020-03-31,6.96,7.08,6.24,6.88,38325,0.00,0.00
2020-04-01,6.60,7.56,6.28,6.56,41525,0.00,0.00
2020-04-02,6.40,6.84,6.40,6.52,2450,0.00,0.00
2020-04-03,6.76,7.04,6.68,6.96,2925,0.00,0.00
2020-04-06,7.32,7.32,7.08,7.32,1300,0.00,0.00
2020-04-07,7.60,7.76,7.32,7.68,3325,0.00,0.00
2020-04-08,7.68,7.84,7.60,7.84,2050,0.00,0.00
2020-04-09,7.60,7.76,7.60,7.64,1600,0.00,0.00
2020-04-13,7.60,7.88,7.60,7.88,1950,0.00,0.00
2020-04-14,7.60,8.12,7.60,8.12,925,0.00,0.00
2020-04-15,8.32,8.32,7.92,7.92,225,0.00,0.00
2020-04-16,8.20,8.20,8.20,8.20,175,0.00,0.00
2020-04-17,8.04,8.24,8.00,8.08,900,0.00,0.00
2020-04-20,8.08,8.08,8.00,8.00,125,0.00,0.00
2020-04-21,8.16,8.20,7.88,8.00,500,0.00,0.00
2020-04-22,8.00,8.00,7.84,7.88,325,0.00,0.00
2020-04-23,7.76,7.96,7.68,7.88,1400,0.00,0.00
2020-04-24,7.88,7.88,7.68,7.88,1325,0.00,0.00
2020-04-27,7.68,7.96,7.68,7.76,950,0.00,0.00
2020-04-28,7.68,7.84,7.68,7.80,125,0.00,0.00
2020-04-29,7.80,7.88,7.76,7.76,100,0.00,0.00
2020-04-30,7.76,7.76,7.68,7.72,400,0.00,0.00
2020-05-01,7.72,7.72,7.68,7.68,125,0.00,0.00
2020-05-04,7.68,7.68,7.60,7.60,325,0.00,0.00
2020-05-05,7.64,7.68,7.52,7.60,1950,0.00,0.00
2020-05-06,7.44,7.56,7.44,7.56,1400,0.00,0.00
2020-05-07,7.44,7.48,7.44,7.48,75,0.00,0.00
2020-05-08,7.24,7.44,7.24,7.36,2175,0.00,0.00
2020-05-11,7.24,7.36,7.24,7.36,725,0.00,0.00
2020-05-12,7.24,7.24,7.24,7.24,175,0.00,0.00
2020-05-13,7.12,7.16,7.04,7.04,1650,0.00,0.00
2020-05-14,7.00,7.20,6.92,7.20,675,0.00,0.00
2020-05-15,7.20,7.20,6.84,6.96,1400,0.00,0.00
2020-05-18,6.96,7.04,6.80,7.00,2125,0.00,0.00
2020-05-19,6.96,7.00,6.80,6.80,900,0.00,0.00
2020-05-20,6.88,7.08,6.72,7.00,6425,0.00,0.00
2020-05-21,7.04,7.60,6.88,7.40,1150,0.00,0.00
2020-05-22,7.24,7.56,6.96,7.40,6300,0.00,0.00
2020-05-26,7.32,7.48,7.20,7.44,1650,0.00,0.00
2020-05-27,7.40,7.60,7.32,7.60,2225,0.00,0.00
2020-05-28,7.64,7.64,7.60,7.60,175,0.00,0.00
2020-05-29,7.44,7.64,7.44,7.52,725,0.00,0.00
2020-06-01,7.60,7.60,7.60,7.60,75,0.00,0.00
2020-06-02,7.40,7.60,7.40,7.56,2050,0.00,0.00
2020-06-03,7.32,7.60,7.08,7.36,13350,0.00,0.00
2020-06-04,7.24,7.52,7.24,7.36,1125,0.00,0.00
2020-06-05,7.40,7.64,7.28,7.56,3575,0.00,0.00
2020-06-08,7.52,7.72,7.28,7.28,1225,0.00,0.00
2020-06-09,7.24,7.44,7.24,7.28,2875,0.00,0.00
2020-06-10,6.96,7.36,6.80,7.04,9975,0.00,0.00
2020-06-11,7.00,7.12,6.76,6.96,5425,0.00,0.00
2020-06-12,7.08,7.36,6.88,6.96,4325,0.00,0.00
2020-06-15,7.08,7.08,6.72,7.04,4650,0.00,0.00
2020-06-16,7.08,7.12,6.76,7.00,4975,0.00,0.00
2020-06-17,7.00,7.12,6.76,7.00,5000,0.00,0.00
2020-06-18,6.84,7.16,6.84,7.00,600,0.00,0.00
2020-06-19,6.92,7.08,6.88,7.04,1700,0.00,0.00
2020-06-22,6.96,7.04,6.76,6.96,6250,0.00,0.00
2020-06-23,6.92,6.96,6.72,6.88,4025,0.00,0.00
2020-06-24,6.84,6.96,6.80,6.92,1300,0.00,0.00
2020-06-25,6.76,7.24,6.76,7.08,63125,0.00,0.00
2020-06-26,8.40,8.96,7.40,7.60,134375,0.00,0.00
2020-06-29,7.32,7.48,6.72,7.28,23925,0.00,0.00
2020-06-30,6.88,7.20,6.88,7.00,7800,0.00,0.00
2020-07-01,6.96,7.52,6.80,7.16,24975,0.00,0.00
2020-07-02,7.08,7.28,6.72,6.72,8775,0.00,0.00
2020-07-06,7.20,7.24,6.92,7.12,9675,0.00,0.00
2020-07-07,6.88,7.04,6.88,7.00,5400,0.00,0.00
2020-07-08,7.00,7.20,6.88,6.88,2700,0.00,0.00
2020-07-09,7.04,7.04,6.72,6.88,4300,0.00,0.00
2020-07-10,6.92,6.96,6.72,6.72,2700,0.00,0.00
2020-07-13,6.76,6.88,6.64,6.84,3850,0.00,0.00
2020-07-14,6.68,6.80,6.68,6.76,1825,0.00,0.00
2020-07-15,6.80,6.88,6.56,6.76,4350,0.00,0.00
2020-07-16,6.76,6.84,6.68,6.68,1200,0.00,0.00
2020-07-17,6.76,6.88,6.72,6.84,5700,0.00,0.00
2020-07-20,6.84,7.00,6.68,6.68,10875,0.00,0.00
2020-07-21,6.80,6.96,6.80,6.88,2825,0.00,0.00
2020-07-22,6.80,7.00,6.52,6.76,7475,0.00,0.00
2020-07-23,6.76,6.96,6.76,6.92,3475,0.00,0.00
2020-07-24,6.88,6.88,6.52,6.52,2550,0.00,0.00
2020-07-27,6.68,6.84,6.56,6.56,4375,0.00,0.00
2020-07-28,6.60,6.60,6.36,6.36,2900,0.00,0.00
2020-07-29,6.68,6.68,6.40,6.40,4400,0.00,0.00
2020-07-30,6.44,6.44,6.24,6.28,6875,0.00,0.00
2020-07-31,6.28,6.40,6.28,6.36,4450,0.00,0.00
2020-08-03,6.36,6.68,6.36,6.48,7750,0.00,0.00
2020-08-04,6.44,6.60,6.44,6.60,6350,0.00,0.00
2020-08-05,6.60,6.68,6.56,6.60,3975,0.00,0.00
2020-08-06,6.40,6.68,6.40,6.40,7825,0.00,0.00
2020-08-07,6.40,6.56,6.40,6.52,6875,0.00,0.00
2020-08-10,6.60,6.64,6.48,6.48,4675,0.00,0.00
2020-08-11,6.64,6.64,6.44,6.48,3350,0.00,0.00
2020-08-12,6.52,6.56,6.44,6.52,1775,0.00,0.00
2020-08-13,6.56,6.60,6.48,6.52,6575,0.00,0.00
2020-08-14,6.40,6.56,6.40,6.48,4750,0.00,0.00
2020-08-17,6.40,6.52,6.36,6.44,5800,0.00,0.00
2020-08-18,6.56,6.56,6.36,6.40,850,0.00,0.00
2020-08-19,6.32,6.40,6.12,6.40,11000,0.00,0.00
2020-08-20,6.40,6.40,5.56,6.40,8200,0.00,0.00
2020-08-21,6.20,6.36,6.04,6.36,3075,0.00,0.00
2020-08-24,6.20,6.20,5.76,5.96,6225,0.00,0.00
2020-08-25,5.56,6.00,5.56,5.80,5200,0.00,0.00
2020-08-26,5.64,6.36,5.64,6.00,45100,0.00,0.00
2020-08-27,6.12,6.12,5.52,5.72,11550,0.00,0.00
2020-08-28,5.64,5.68,5.28,5.52,27600,0.00,0.00
2020-08-31,7.20,8.36,5.40,6.00,9490875,0.00,0.00
2020-09-01,5.72,6.32,5.32,6.32,276825,0.00,0.00
2020-09-02,6.16,6.28,5.84,6.04,73450,0.00,0.00
2020-09-03,5.92,5.96,5.56,5.96,58900,0.00,0.00
2020-09-04,5.76,6.08,5.44,5.60,48775,0.00,0.00
2020-09-08,5.48,5.48,5.04,5.36,26300,0.00,0.00
2020-09-09,5.28,5.32,4.72,4.92,46650,0.00,0.00
2020-09-10,4.92,4.92,4.00,4.72,45600,0.00,0.00
2020-09-11,4.72,5.00,4.72,4.88,13100,0.00,0.00
2020-09-14,4.76,4.76,4.48,4.52,20975,0.00,0.00
2020-09-15,4.56,4.72,4.52,4.52,27750,0.00,0.00
2020-09-16,4.44,4.52,4.40,4.48,13225,0.00,0.00
2020-09-17,4.40,4.64,4.40,4.60,12800,0.00,0.00
2020-09-18,4.48,4.68,4.48,4.68,10650,0.00,0.00
2020-09-21,4.68,4.68,4.40,4.48,22350,0.00,0.00
2020-09-22,4.52,4.52,4.28,4.36,16925,0.00,0.00
2020-09-23,4.36,4.52,4.16,4.24,3600,0.00,0.00
2020-09-24,4.20,4.40,3.92,4.32,17925,0.00,0.00
2020-09-25,4.32,4.56,4.08,4.24,5800,0.00,0.00
2020-09-28,4.28,4.48,4.08,4.32,12025,0.00,0.00
2020-09-29,4.44,4.56,4.16,4.32,15300,0.00,0.00
2020-09-30,4.28,4.44,4.20,4.32,6650,0.00,0.00
2020-10-01,4.32,4.48,4.20,4.28,6900,0.00,0.00
2020-10-02,4.12,4.36,4.12,4.28,5650,0.00,0.00
2020-10-05,4.28,4.40,4.00,4.20,13500,0.00,0.00
2020-10-06,4.08,4.36,4.04,4.36,14325,0.00,0.00
2020-10-07,4.32,4.44,4.20,4.44,7450,0.00,0.00
2020-10-08,4.48,4.60,4.36,4.36,13550,0.00,0.00
2020-10-09,4.36,4.52,4.36,4.44,2425,0.00,0.00
2020-10-12,4.32,4.48,4.32,4.48,5325,0.00,0.00
2020-10-13,4.32,4.40,4.24,4.36,13125,0.00,0.00
2020-10-14,4.28,4.36,4.12,4.24,8225,0.00,0.00
2020-10-15,4.12,4.28,4.08,4.24,11800,0.00,0.00
2020-10-16,4.20,4.32,4.08,4.32,15725,0.00,0.00
2020-10-19,4.28,5.16,4.28,4.68,240075,0.00,0.00
2020-10-20,4.60,4.76,4.40,4.56,72450,0.00,0.00
2020-10-21,4.52,4.68,4.20,4.28,30650,0.00,0.00
2020-10-22,4.16,4.32,4.12,4.24,25050,0.00,0.00
2020-10-23,4.24,4.60,4.24,4.56,35900,0.00,0.00
2020-10-26,4.60,4.68,4.20,4.40,22500,0.00,0.00
2020-10-27,4.40,4.48,4.12,4.24,97525,0.00,0.00
2020-10-28,4.08,4.16,4.00,4.08,80850,0.00,0.00
2020-10-29,4.00,4.56,3.96,4.20,186150,0.00,0.00
2020-10-30,4.04,4.16,3.60,3.88,62125,0.00,0.00
2020-11-02,3.64,3.64,3.32,3.44,73000,0.00,0.00
2020-11-03,3.44,3.56,3.44,3.52,29575,0.00,0.00
2020-11-04,3.56,3.56,3.36,3.40,19925,0.00,0.00
2020-11-05,3.40,3.44,3.28,3.44,13750,0.00,0.00
2020-11-06,3.44,4.76,3.44,4.12,1408250,0.00,0.00
2020-11-09,4.00,4.28,3.60,3.80,140225,0.00,0.00
2020-11-10,3.76,3.92,3.40,3.76,105050,0.00,0.00
2020-11-11,3.72,3.76,3.60,3.76,33450,0.00,0.00
2020-11-12,3.64,3.72,3.52,3.68,14450,0.00,0.00
2020-11-13,3.68,3.68,3.40,3.68,35725,0.00,0.00
2020-11-16,3.64,3.68,3.44,3.64,25875,0.00,0.00
2020-11-17,3.56,3.76,3.48,3.76,22375,0.00,0.00
2020-11-18,3.80,3.88,3.68,3.80,19950,0.00,0.00
2020-11-19,3.80,3.88,3.64,3.80,23950,0.00,0.00
2020-11-20,3.80,3.88,3.64,3.76,8325,0.00,0.00
2020-11-23,3.80,3.80,3.64,3.76,27800,0.00,0.00
2020-11-24,3.64,3.84,3.64,3.72,31475,0.00,0.00
2020-11-25,3.68,4.28,3.68,4.28,172625,0.00,0.00
2020-11-27,4.28,4.64,4.28,4.28,80075,0.00,0.00
2020-11-30,4.28,4.56,4.12,4.56,45375,0.00,0.00
2020-12-01,4.56,4.80,4.40,4.80,49125,0.00,0.00
2020-12-02,4.60,4.76,4.44,4.76,22225,0.00,0.00
2020-12-03,4.60,4.96,4.52,4.80,28750,0.00,0.00
2020-12-04,4.92,4.92,4.64,4.76,26525,0.00,0.00
2020-12-07,4.72,4.88,4.36,4.48,38625,0.00,0.00
2020-12-08,4.52,4.72,4.40,4.52,37525,0.00,0.00
2020-12-09,4.60,5.40,4.48,5.32,924200,0.00,0.00
2020-12-10,7.72,10.16,6.20,6.76,7249400,0.00,0.00
2020-12-11,6.00,7.08,5.80,6.88,469175,0.00,0.00
2020-12-14,6.40,6.64,5.68,5.76,138775,0.00,0.00
2020-12-15,6.12,6.12,5.36,5.84,136700,0.00,0.00
2020-12-16,5.84,6.20,5.36,5.60,92925,0.00,0.00
2020-12-17,5.36,5.64,5.32,5.60,87975,0.00,0.00
2020-12-18,5.44,5.56,5.32,5.36,46550,0.00,0.00
2020-12-21,5.32,5.52,5.20,5.28,69150,0.00,0.00
2020-12-22,5.28,5.92,5.28,5.72,46725,0.00,0.00
2020-12-23,5.48,5.68,5.00,5.32,71075,0.00,0.00
2020-12-24,5.32,5.52,5.20,5.24,18450,0.00,0.00
2020-12-28,5.80,5.80,5.52,5.68,105550,0.00,0.00
2020-12-29,5.56,5.68,5.20,5.48,48475,0.00,0.00
2020-12-30,5.28,5.56,5.28,5.36,43700,0.00,0.00
2020-12-31,5.32,5.64,5.24,5.52,37750,0.00,0.00
2021-01-04,5.72,5.88,5.64,5.84,50175,0.00,0.00
2021-01-05,5.88,5.92,5.48,5.68,31500,0.00,0.00
2021-01-06,5.80,5.92,5.60,5.76,44575,0.00,0.00
2021-01-07,5.64,6.08,5.64,5.96,68725,0.00,0.00
2021-01-08,6.00,6.32,5.80,6.24,50100,0.00,0.00
2021-01-11,6.44,6.60,6.28,6.52,87550,0.00,0.00
2021-01-12,6.92,7.60,6.80,7.48,534075,0.00,0.00
2021-01-13,7.68,7.80,6.88,7.00,195000,0.00,0.00
2021-01-14,7.44,7.52,7.04,7.36,127700,0.00,0.00
2021-01-15,7.20,7.48,7.20,7.32,69025,0.00,0.00
2021-01-19,7.32,7.68,7.16,7.60,95850,0.00,0.00
2021-01-20,7.96,7.96,7.44,7.80,77650,0.00,0.00
2021-01-21,7.76,7.80,7.44,7.68,53500,0.00,0.00
2021-01-22,7.52,7.76,7.24,7.44,62600,0.00,0.00
2021-01-25,7.56,7.84,7.44,7.48,55625,0.00,0.00
2021-01-26,7.72,7.72,7.20,7.28,53725,0.00,0.00
2021-01-27,7.24,7.40,6.92,6.96,60900,0.00,0.00
2021-01-28,7.12,7.32,6.92,7.04,51300,0.00,0.00
2021-01-29,6.96,7.20,6.76,6.88,16975,0.00,0.00
2021-02-01,7.64,7.68,7.20,7.24,51375,0.00,0.00
2021-02-02,7.56,7.56,7.24,7.28,21425,0.00,0.00
2021-02-03,7.40,7.52,7.24,7.52,33000,0.00,0.00
2021-02-04,7.52,7.52,7.28,7.40,45475,0.00,0.00
2021-02-05,7.44,8.76,7.44,8.32,274625,0.00,0.00
2021-02-08,8.24,8.76,8.12,8.36,139125,0.00,0.00
2021-02-09,8.48,9.00,8.40,9.00,81050,0.00,0.00
2021-02-10,9.00,9.36,8.16,8.52,110425,0.00,0.00
2021-02-11,8.60,8.68,8.20,8.68,54950,0.00,0.00
2021-02-12,8.80,8.80,8.28,8.40,38100,0.00,0.00
2021-02-16,8.52,9.16,8.40,9.08,79825,0.00,0.00
2021-02-17,9.08,9.08,8.52,8.76,34850,0.00,0.00
2021-02-18,8.72,8.80,8.32,8.48,37600,0.00,0.00
2021-02-19,8.48,8.76,8.40,8.60,26525,0.00,0.00
2021-02-22,8.52,8.52,8.08,8.28,30075,0.00,0.00
2021-02-23,7.92,7.92,6.68,7.24,75850,0.00,0.00
2021-02-24,7.24,7.48,7.24,7.28,16825,0.00,0.00
2021-02-25,7.52,7.60,6.60,6.80,37150,0.00,0.00
2021-02-26,6.72,6.88,6.40,6.44,24975,0.00,0.00
2021-03-01,6.44,7.16,6.40,6.72,31750,0.00,0.00
2021-03-02,6.72,6.88,6.12,6.28,24900,0.00,0.00
2021-03-03,6.64,6.64,6.16,6.16,16525,0.00,0.00
2021-03-04,6.28,6.48,5.32,5.44,63950,0.00,0.00
2021-03-05,5.64,5.92,5.04,5.40,33375,0.00,0.00
2021-03-08,5.64,5.68,5.12,5.20,21675,0.00,0.00
2021-03-09,5.56,6.00,5.24,6.00,53900,0.00,0.00
2021-03-10,5.92,6.32,5.52,6.24,172425,0.00,0.00
2021-03-11,6.32,6.40,5.80,6.16,57225,0.00,0.00
2021-03-12,5.80,6.28,5.72,6.00,55825,0.00,0.00
2021-03-15,6.04,6.40,6.00,6.40,31125,0.00,0.00
2021-03-16,6.60,6.72,6.08,6.36,51700,0.00,0.00
2021-03-17,6.32,7.00,6.08,6.96,115325,0.00,0.00
2021-03-18,7.00,7.12,6.52,6.80,63325,0.00,0.00
2021-03-19,6.84,6.84,6.44,6.64,25775,0.00,0.00
2021-03-22,6.60,6.64,6.24,6.36,19825,0.00,0.00
2021-03-23,6.20,6.48,5.84,5.92,18250,0.00,0.00
2021-03-24,5.92,6.16,5.60,5.68,16400,0.00,0.00
2021-03-25,5.72,5.80,5.44,5.80,8325,0.00,0.00
2021-03-26,5.96,6.08,5.48,5.80,21275,0.00,0.00
2021-03-29,5.64,6.04,5.60,5.72,37825,0.00,0.00
2021-03-30,5.60,5.84,5.44,5.80,50825,0.00,0.00
2021-03-31,5.72,5.80,5.64,5.64,12300,0.00,0.00
2021-04-01,5.80,6.12,5.72,6.04,18125,0.00,0.00
2021-04-05,6.24,6.60,5.76,6.48,49850,0.00,0.00
2021-04-06,6.56,6.68,6.04,6.20,25275,0.00,0.00
2021-04-07,6.24,6.68,5.72,5.88,80575,0.00,0.00
2021-04-08,5.92,6.32,5.60,6.32,65475,0.00,0.00
2021-04-09,6.20,6.24,6.00,6.08,19925,0.00,0.00
2021-04-12,6.12,6.12,5.80,5.80,22250,0.00,0.00
2021-04-13,5.88,6.36,5.60,6.20,1124050,0.00,0.00
2021-04-14,7.04,8.12,6.00,6.44,5262275,0.00,0.00
2021-04-15,6.04,6.24,5.72,5.80,183000,0.00,0.00
2021-04-16,5.60,5.72,5.52,5.68,77950,0.00,0.00
2021-04-19,5.56,5.56,5.12,5.20,97675,0.00,0.00
2021-04-20,5.12,5.20,4.80,4.92,60300,0.00,0.00
2021-04-21,4.88,5.20,4.84,4.96,34125,0.00,0.00
2021-04-22,4.88,5.24,4.84,5.00,8375,0.00,0.00
2021-04-23,4.92,5.44,4.92,5.40,28750,0.00,0.00
2021-04-26,5.40,5.72,5.00,5.60,25850,0.00,0.00
2021-04-27,5.68,5.72,5.48,5.72,26900,0.00,0.00
2021-04-28,5.64,5.80,5.32,5.64,52500,0.00,0.00
2021-04-29,5.44,5.68,5.44,5.56,10600,0.00,0.00
2021-04-30,5.56,5.76,5.36,5.56,21925,0.00,0.00
2021-05-03,5.68,5.68,5.32,5.44,15775,0.00,0.00
2021-05-04,5.28,5.36,5.04,5.16,22400,0.00,0.00
2021-05-05,5.16,5.40,5.16,5.40,8300,0.00,0.00
2021-05-06,5.32,5.44,5.08,5.16,17975,0.00,0.00
2021-05-07,5.08,5.36,5.04,5.04,19400,0.00,0.00
2021-05-10,5.04,5.36,4.88,5.04,13400,0.00,0.00
2021-05-11,4.96,5.40,4.88,5.08,13850,0.00,0.00
2021-05-12,5.16,5.16,4.96,5.00,7450,0.00,0.00
2021-05-13,5.00,5.12,4.40,4.84,42675,0.00,0.00
2021-05-14,4.96,5.00,4.80,4.92,7300,0.00,0.00
2021-05-17,4.84,5.12,4.84,5.08,4725,0.00,0.00
2021-05-18,5.00,5.16,4.92,5.08,5850,0.00,0.00
2021-05-19,5.00,5.52,4.60,5.28,130475,0.00,0.00
2021-05-20,5.36,5.36,5.04,5.28,8650,0.00,0.00
2021-05-21,5.20,5.24,5.04,5.08,8250,0.00,0.00
2021-05-24,5.08,5.44,5.08,5.24,19150,0.00,0.00
2021-05-25,5.36,5.48,5.08,5.36,11325,0.00,0.00
2021-05-26,5.28,5.36,5.24,5.24,4250,0.00,0.00
2021-05-27,5.28,5.28,5.08,5.24,17525,0.00,0.00
2021-05-28,5.28,5.40,5.08,5.28,6750,0.00,0.00
2021-06-01,5.32,5.52,5.24,5.40,16525,0.00,0.00
2021-06-02,5.32,5.52,5.28,5.40,12850,0.00,0.00
2021-06-03,5.36,5.96,5.24,5.92,44425,0.00,0.00
2021-06-04,5.80,6.68,5.64,5.72,92500,0.00,0.00
2021-06-07,5.76,5.92,5.64,5.72,28850,0.00,0.00
2021-06-08,5.64,6.00,5.64,5.72,9200,0.00,0.00
2021-06-09,5.84,5.84,5.48,5.80,18250,0.00,0.00
2021-06-10,5.76,5.96,5.64,5.72,10650,0.00,0.00
2021-06-11,5.96,5.96,5.44,5.60,12900,0.00,0.00
2021-06-14,5.48,5.84,5.48,5.52,8800,0.00,0.00
2021-06-15,5.52,5.92,5.52,5.64,13600,0.00,0.00
2021-06-16,5.64,5.76,5.52,5.52,5300,0.00,0.00
2021-06-17,5.28,5.64,5.28,5.56,10450,0.00,0.00
2021-06-18,5.48,5.60,5.36,5.36,3425,0.00,0.00
2021-06-21,5.32,5.52,5.32,5.40,5900,0.00,0.00
2021-06-22,5.44,5.64,5.32,5.36,8375,0.00,0.00
2021-06-23,5.28,5.56,5.28,5.40,3400,0.00,0.00
2021-06-24,5.48,5.72,5.40,5.64,16200,0.00,0.00
2021-06-25,5.72,5.76,5.48,5.72,9950,0.00,0.00
2021-06-28,5.64,5.92,5.64,5.80,9125,0.00,0.00
2021-06-29,5.80,6.40,5.56,6.12,520900,0.00,0.00
2021-06-30,6.32,6.96,6.12,6.36,332275,0.00,0.00
2021-07-01,5.56,6.32,5.56,6.12,93025,0.00,0.00
2021-07-02,5.72,6.04,5.60,5.60,39950,0.00,0.00
2021-07-06,5.72,6.28,5.72,6.24,58850,0.00,0.00
2021-07-07,6.28,6.28,5.88,6.08,36350,0.00,0.00
2021-07-08,5.68,6.20,5.68,6.04,18325,0.00,0.00
2021-07-09,6.20,8.00,6.16,7.84,374575,0.00,0.00
2021-07-12,7.12,7.76,5.96,6.32,468025,0.00,0.00
2021-07-13,5.96,6.44,5.96,6.00,77225,0.00,0.00
2021-07-14,5.88,6.20,5.80,5.92,28525,0.00,0.00
2021-07-15,5.76,5.88,5.60,5.72,42625,0.00,0.00
2021-07-16,5.72,5.76,5.60,5.60,19400,0.00,0.00
2021-07-19,5.56,5.56,5.28,5.36,21100,0.00,0.00
2021-07-20,5.28,5.44,5.20,5.36,11200,0.00,0.00
2021-07-21,5.28,5.76,5.20,5.64,19475,0.00,0.00
2021-07-22,5.72,5.76,5.44,5.72,11550,0.00,0.00
2021-07-23,5.60,5.80,5.44,5.56,11600,0.00,0.00
2021-07-26,5.64,5.72,5.36,5.44,11500,0.00,0.00
2021-07-27,5.44,5.52,5.28,5.36,11075,0.00,0.00
2021-07-28,5.44,5.60,5.20,5.52,15000,0.00,0.00
2021-07-29,5.60,5.80,5.28,5.80,12325,0.00,0.00
2021-07-30,5.68,5.72,5.56,5.56,4475,0.00,0.00
2021-08-02,5.68,5.76,5.44,5.60,4325,0.00,0.00
2021-08-03,5.60,5.76,5.40,5.60,12300,0.00,0.00
2021-08-04,5.48,5.68,5.44,5.52,5500,0.00,0.00
2021-08-05,5.64,5.64,5.36,5.48,3400,0.00,0.00
2021-08-06,5.48,5.60,5.48,5.52,2575,0.00,0.00
2021-08-09,5.40,5.60,5.20,5.20,28250,0.00,0.00
2021-08-10,5.28,5.48,5.28,5.32,6500,0.00,0.00
2021-08-11,5.28,5.40,5.20,5.20,14675,0.00,0.00
2021-08-12,5.08,5.36,4.40,5.00,18150,0.00,0.00
2021-08-13,4.84,5.28,4.84,5.20,21300,0.00,0.00
2021-08-16,5.12,5.24,5.00,5.00,4275,0.00,0.00
2021-08-17,4.88,5.00,4.64,4.96,7375,0.00,0.00
2021-08-18,4.88,5.04,4.80,4.92,8475,0.00,0.00
2021-08-19,4.80,4.88,4.64,4.64,5525,0.00,0.00
2021-08-20,4.96,5.00,4.68,4.72,11600,0.00,0.00
2021-08-23,4.76,5.08,4.68,4.76,4600,0.00,0.00
2021-08-24,4.80,5.08,4.80,4.96,6950,0.00,0.00
2021-08-25,4.96,5.16,4.80,5.16,13850,0.00,0.00
2021-08-26,5.00,5.36,4.92,5.08,6175,0.00,0.00
2021-08-27,5.12,5.28,5.08,5.16,3375,0.00,0.00
2021-08-30,5.24,5.24,5.00,5.16,2525,0.00,0.00
2021-08-31,5.04,5.20,5.04,5.12,6750,0.00,0.00
2021-09-01,5.20,5.28,5.12,5.20,2475,0.00,0.00
2021-09-02,5.32,5.40,5.20,5.24,10475,0.00,0.00
2021-09-03,5.24,5.28,5.04,5.08,4775,0.00,0.00
2021-09-07,5.04,5.16,5.04,5.04,4025,0.00,0.00
2021-09-08,5.08,5.16,4.92,5.00,5375,0.00,0.00
2021-09-09,4.88,5.16,4.88,5.16,11025,0.00,0.00
2021-09-10,5.08,5.20,5.00,5.00,2975,0.00,0.00
2021-09-13,4.96,5.20,4.64,4.76,10150,0.00,0.00
2021-09-14,4.68,5.08,4.64,4.72,15125,0.00,0.00
2021-09-15,4.68,5.00,4.68,4.84,11150,0.00,0.00
2021-09-16,4.72,5.20,4.64,5.20,81725,0.00,0.00
2021-09-17,5.16,5.16,4.88,4.96,4400,0.00,0.00
2021-09-20,4.84,5.00,4.76,4.84,10125,0.00,0.00
2021-09-21,4.80,5.12,4.64,4.64,7700,0.00,0.00
2021-09-22,4.68,4.80,4.64,4.80,5475,0.00,0.00
2021-09-23,4.92,4.92,4.64,4.80,3050,0.00,0.00
2021-09-24,4.84,4.96,4.72,4.72,3125,0.00,0.00
2021-09-27,4.72,4.84,4.72,4.72,11000,0.00,0.00
2021-09-28,4.64,4.80,4.48,4.56,15700,0.00,0.00
2021-09-29,4.44,4.84,4.44,4.60,16100,0.00,0.00
2021-09-30,4.68,4.84,4.56,4.60,8975,0.00,0.00
2021-10-01,4.60,4.72,4.56,4.56,9450,0.00,0.00
2021-10-04,4.52,4.64,4.52,4.52,2500,0.00,0.00
2021-10-05,4.52,4.56,4.32,4.36,12300,0.00,0.00
2021-10-06,4.40,4.56,4.24,4.44,11175,0.00,0.00
2021-10-07,4.40,4.60,4.36,4.52,5100,0.00,0.00
2021-10-08,4.52,4.68,4.52,4.60,2775,0.00,0.00
2021-10-11,4.52,4.68,4.44,4.44,4600,0.00,0.00
2021-10-12,4.40,4.56,4.40,4.52,1600,0.00,0.00
2021-10-13,4.56,4.60,4.48,4.48,2100,0.00,0.00
2021-10-14,4.60,4.72,4.48,4.56,3375,0.00,0.00
2021-10-15,4.64,4.72,4.48,4.52,3375,0.00,0.00
2021-10-18,4.48,4.76,4.48,4.52,2175,0.00,0.00
2021-10-19,4.52,4.64,4.52,4.60,2800,0.00,0.00
2021-10-20,4.48,4.68,4.48,4.56,3500,0.00,0.00
2021-10-21,4.64,4.96,4.48,4.52,26200,0.00,0.00
2021-10-22,4.52,4.72,4.48,4.64,11375,0.00,0.00
2021-10-25,4.60,5.12,4.60,4.92,21200,0.00,0.00
2021-10-26,4.92,5.00,4.76,4.84,4875,0.00,0.00
2021-10-27,4.72,5.32,4.72,5.12,60050,0.00,0.00
2021-10-28,5.28,5.36,5.00,5.32,64675,0.00,0.00
2021-10-29,5.24,5.36,4.68,4.72,24550,0.00,0.00
2021-11-01,4.72,4.92,4.72,4.88,9225,0.00,0.00
2021-11-02,4.84,4.92,4.80,4.84,4025,0.00,0.00
2021-11-03,4.88,5.00,4.80,4.96,4725,0.00,0.00
2021-11-04,4.92,5.00,4.88,4.88,6550,0.00,0.00
2021-11-05,5.00,5.04,4.76,4.88,8125,0.00,0.00
2021-11-08,4.96,5.12,4.84,4.96,1875,0.00,0.00
2021-11-09,4.88,5.12,4.76,4.96,9475,0.00,0.00
2021-11-10,4.96,5.16,4.88,5.16,31575,0.00,0.00
2021-11-11,5.20,5.20,4.92,5.04,13100,0.00,0.00
2021-11-12,5.00,5.08,4.92,5.04,2200,0.00,0.00
2021-11-15,5.00,5.08,4.88,5.00,11675,0.00,0.00
2021-11-16,5.00,5.08,4.80,4.88,6300,0.00,0.00
2021-11-17,4.92,5.24,4.84,5.20,21500,0.00,0.00
2021-11-18,5.20,5.20,4.72,4.88,11650,0.00,0.00
2021-11-19,4.96,4.96,4.52,4.68,23100,0.00,0.00
2021-11-22,4.64,4.64,4.48,4.56,12350,0.00,0.00
2021-11-23,4.60,4.80,4.52,4.52,2825,0.00,0.00
2021-11-24,4.60,4.68,4.52,4.64,1225,0.00,0.00
2021-11-26,4.64,4.72,4.32,4.72,6400,0.00,0.00
2021-11-29,4.76,4.76,4.44,4.48,9725,0.00,0.00
2021-11-30,4.40,4.56,4.24,4.28,12450,0.00,0.00
2021-12-01,4.28,4.36,4.20,4.20,3925,0.00,0.00
2021-12-02,4.16,4.48,4.04,4.20,17050,0.00,0.00
2021-12-03,4.04,4.24,3.92,3.92,10750,0.00,0.00
2021-12-06,3.76,4.20,3.76,4.04,5325,0.00,0.00
2021-12-07,4.20,4.40,4.04,4.12,6300,0.00,0.00
2021-12-08,4.16,4.24,4.04,4.04,1875,0.00,0.00
2021-12-09,4.00,4.40,3.96,3.96,3700,0.00,0.00
2021-12-10,3.96,4.16,3.88,3.88,6350,0.00,0.00
2021-12-13,3.92,3.96,3.60,3.72,5875,0.00,0.00
2021-12-14,3.68,4.04,3.68,3.84,5125,0.00,0.00
2021-12-15,3.64,3.80,3.64,3.80,7125,0.00,0.00
2021-12-16,3.60,3.84,3.56,3.56,3400,0.00,0.00
2021-12-17,3.64,3.96,3.64,3.64,5475,0.00,0.00
2021-12-20,3.64,3.80,3.44,3.52,6075,0.00,0.00
2021-12-21,3.52,3.72,3.44,3.72,10000,0.00,0.00
2021-12-22,3.68,3.72,3.48,3.68,9175,0.00,0.00
2021-12-23,3.52,3.80,3.44,3.60,9350,0.00,0.00
2021-12-27,3.60,3.80,3.40,3.56,14450,0.00,0.00
2021-12-28,3.56,3.64,3.28,3.28,22275,0.00,0.00
2021-12-29,3.28,3.44,3.00,3.28,33625,0.00,0.00
2021-12-30,3.44,3.60,3.36,3.44,13600,0.00,0.00
2021-12-31,3.60,3.68,3.40,3.48,26225,0.00,0.00
2022-01-03,3.68,3.68,3.40,3.52,1875,0.00,0.00
2022-01-04,3.56,3.76,3.44,3.56,4750,0.00,0.00
2022-01-05,3.64,3.64,3.44,3.44,2275,0.00,0.00
2022-01-06,3.44,3.60,3.40,3.40,7500,0.00,0.00
2022-01-07,3.52,3.56,3.20,3.52,4850,0.00,0.00
2022-01-10,3.32,3.60,3.20,3.36,3325,0.00,0.00
2022-01-11,3.32,3.96,3.32,3.68,11100,0.00,0.00
2022-01-12,3.56,3.96,3.40,3.64,29025,0.00,0.00
2022-01-13,3.68,3.84,3.32,3.68,15250,0.00,0.00
2022-01-14,3.60,3.88,3.44,3.88,4425,0.00,0.00
2022-01-18,3.72,3.76,3.72,3.76,1175,0.00,0.00
2022-01-19,3.72,3.72,3.48,3.60,3075,0.00,0.00
2022-01-20,3.60,3.88,3.32,3.68,14850,0.00,0.00
2022-01-21,3.60,3.92,3.32,3.68,9075,0.00,0.00
2022-01-24,3.60,3.80,3.32,3.40,26275,0.00,0.00
2022-01-25,3.32,3.96,3.20,3.72,14900,0.00,0.00
2022-01-26,3.76,3.76,3.52,3.76,1325,0.00,0.00
2022-01-27,3.56,3.64,3.28,3.40,4625,0.00,0.00
2022-01-28,3.24,3.76,3.24,3.32,6625,0.00,0.00
2022-01-31,3.20,3.44,3.20,3.44,1075,0.00,0.00
2022-02-01,3.44,3.44,3.32,3.36,3450,0.00,0.00
2022-02-02,3.44,3.44,3.28,3.32,3625,0.00,0.00
2022-02-03,3.20,3.24,3.20,3.24,1075,0.00,0.00
2022-02-04,3.28,3.36,3.20,3.20,2475,0.00,0.00
2022-02-07,3.24,3.40,3.20,3.40,1525,0.00,0.00
2022-02-08,3.32,3.60,3.32,3.60,9125,0.00,0.00
2022-02-09,3.48,3.68,3.44,3.48,2200,0.00,0.00
2022-02-10,3.40,3.68,3.40,3.56,2125,0.00,0.00
2022-02-11,3.40,3.56,3.36,3.36,2275,0.00,0.00
2022-02-14,3.40,3.72,3.32,3.32,3900,0.00,0.00
2022-02-15,3.40,3.56,3.40,3.52,8500,0.00,0.00
2022-02-16,3.40,3.60,3.40,3.40,1350,0.00,0.00
2022-02-17,3.40,3.60,3.40,3.48,850,0.00,0.00
2022-02-18,3.44,3.44,3.32,3.44,3200,0.00,0.00
2022-02-22,3.40,3.44,3.20,3.24,700,0.00,0.00
2022-02-23,3.24,3.24,3.20,3.20,4200,0.00,0.00
2022-02-24,3.16,3.36,3.12,3.36,2025,0.00,0.00
2022-02-25,3.20,3.36,3.16,3.36,3425,0.00,0.00
2022-02-28,3.12,3.48,2.96,3.28,27200,0.00,0.00
2022-03-01,3.36,3.36,3.00,3.24,3275,0.00,0.00
2022-03-02,3.40,3.52,3.00,3.40,3675,0.00,0.00
2022-03-03,3.32,3.60,3.08,3.24,6550,0.00,0.00
2022-03-04,3.20,3.52,3.08,3.32,12725,0.00,0.00
2022-03-07,3.24,3.28,3.04,3.12,1375,0.00,0.00
2022-03-08,2.96,3.28,2.96,3.20,7925,0.00,0.00
2022-03-09,3.00,3.20,2.96,2.96,3750,0.00,0.00
2022-03-10,3.00,3.04,2.96,3.00,4950,0.00,0.00
2022-03-11,3.00,3.04,2.84,2.96,5375,0.00,0.00
2022-03-14,2.80,2.96,2.80,2.96,700,0.00,0.00
2022-03-15,2.80,2.88,2.72,2.80,5025,0.00,0.00
2022-03-16,2.88,3.12,2.80,3.00,14025,0.00,0.00
2022-03-17,2.88,3.00,2.72,2.92,15625,0.00,0.00
2022-03-18,2.80,3.40,2.80,3.24,8675,0.00,0.00
2022-03-21,3.00,3.24,2.80,3.08,3225,0.00,0.00
2022-03-22,3.08,3.36,2.84,3.08,1975,0.00,0.00
2022-03-23,2.96,3.24,2.80,3.16,2400,0.00,0.00
2022-03-24,3.40,3.40,3.20,3.32,2850,0.00,0.00
2022-03-25,3.28,3.28,2.92,3.08,1200,0.00,0.00
2022-03-28,3.08,3.28,3.08,3.28,2000,0.00,0.00
2022-03-29,3.20,3.28,3.00,3.28,3050,0.00,0.00
2022-03-30,2.80,3.28,2.80,3.04,9850,0.00,0.00
2022-03-31,2.72,3.28,2.72,2.88,5550,0.00,0.00
2022-04-01,2.88,3.24,2.88,3.20,4750,0.00,0.00
2022-04-04,3.20,3.32,2.84,3.28,5425,0.00,0.00
2022-04-05,3.04,3.28,3.04,3.16,2600,0.00,0.00
2022-04-06,2.88,3.12,2.88,2.88,2350,0.00,0.00
2022-04-07,3.04,3.04,2.92,3.00,2825,0.00,0.00
2022-04-08,3.20,3.20,2.92,2.96,350,0.00,0.00
2022-04-11,2.96,3.20,2.92,3.20,5925,0.00,0.00
2022-04-12,2.92,3.16,2.88,3.12,1225,0.00,0.00
2022-04-13,3.00,3.28,2.92,3.00,13025,0.00,0.00
2022-04-14,3.08,3.08,3.08,3.08,100,0.00,0.00
2022-04-18,3.16,3.16,2.92,2.92,1750,0.00,0.00
2022-04-19,2.92,3.08,2.92,3.00,4525,0.00,0.00
2022-04-20,2.92,3.00,2.92,3.00,2750,0.00,0.00
2022-04-21,2.92,2.92,2.92,2.92,100,0.00,0.00
2022-04-22,2.92,3.20,2.92,3.16,3925,0.00,0.00
2022-04-25,3.24,3.40,2.92,3.00,3625,0.00,0.00
2022-04-26,2.92,3.20,2.88,3.08,14300,0.00,0.00
2022-04-27,2.96,2.96,2.96,2.96,100,0.00,0.00
2022-04-28,3.28,3.28,2.92,3.16,3700,0.00,0.00
2022-04-29,3.16,3.36,3.04,3.16,6775,0.00,0.00
2022-05-02,2.88,3.04,2.88,2.96,550,0.00,0.00
2022-05-03,2.88,3.00,2.88,2.96,400,0.00,0.00
2022-05-04,2.92,3.00,2.92,2.96,2650,0.00,0.00
2022-05-05,3.04,3.04,2.88,2.88,850,0.00,0.00
2022-05-06,2.88,2.96,2.84,2.84,1750,0.00,0.00
2022-05-09,2.84,3.04,2.80,2.84,5125,0.00,0.00
2022-05-10,2.72,2.80,2.60,2.72,6050,0.00,0.00
2022-05-11,2.72,2.80,2.64,2.80,4850,0.00,0.00
2022-05-12,2.64,2.84,2.64,2.84,3325,0.00,0.00
2022-05-13,2.84,2.96,2.60,2.88,2650,0.00,0.00
2022-05-16,2.76,2.76,2.64,2.64,975,0.00,0.00
2022-05-17,2.64,2.76,2.44,2.56,9975,0.00,0.00
2022-05-18,2.44,2.60,2.44,2.48,2200,0.00,0.00
2022-05-19,2.48,2.56,2.44,2.52,1900,0.00,0.00
2022-05-20,2.56,2.60,2.44,2.44,2325,0.00,0.00
2022-05-23,2.56,2.80,2.44,2.44,3175,0.00,0.00
2022-05-24,2.44,2.52,2.44,2.44,3175,0.00,0.00
2022-05-25,2.44,2.72,2.44,2.72,1600,0.00,0.00
2022-05-26,2.72,2.96,2.44,2.96,7600,0.00,0.00
2022-05-27,2.92,2.92,2.44,2.44,575,0.00,0.00
2022-05-31,3.00,3.00,2.72,2.72,6500,0.00,0.00
2022-06-01,2.92,3.12,2.88,2.92,2250,0.00,0.00
2022-06-02,2.96,2.96,2.72,2.88,850,0.00,0.00
2022-06-03,2.72,2.80,2.60,2.80,1525,0.00,0.00
2022-06-06,2.80,3.12,2.80,3.12,10300,0.00,0.00
2022-06-07,2.64,3.08,2.60,2.76,5700,0.00,0.00
2022-06-08,2.88,3.12,2.76,3.12,6550,0.00,0.00
2022-06-09,2.88,3.36,2.80,3.32,7325,0.00,0.00
2022-06-10,3.32,3.36,3.16,3.20,875,0.00,0.00
2022-06-13,3.16,3.20,2.80,3.16,500,0.00,0.00
2022-06-14,2.92,3.08,2.88,3.08,600,0.00,0.00
2022-06-15,3.00,3.16,3.00,3.04,825,0.00,0.00
2022-06-16,2.92,3.36,2.92,3.04,9550,0.00,0.00
2022-06-17,3.36,3.36,3.04,3.20,875,0.00,0.00
2022-06-21,3.04,3.36,2.96,3.32,950,0.00,0.00
2022-06-22,2.96,3.20,2.80,2.96,1550,0.00,0.00
2022-06-23,3.12,3.28,3.12,3.24,4225,0.00,0.00
2022-06-24,3.36,3.44,3.28,3.44,4475,0.00,0.00
2022-06-27,3.20,3.48,3.20,3.48,6525,0.00,0.00
2022-06-28,3.56,3.80,3.36,3.44,14975,0.00,0.00
2022-06-29,3.44,3.90,3.38,3.61,22500,0.00,0.25
2022-06-30,3.29,3.60,3.12,3.30,20700,0.00,0.00
2022-07-01,3.10,3.59,3.10,3.54,14100,0.00,0.00
2022-07-05,3.40,3.51,3.35,3.51,3700,0.00,0.00
2022-07-06,3.40,3.60,3.40,3.60,3000,0.00,0.00
2022-07-07,3.38,3.49,3.38,3.49,800,0.00,0.00
2022-07-08,3.48,3.61,3.39,3.39,3700,0.00,0.00
2022-07-11,3.36,3.52,3.05,3.52,3200,0.00,0.00
2022-07-12,3.45,3.66,3.45,3.49,1600,0.00,0.00
2022-07-13,3.11,3.40,3.11,3.40,1800,0.00,0.00
2022-07-14,3.41,3.41,3.40,3.40,700,0.00,0.00
2022-07-15,3.40,3.58,3.22,3.37,15000,0.00,0.00
2022-07-18,3.11,3.58,3.11,3.42,1100,0.00,0.00
2022-07-19,3.35,3.39,3.35,3.38,1800,0.00,0.00
2022-07-20,3.32,3.60,3.32,3.47,6200,0.00,0.00
2022-07-21,3.60,3.79,3.51,3.79,7900,0.00,0.00
2022-07-22,3.88,4.00,3.60,3.99,12700,0.00,0.00
2022-07-25,3.87,4.00,3.70,4.00,2600,0.00,0.00
2022-07-26,3.89,4.00,3.80,4.00,2200,0.00,0.00
2022-07-27,3.80,3.84,3.78,3.78,1800,0.00,0.00
2022-07-28,3.89,3.89,3.66,3.84,8300,0.00,0.00
2022-07-29,3.77,3.77,3.31,3.31,5800,0.00,0.00
2022-08-01,3.31,3.39,3.28,3.39,1700,0.00,0.00
2022-08-02,3.31,3.65,3.31,3.65,8100,0.00,0.00
2022-08-03,3.51,3.85,3.50,3.50,2500,0.00,0.00
2022-08-04,3.48,3.82,3.48,3.74,1200,0.00,0.00
2022-08-05,3.61,3.90,3.42,3.42,2200,0.00,0.00
2022-08-08,3.68,3.89,3.50,3.67,3300,0.00,0.00
2022-08-09,3.52,3.96,3.52,3.72,4600,0.00,0.00
2022-08-10,3.76,4.08,3.76,3.90,17600,0.00,0.00
2022-08-11,3.81,3.81,3.51,3.77,5300,0.00,0.00
2022-08-12,3.40,3.80,3.40,3.61,6000,0.00,0.00
2022-08-15,3.47,3.75,3.47,3.58,2100,0.00,0.00
2022-08-16,3.76,3.76,3.49,3.70,2000,0.00,0.00
2022-08-17,3.57,3.73,3.45,3.72,2800,0.00,0.00
2022-08-18,3.64,3.90,3.59,3.90,4500,0.00,0.00
2022-08-19,3.87,3.95,3.76,3.95,9000,0.00,0.00
2022-08-22,3.71,3.81,3.71,3.80,2600,0.00,0.00
2022-08-23,3.69,3.88,3.69,3.78,3100,0.00,0.00
2022-08-24,3.68,3.99,3.66,3.79,1800,0.00,0.00
2022-08-25,3.90,4.05,3.86,3.95,19600,0.00,0.00
2022-08-26,3.92,4.05,3.92,3.93,4200,0.00,0.00
2022-08-29,3.93,4.08,3.90,4.08,16500,0.00,0.00
2022-08-30,3.97,3.97,3.38,3.38,9000,0.00,0.00
2022-08-31,3.72,4.15,3.72,3.97,10100,0.00,0.00
2022-09-01,4.16,4.16,3.85,3.85,3600,0.00,0.00
2022-09-02,3.95,4.02,3.95,4.01,14100,0.00,0.00
2022-09-06,3.88,3.99,3.86,3.95,5900,0.00,0.00
2022-09-07,3.95,4.00,3.94,3.96,3000,0.00,0.00
2022-09-08,3.86,3.94,3.86,3.94,1000,0.00,0.00
2022-09-09,3.86,4.01,3.86,3.95,30400,0.00,0.00
2022-09-12,3.85,3.88,3.85,3.86,1200,0.00,0.00
2022-09-13,3.85,3.88,3.85,3.88,1500,0.00,0.00
2022-09-14,3.86,3.96,3.86,3.96,3100,0.00,0.00
2022-09-15,3.87,3.87,3.82,3.82,1100,0.00,0.00
2022-09-16,3.75,3.75,3.59,3.61,800,0.00,0.00
2022-09-19,3.63,3.80,3.63,3.80,2400,0.00,0.00
2022-09-20,3.80,3.80,3.73,3.73,800,0.00,0.00
2022-09-21,3.72,3.73,3.50,3.50,16100,0.00,0.00
2022-09-22,3.55,3.55,3.55,3.55,500,0.00,0.00
2022-09-23,3.45,3.45,3.12,3.12,2800,0.00,0.00
2022-09-26,3.43,3.84,3.43,3.56,11700,0.00,0.00
2022-09-27,3.54,3.69,3.54,3.69,1400,0.00,0.00
2022-09-28,3.51,3.72,3.51,3.72,2500,0.00,0.00
2022-09-29,3.61,3.71,3.51,3.71,600,0.00,0.00
2022-09-30,3.62,3.75,3.45,3.64,8400,0.00,0.00
2022-10-03,3.64,3.82,3.63,3.80,8100,0.00,0.00
2022-10-04,3.76,4.00,3.76,3.90,9600,0.00,0.00
2022-10-05,3.90,3.96,3.82,3.94,16000,0.00,0.00
2022-10-06,3.89,3.89,3.82,3.88,4200,0.00,0.00
2022-10-07,3.85,3.85,3.79,3.79,3000,0.00,0.00
2022-10-10,3.74,3.75,3.66,3.75,7000,0.00,0.00
2022-10-11,3.68,3.75,3.68,3.75,1700,0.00,0.00
2022-10-12,3.84,3.98,3.65,3.75,10700,0.00,0.00
2022-10-13,3.78,3.83,3.69,3.70,12800,0.00,0.00
2022-10-14,3.70,3.79,3.51,3.51,23100,0.00,0.00
2022-10-17,3.49,3.77,3.49,3.61,38200,0.00,0.00
2022-10-18,3.61,3.61,3.56,3.60,13700,0.00,0.00
2022-10-19,3.51,3.74,3.51,3.74,5500,0.00,0.00
2022-10-20,3.62,3.62,3.62,3.62,1800,0.00,0.00
2022-10-21,3.56,3.80,3.55,3.80,8600,0.00,0.00
2022-10-24,3.79,3.79,3.55,3.58,1100,0.00,0.00
2022-10-25,3.59,3.65,3.53,3.53,35000,0.00,0.00
2022-10-26,3.56,3.73,3.56,3.72,19000,0.00,0.00
2022-10-27,3.64,3.91,3.62,3.91,4700,0.00,0.00
2022-10-28,3.70,4.00,3.70,4.00,7100,0.00,0.00
2022-10-31,4.04,4.25,3.60,3.60,30500,0.00,0.00
2022-11-01,4.02,4.22,3.75,3.94,8100,0.00,0.00
2022-11-02,3.69,4.05,3.66,3.74,2900,0.00,0.00
2022-11-03,3.81,4.15,3.80,4.05,45700,0.00,0.00
2022-11-04,4.42,4.42,3.57,3.57,13300,0.00,0.00
2022-11-07,3.60,3.67,3.57,3.67,3300,0.00,0.00
2022-11-08,3.67,4.02,3.67,3.94,20700,0.00,0.00
2022-11-09,3.88,4.00,3.88,4.00,2100,0.00,0.00
2022-11-10,3.89,4.33,3.89,3.94,9500,0.00,0.00
2022-11-11,4.04,4.30,3.98,4.09,10800,0.00,0.00
2022-11-14,4.00,4.25,4.00,4.18,17600,0.00,0.00
2022-11-15,4.19,4.32,4.19,4.24,8700,0.00,0.00
2022-11-16,4.12,4.15,4.12,4.12,800,0.00,0.00
2022-11-17,4.04,4.18,4.04,4.18,500,0.00,0.00
2022-11-18,4.16,4.42,4.16,4.30,4200,0.00,0.00
2022-11-21,3.90,4.10,3.84,3.84,2600,0.00,0.00
2022-11-22,3.92,4.23,3.90,3.90,4100,0.00,0.00
2022-11-23,4.03,4.42,4.03,4.31,4700,0.00,0.00
2022-11-25,4.14,4.42,4.14,4.42,2500,0.00,0.00
2022-11-28,4.28,4.42,4.19,4.39,5500,0.00,0.00
2022-11-29,4.27,4.42,4.24,4.42,1500,0.00,0.00
2022-11-30,4.41,4.41,4.00,4.00,3100,0.00,0.00
2022-12-01,4.15,4.55,4.15,4.41,2800,0.00,0.00
2022-12-02,4.49,4.73,4.49,4.64,5400,0.00,0.00
2022-12-05,4.63,4.85,4.63,4.76,7700,0.00,0.00
2022-12-06,4.77,4.89,4.77,4.78,4500,0.00,0.00
2022-12-07,4.62,5.00,4.62,4.71,7300,0.00,0.00
2022-12-08,4.76,5.00,4.55,4.55,4400,0.00,0.00
2022-12-09,4.74,4.89,4.60,4.64,3500,0.00,0.00
2022-12-12,4.46,4.60,4.10,4.25,5100,0.00,0.00
2022-12-13,4.22,4.70,4.22,4.67,2900,0.00,0.00
2022-12-14,4.53,4.73,4.50,4.50,27700,0.00,0.00
2022-12-15,4.39,4.39,4.39,4.39,400,0.00,0.00
2022-12-16,4.39,4.39,4.39,4.39,600,0.00,0.00
2022-12-19,4.34,4.61,4.34,4.35,1800,0.00,0.00
2022-12-20,4.31,4.31,4.24,4.25,2000,0.00,0.00
2022-12-21,3.91,4.50,3.91,4.22,4800,0.00,0.00
2022-12-22,4.16,4.39,4.14,4.25,4900,0.00,0.00
2022-12-23,4.16,4.44,4.07,4.44,6200,0.00,0.00
2022-12-27,4.44,4.44,3.86,3.86,2700,0.00,0.00
2022-12-28,3.88,4.26,3.46,3.50,4600,0.00,0.00
2022-12-29,3.46,3.69,3.46,3.55,1700,0.00,0.00
2022-12-30,3.47,3.68,3.47,3.55,1600,0.00,0.00
2023-01-03,3.64,3.64,3.54,3.54,600,0.00,0.00
2023-01-04,3.54,3.62,3.54,3.62,400,0.00,0.00
2023-01-05,3.64,3.98,3.64,3.90,11000,0.00,0.00
2023-01-06,3.81,4.03,3.77,3.99,5400,0.00,0.00
2023-01-09,3.87,4.12,3.87,4.06,1900,0.00,0.00
2023-01-10,4.08,4.29,3.91,4.29,4100,0.00,0.00
2023-01-11,4.39,4.50,4.39,4.50,1700,0.00,0.00
2023-01-12,4.50,4.75,4.49,4.65,1800,0.00,0.00
2023-01-13,4.80,4.90,4.56,4.88,4500,0.00,0.00
2023-01-17,4.70,4.70,4.52,4.52,17000,0.00,0.00
2023-01-18,4.50,4.65,4.08,4.09,11000,0.00,0.00
2023-01-19,4.50,4.82,4.42,4.82,2100,0.00,0.00
2023-01-20,4.85,4.85,4.62,4.62,4200,0.00,0.00
2023-01-23,4.65,4.83,4.65,4.83,600,0.00,0.00
2023-01-24,4.65,5.03,4.65,5.00,5300,0.00,0.00
2023-01-25,4.77,5.01,4.29,4.29,3400,0.00,0.00
2023-01-26,4.58,5.00,4.49,4.90,2300,0.00,0.00
2023-01-27,4.90,4.90,4.90,4.90,700,0.00,0.00
2023-01-30,4.85,4.85,4.09,4.09,4200,0.00,0.00
2023-01-31,4.20,4.20,4.20,4.20,600,0.00,0.00
2023-02-01,4.20,4.24,4.20,4.24,700,0.00,0.00
2023-02-02,4.27,4.67,4.27,4.67,1400,0.00,0.00
2023-02-03,4.57,4.81,4.47,4.81,3600,0.00,0.00
2023-02-06,4.32,4.58,4.11,4.21,9300,0.00,0.00
2023-02-07,4.39,4.80,4.39,4.80,7700,0.00,0.00
2023-02-08,4.73,4.74,4.59,4.74,3600,0.00,0.00
2023-02-09,4.65,4.68,4.62,4.62,1400,0.00,0.00
2023-02-10,4.54,4.80,4.54,4.68,1500,0.00,0.00
2023-02-13,4.52,4.65,4.49,4.64,4200,0.00,0.00
2023-02-14,4.47,4.66,4.47,4.64,1400,0.00,0.00
2023-02-15,4.37,4.70,4.37,4.60,4900,0.00,0.00
2023-02-16,4.38,4.75,4.38,4.41,2200,0.00,0.00
2023-02-17,4.42,4.57,4.42,4.57,600,0.00,0.00
2023-02-21,4.46,4.46,4.38,4.40,1600,0.00,0.00
2023-02-22,4.21,4.68,4.21,4.30,1500,0.00,0.00
2023-02-23,4.33,4.34,4.33,4.34,2000,0.00,0.00
2023-02-24,4.14,4.64,4.10,4.41,6000,0.00,0.00
2023-02-27,4.20,4.61,4.20,4.24,1800,0.00,0.00
2023-02-28,4.30,4.60,4.26,4.39,1800,0.00,0.00
2023-03-01,4.20,4.20,4.20,4.20,500,0.00,0.00
2023-03-02,3.76,4.52,3.76,4.52,3500,0.00,0.00
2023-03-03,4.43,4.64,4.43,4.48,2100,0.00,0.00
2023-03-06,4.39,4.62,4.39,4.62,900,0.00,0.00
2023-03-07,4.52,4.52,4.52,4.52,700,0.00,0.00
2023-03-08,4.21,4.70,4.21,4.59,2100,0.00,0.00
2023-03-09,4.45,4.64,4.45,4.64,1800,0.00,0.00
2023-03-10,4.41,4.41,4.28,4.28,1100,0.00,0.00
2023-03-13,4.16,4.60,3.81,4.18,6500,0.00,0.00
2023-03-14,3.92,4.32,3.92,4.32,1400,0.00,0.00
2023-03-15,4.10,4.10,4.10,4.10,1100,0.00,0.00
2023-03-16,4.13,4.13,3.82,3.82,700,0.00,0.00
2023-03-17,3.82,3.82,3.77,3.77,1300,0.00,0.00
2023-03-20,3.87,3.88,3.87,3.87,700,0.00,0.00
2023-03-21,3.87,3.87,3.87,3.87,500,0.00,0.00
2023-03-22,3.85,3.87,3.61,3.61,7600,0.00,0.00
2023-03-23,3.74,3.74,3.70,3.70,1000,0.00,0.00
2023-03-24,3.50,3.50,3.48,3.48,500,0.00,0.00
2023-03-27,3.59,3.96,3.59,3.94,3100,0.00,0.00
2023-03-28,3.90,4.07,3.90,4.07,8500,0.00,0.00
2023-03-29,4.11,4.25,4.06,4.06,1800,0.00,0.00
2023-03-30,4.03,4.22,4.03,4.05,900,0.00,0.00
2023-03-31,4.06,4.31,4.06,4.31,900,0.00,0.00
2023-04-03,4.19,4.19,3.84,4.08,3100,0.00,0.00
2023-04-04,4.12,4.40,4.06,4.40,1400,0.00,0.00
2023-04-05,4.02,4.20,3.95,3.95,1200,0.00,0.00
2023-04-06,3.50,3.65,3.50,3.65,5700,0.00,0.00
2023-04-10,3.66,4.04,3.66,3.83,3200,0.00,0.00
2023-04-11,3.74,4.09,3.74,4.09,1500,0.00,0.00
2023-04-12,3.93,4.17,3.68,3.94,9300,0.00,0.00
2023-04-13,3.95,4.28,3.95,4.28,1100,0.00,0.00
2023-04-14,4.10,4.14,4.03,4.04,5200,0.00,0.00
2023-04-17,3.78,4.04,3.78,4.04,3700,0.00,0.00
2023-04-18,3.82,4.31,3.82,4.30,2100,0.00,0.00
2023-04-19,3.95,4.25,3.86,3.86,700,0.00,0.00
2023-04-20,3.86,4.10,3.86,4.09,3900,0.00,0.00
2023-04-21,3.83,3.91,3.81,3.91,700,0.00,0.00
2023-04-24,3.78,3.95,3.71,3.95,1700,0.00,0.00
2023-04-25,3.86,3.86,3.71,3.75,1200,0.00,0.00
2023-04-26,3.60,3.86,3.60,3.75,3600,0.00,0.00
2023-04-27,3.85,3.85,3.66,3.73,800,0.00,0.00
2023-04-28,3.72,4.00,3.72,4.00,900,0.00,0.00
2023-05-01,3.69,3.69,3.69,3.69,700,0.00,0.00
2023-05-02,3.69,3.76,3.69,3.72,1100,0.00,0.00
2023-05-03,3.74,3.74,3.74,3.74,600,0.00,0.00
2023-05-04,3.52,3.78,3.52,3.69,700,0.00,0.00
2023-05-05,3.61,3.80,3.61,3.80,2400,0.00,0.00
2023-05-08,3.66,3.77,3.56,3.77,2200,0.00,0.00
2023-05-09,3.68,3.68,3.52,3.55,600,0.00,0.00
2023-05-10,3.56,3.59,3.56,3.59,400,0.00,0.00
2023-05-11,3.41,3.97,3.41,3.60,6700,0.00,0.00
2023-05-12,3.61,3.92,3.61,3.82,3200,0.00,0.00
2023-05-15,3.57,3.99,3.57,3.81,6100,0.00,0.00
2023-05-16,3.51,3.62,3.51,3.62,1200,0.00,0.00
2023-05-17,3.53,3.57,3.53,3.57,700,0.00,0.00
2023-05-18,3.56,3.59,3.56,3.59,1700,0.00,0.00
2023-05-19,3.57,3.80,3.57,3.64,1200,0.00,0.00
2023-05-22,3.68,3.80,3.61,3.70,2700,0.00,0.00
2023-05-23,3.65,3.97,3.65,3.97,7200,0.00,0.00
2023-05-24,3.81,3.81,3.70,3.78,1800,0.00,0.00
2023-05-25,3.70,3.80,3.70,3.80,800,0.00,0.00
2023-05-26,3.47,3.91,3.47,3.81,3200,0.00,0.00
2023-05-30,3.64,3.85,3.61,3.78,1700,0.00,0.00
2023-05-31,3.60,3.94,3.60,3.90,7900,0.00,0.00
2023-06-01,3.61,3.74,3.61,3.62,600,0.00,0.00
2023-06-02,3.62,3.62,3.62,3.62,700,0.00,0.00
2023-06-05,3.56,3.70,3.56,3.70,800,0.00,0.00
2023-06-06,3.58,3.84,3.57,3.84,2800,0.00,0.00
2023-06-07,3.61,3.62,3.61,3.62,500,0.00,0.00
2023-06-08,3.62,3.62,3.57,3.58,500,0.00,0.00
2023-06-09,3.58,3.58,3.58,3.58,600,0.00,0.00
2023-06-12,3.55,3.57,3.55,3.57,800,0.00,0.00
2023-06-13,3.54,3.84,3.54,3.76,7300,0.00,0.00
2023-06-14,3.68,3.80,3.57,3.58,7400,0.00,0.00
2023-06-15,3.58,3.70,3.55,3.70,14700,0.00,0.00
2023-06-16,3.37,3.65,3.37,3.65,2300,0.00,0.00
2023-06-20,3.51,3.61,3.34,3.56,5200,0.00,0.00
2023-06-21,3.25,3.55,3.25,3.55,4600,0.00,0.00
2023-06-22,3.30,3.50,3.30,3.31,1200,0.00,0.00
2023-06-23,3.49,3.74,3.47,3.57,4600,0.00,0.00
2023-06-26,3.35,3.35,3.35,3.35,800,0.00,0.00
2023-06-27,3.34,3.40,3.34,3.40,700,0.00,0.00
2023-06-28,3.37,3.50,3.37,3.50,900,0.00,0.00
2023-06-29,3.33,3.71,3.33,3.38,5000,0.00,0.00
2023-06-30,3.32,3.55,3.32,3.53,1700,0.00,0.00
2023-07-03,3.53,3.53,3.53,3.53,500,0.00,0.00
2023-07-05,3.45,3.45,3.35,3.45,3700,0.00,0.00
2023-07-06,3.44,3.61,3.44,3.61,1700,0.00,0.00
2023-07-07,3.16,3.49,3.16,3.39,2100,0.00,0.00
2023-07-10,3.41,3.41,3.20,3.25,1200,0.00,0.00
2023-07-11,3.36,3.36,3.14,3.28,3500,0.00,0.00
2023-07-12,3.18,3.35,3.17,3.17,2700,0.00,0.00
2023-07-13,3.19,3.30,3.19,3.30,600,0.00,0.00
2023-07-14,3.35,3.75,3.30,3.75,5300,0.00,0.00
2023-07-17,3.50,3.50,3.38,3.42,1200,0.00,0.00
2023-07-18,3.25,3.77,3.25,3.76,2200,0.00,0.00
2023-07-19,3.72,3.95,3.58,3.77,21300,0.00,0.00
2023-07-20,3.73,3.90,3.48,3.71,6900,0.00,0.00
2023-07-21,3.66,3.91,3.66,3.85,9400,0.00,0.00
2023-07-24,3.66,4.07,3.66,3.95,24600,0.00,0.00
2023-07-25,3.80,3.81,3.71,3.71,600,0.00,0.00
2023-07-26,3.62,4.15,3.62,3.98,15100,0.00,0.00
2023-07-27,3.65,3.98,3.65,3.95,8100,0.00,0.00
2023-07-28,3.82,3.99,3.82,3.93,4300,0.00,0.00
2023-07-31,3.82,4.01,3.80,4.00,7600,0.00,0.00
2023-08-01,3.83,3.83,3.82,3.82,700,0.00,0.00
2023-08-02,3.82,3.82,3.82,3.82,800,0.00,0.00
2023-08-03,3.82,4.04,3.66,3.66,10200,0.00,0.00
2023-08-04,3.66,4.04,3.64,3.64,8000,0.00,0.00
2023-08-07,3.89,3.89,3.75,3.75,2100,0.00,0.00
2023-08-08,3.71,3.98,3.71,3.98,4200,0.00,0.00
2023-08-09,3.72,4.00,3.72,4.00,1200,0.00,0.00
2023-08-10,3.84,4.00,3.84,4.00,2800,0.00,0.00
2023-08-11,3.75,4.03,3.75,4.02,1500,0.00,0.00
2023-08-14,3.78,3.78,3.75,3.75,500,0.00,0.00
2023-08-15,3.84,3.90,3.80,3.90,900,0.00,0.00
2023-08-16,3.79,3.82,3.79,3.79,1500,0.00,0.00
2023-08-17,3.87,3.87,3.82,3.87,800,0.00,0.00
2023-08-18,3.77,3.82,3.77,3.82,900,0.00,0.00
2023-08-21,3.77,3.77,3.49,3.52,1900,0.00,0.00
2023-08-22,3.36,3.65,3.36,3.36,1600,0.00,0.00
2023-08-23,3.41,3.68,3.41,3.48,6700,0.00,0.00
2023-08-24,3.53,3.56,3.53,3.56,1200,0.00,0.00
2023-08-25,3.40,3.76,3.10,3.59,10600,0.00,0.00
2023-08-28,3.59,3.89,3.58,3.82,3500,0.00,0.00
2023-08-29,3.70,3.84,3.66,3.84,6600,0.00,0.00
2023-08-30,3.69,3.85,3.69,3.85,6000,0.00,0.00
2023-08-31,3.70,3.82,3.59,3.79,6500,0.00,0.00
2023-09-01,3.59,3.70,3.59,3.59,4400,0.00,0.00
2023-09-05,3.68,3.70,3.50,3.64,6300,0.00,0.00
2023-09-06,3.59,3.65,3.58,3.65,1000,0.00,0.00
2023-09-07,3.58,3.70,3.57,3.59,900,0.00,0.00
2023-09-08,3.57,3.67,3.54,3.54,3300,0.00,0.00
2023-09-11,3.57,3.70,3.56,3.68,2100,0.00,0.00
2023-09-12,3.56,3.58,3.53,3.53,600,0.00,0.00
2023-09-13,3.57,3.70,3.57,3.70,1400,0.00,0.00
2023-09-14,3.61,3.70,3.60,3.70,900,0.00,0.00
2023-09-15,3.60,3.65,3.56,3.64,500,0.00,0.00
2023-09-18,3.53,3.53,3.53,3.53,500,0.00,0.00
2023-09-19,3.60,3.60,3.27,3.58,4900,0.00,0.00
2023-09-20,3.61,3.65,3.53,3.53,800,0.00,0.00
2023-09-21,3.50,3.60,3.37,3.60,4800,0.00,0.00
2023-09-22,3.60,3.65,3.37,3.37,1500,0.00,0.00
2023-09-25,3.53,3.53,3.39,3.50,1100,0.00,0.00
2023-09-26,3.46,3.68,3.46,3.56,12100,0.00,0.00
2023-09-27,3.55,3.60,3.54,3.60,4200,0.00,0.00
2023-09-28,3.62,3.71,3.62,3.71,4200,0.00,0.00
2023-09-29,3.62,3.76,3.62,3.76,17800,0.00,0.00
2023-10-02,3.59,3.79,3.59,3.60,800,0.00,0.00
2023-10-03,3.53,3.53,3.52,3.52,500,0.00,0.00
2023-10-04,3.52,3.52,3.52,3.52,500,0.00,0.00
2023-10-05,3.47,3.54,3.47,3.54,1200,0.00,0.00
2023-10-06,3.54,3.64,3.48,3.64,2500,0.00,0.00
2023-10-09,3.49,3.50,3.49,3.50,600,0.00,0.00
2023-10-10,3.26,3.50,3.26,3.50,1800,0.00,0.00
2023-10-11,3.47,3.55,3.30,3.33,27400,0.00,0.00
2023-10-12,3.22,3.70,3.16,3.38,6000,0.00,0.00
2023-10-13,3.26,3.42,3.26,3.31,1500,0.00,0.00
2023-10-16,3.49,3.55,3.33,3.33,9900,0.00,0.00
2023-10-17,3.35,3.50,3.35,3.50,1000,0.00,0.00
2023-10-18,3.21,3.39,3.12,3.39,1000,0.00,0.00
2023-10-19,3.50,3.60,3.28,3.35,2000,0.00,0.00
2023-10-20,3.51,3.70,3.47,3.47,16500,0.00,0.00
2023-10-23,3.49,3.68,3.49,3.68,600,0.00,0.00
2023-10-24,3.62,3.68,3.62,3.68,7500,0.00,0.00
2023-10-25,3.67,3.70,3.61,3.70,600,0.00,0.00
2023-10-26,3.61,3.61,3.61,3.61,300,0.00,0.00
2023-10-27,3.58,3.65,3.46,3.46,6100,0.00,0.00
2023-10-30,3.60,3.60,3.50,3.58,1800,0.00,0.00
2023-10-31,3.69,3.75,3.68,3.70,5900,0.00,0.00
2023-11-01,3.62,3.62,3.62,3.62,800,0.00,0.00
2023-11-02,3.30,3.39,3.26,3.26,900,0.00,0.00
2023-11-03,3.21,3.48,3.21,3.45,8800,0.00,0.00
2023-11-06,3.55,3.70,3.55,3.67,10600,0.00,0.00
2023-11-07,3.57,3.74,3.57,3.74,1300,0.00,0.00
2023-11-08,3.61,3.74,3.61,3.74,2400,0.00,0.00
2023-11-09,3.72,3.72,3.60,3.60,700,0.00,0.00
2023-11-10,3.54,3.54,3.54,3.54,700,0.00,0.00
2023-11-13,3.52,3.62,3.52,3.52,1500,0.00,0.00
2023-11-14,3.49,3.58,3.39,3.39,1100,0.00,0.00
2023-11-15,3.68,3.68,3.68,3.68,1000,0.00,0.00
2023-11-16,3.67,3.68,3.57,3.57,2600,0.00,0.00
2023-11-17,3.49,3.68,3.35,3.55,12600,0.00,0.00
2023-11-20,3.19,3.69,3.19,3.69,2700,0.00,0.00
2023-11-21,3.54,3.54,3.47,3.47,1000,0.00,0.00
2023-11-22,3.30,3.48,3.30,3.48,2600,0.00,0.00
2023-11-24,3.31,3.63,3.31,3.63,500,0.00,0.00
2023-11-27,3.56,3.56,3.41,3.41,900,0.00,0.00
2023-11-28,3.52,3.56,3.42,3.56,1800,0.00,0.00
2023-11-29,3.49,3.70,3.36,3.62,10400,0.00,0.00
2023-11-30,3.49,3.66,3.48,3.62,1900,0.00,0.00
2023-12-01,3.45,3.57,3.44,3.52,6100,0.00,0.00
2023-12-04,3.34,3.62,3.34,3.53,6200,0.00,0.00
2023-12-05,3.44,3.53,3.43,3.46,2400,0.00,0.00
2023-12-06,3.54,3.54,3.46,3.46,900,0.00,0.00
2023-12-07,3.39,3.60,3.38,3.38,5000,0.00,0.00
2023-12-08,3.50,3.53,3.42,3.43,2900,0.00,0.00
2023-12-11,3.41,3.48,3.38,3.38,3100,0.00,0.00
2023-12-12,3.38,3.42,3.36,3.36,1700,0.00,0.00
2023-12-13,3.27,3.45,3.25,3.30,2800,0.00,0.00
2023-12-14,3.39,3.48,3.30,3.40,2900,0.00,0.00
2023-12-15,3.41,3.42,3.40,3.40,1000,0.00,0.00
2023-12-18,3.41,3.41,3.39,3.39,400,0.00,0.00
2023-12-19,3.26,3.30,3.22,3.22,600,0.00,0.00
2023-12-20,3.30,3.47,3.29,3.46,5000,0.00,0.00
2023-12-21,3.22,3.54,3.22,3.40,3000,0.00,0.00
2023-12-22,3.32,3.45,3.29,3.45,4500,0.00,0.00
2023-12-26,3.35,3.47,3.27,3.27,1600,0.00,0.00
2023-12-27,3.39,3.45,3.31,3.32,10600,0.00,0.00
2023-12-28,3.30,3.44,3.30,3.38,1400,0.00,0.00
2023-12-29,3.30,3.44,3.26,3.44,2700,0.00,0.00
2024-01-02,3.36,3.36,3.36,3.36,300,0.00,0.00
2024-01-03,3.35,3.43,3.35,3.43,1300,0.00,0.00
2024-01-04,3.42,3.43,3.32,3.35,4100,0.00,0.00
2024-01-05,3.30,3.35,3.26,3.29,1400,0.00,0.00
2024-01-08,3.24,3.40,3.24,3.40,1700,0.00,0.00
2024-01-09,3.25,3.26,3.25,3.26,300,0.00,0.00
2024-01-10,3.22,3.31,3.15,3.16,28900,0.00,0.00
2024-01-11,3.12,3.16,3.12,3.16,500,0.00,0.00
2024-01-12,3.14,3.14,3.14,3.14,1600,0.00,0.00
2024-01-16,3.11,3.11,3.00,3.01,14800,0.00,0.00
2024-01-17,2.88,3.18,2.87,2.90,3300,0.00,0.00
2024-01-18,2.85,2.99,2.85,2.90,5300,0.00,0.00
2024-01-19,2.79,2.91,2.78,2.82,1600,0.00,0.00
2024-01-22,2.54,2.91,2.54,2.91,2300,0.00,0.00
2024-01-23,2.84,2.94,2.84,2.94,800,0.00,0.00
2024-01-24,2.84,2.96,2.84,2.96,600,0.00,0.00
2024-01-25,2.94,3.08,2.94,3.08,1000,0.00,0.00
2024-01-26,2.97,3.00,2.97,2.99,1200,0.00,0.00
2024-01-29,2.92,3.05,2.86,3.05,1500,0.00,0.00
2024-01-30,2.88,2.94,2.87,2.94,500,0.00,0.00
2024-01-31,3.15,3.15,2.89,3.12,800,0.00,0.00
2024-02-01,2.92,3.04,2.91,3.04,500,0.00,0.00
2024-02-02,2.82,3.00,2.80,2.80,1300,0.00,0.00
2024-02-05,2.80,2.80,2.50,2.79,3300,0.00,0.00
2024-02-06,2.62,2.88,2.62,2.80,1900,0.00,0.00
2024-02-07,2.61,2.67,2.61,2.61,1200,0.00,0.00
2024-02-08,2.86,2.86,2.70,2.79,1800,0.00,0.00
2024-02-09,2.84,2.84,2.58,2.63,1000,0.00,0.00
2024-02-12,2.65,2.69,2.59,2.65,8800,0.00,0.00
2024-02-13,2.65,2.69,2.65,2.69,1000,0.00,0.00
2024-02-14,2.87,3.01,2.83,3.01,2300,0.00,0.00
2024-02-15,2.99,3.09,2.70,3.01,12300,0.00,0.00
2024-02-16,3.05,3.22,3.05,3.08,2900,0.00,0.00
2024-02-20,3.10,3.30,2.80,3.04,4500,0.00,0.00
2024-02-21,2.94,2.94,2.67,2.91,600,0.00,0.00
2024-02-22,3.00,3.00,3.00,3.00,1700,0.00,0.00
2024-02-23,3.10,3.10,2.73,2.73,4400,0.00,0.00
2024-02-26,2.89,2.91,2.85,2.85,1000,0.00,0.00
2024-02-27,2.80,2.80,2.59,2.59,700,0.00,0.00
2024-02-28,2.72,2.87,2.72,2.87,1300,0.00,0.00
2024-02-29,2.84,3.00,2.84,2.97,1200,0.00,0.00
2024-03-01,2.89,2.97,2.89,2.90,400,0.00,0.00
2024-03-04,2.82,2.82,2.82,2.82,500,0.00,0.00
2024-03-05,2.80,2.80,2.79,2.79,800,0.00,0.00
2024-03-06,2.77,2.77,2.77,2.77,500,0.00,0.00
2024-03-07,2.69,2.87,2.69,2.74,1600,0.00,0.00
2024-03-08,2.60,2.65,2.60,2.65,400,0.00,0.00
2024-03-11,2.61,2.69,2.61,2.69,400,0.00,0.00
2024-03-12,2.74,2.88,2.72,2.75,3100,0.00,0.00
2024-03-13,2.73,2.73,2.66,2.66,1600,0.00,0.00
2024-03-14,2.75,2.75,2.60,2.61,1000,0.00,0.00
2024-03-15,2.80,3.00,2.61,2.62,5400,0.00,0.00
2024-03-18,2.60,2.65,2.60,2.65,300,0.00,0.00
2024-03-19,2.66,2.66,2.66,2.66,500,0.00,0.00
2024-03-20,2.60,2.63,2.60,2.60,900,0.00,0.00
2024-03-21,2.60,2.60,2.60,2.60,500,0.00,0.00
2024-03-22,2.61,2.80,2.58,2.58,20800,0.00,0.00
2024-03-25,2.58,2.86,2.58,2.72,3500,0.00,0.00
2024-03-26,2.58,2.59,2.58,2.59,500,0.00,0.00
2024-03-27,2.62,2.87,2.59,2.59,6500,0.00,0.00
2024-03-28,2.63,2.88,2.60,2.60,1200,0.00,0.00
2024-04-01,2.74,2.88,2.60,2.60,800,0.00,0.00
2024-04-02,2.63,2.63,2.59,2.59,500,0.00,0.00
2024-04-03,2.59,2.74,2.59,2.61,1000,0.00,0.00
2024-04-04,2.63,2.63,2.61,2.61,400,0.00,0.00
2024-04-05,2.74,2.88,2.61,2.63,6000,0.00,0.00
2024-04-08,2.88,2.88,2.62,2.62,3000,0.00,0.00
2024-04-09,2.88,2.88,2.64,2.79,30700,0.00,0.00
2024-04-10,2.61,2.65,2.61,2.63,400,0.00,0.00
2024-04-11,2.72,2.72,2.60,2.60,5100,0.00,0.00
2024-04-12,2.61,3.00,2.40,2.70,18400,0.00,0.00
2024-04-15,2.80,2.98,2.61,2.62,5700,0.00,0.00
2024-04-16,2.62,3.00,2.62,2.65,5100,0.00,0.00
2024-04-17,2.74,2.85,2.66,2.66,2400,0.00,0.00
2024-04-18,2.63,2.70,2.58,2.63,1100,0.00,0.00
2024-04-19,2.62,2.62,2.59,2.59,400,0.00,0.00
2024-04-22,2.58,2.75,2.58,2.75,4000,0.00,0.00
2024-04-23,2.80,2.88,2.73,2.73,700,0.00,0.00
2024-04-24,2.75,2.75,2.69,2.69,400,0.00,0.00
2024-04-25,2.64,2.98,2.63,2.98,4900,0.00,0.00
2024-04-26,2.76,2.82,2.71,2.75,4600,0.00,0.00
2024-04-29,2.62,2.63,2.58,2.58,4300,0.00,0.00
2024-04-30,2.57,2.78,2.54,2.68,9600,0.00,0.00
2024-05-01,2.68,2.68,2.68,2.68,300,0.00,0.00
2024-05-02,2.68,2.69,2.68,2.69,400,0.00,0.00
2024-05-03,2.89,2.89,2.58,2.79,11300,0.00,0.00
2024-05-06,3.07,3.07,2.48,2.48,5700,0.00,0.00
2024-05-07,2.56,2.56,2.53,2.53,800,0.00,0.00
2024-05-08,2.54,2.73,2.49,2.53,1900,0.00,0.00
2024-05-09,2.69,2.70,2.62,2.69,2500,0.00,0.00
2024-05-10,2.72,2.72,2.72,2.72,1300,0.00,0.00
2024-05-13,2.74,2.88,2.74,2.85,9700,0.00,0.00
2024-05-14,2.92,3.01,2.91,2.95,22500,0.00,0.00
2024-05-15,2.90,2.91,2.85,2.89,14300,0.00,0.00
2024-05-16,2.55,2.95,2.55,2.95,4400,0.00,0.00
2024-05-17,3.09,3.09,2.84,3.02,10800,0.00,0.00
2024-05-20,2.90,3.00,2.90,2.90,800,0.00,0.00
2024-05-21,2.90,2.90,2.90,2.90,300,0.00,0.00
2024-05-22,2.90,2.92,2.90,2.90,2300,0.00,0.00
2024-05-23,3.08,3.09,2.90,2.91,1600,0.00,0.00
2024-05-24,2.90,2.90,2.85,2.88,1500,0.00,0.00
2024-05-28,2.84,2.85,2.78,2.78,2700,0.00,0.00
2024-05-29,2.72,2.72,2.71,2.71,600,0.00,0.00
2024-05-30,2.71,2.79,2.71,2.79,400,0.00,0.00
2024-05-31,2.56,2.56,2.56,2.56,200,0.00,0.00
2024-06-03,2.57,2.57,2.57,2.57,400,0.00,0.00
2024-06-04,2.57,2.57,2.57,2.57,400,0.00,0.00
2024-06-05,2.57,2.57,2.57,2.57,0,0.00,0.00
2024-06-06,2.57,2.57,2.57,2.57,400,0.00,0.00
2024-06-07,2.49,3.10,2.49,2.52,10500,0.00,0.00
2024-06-10,2.58,2.77,2.49,2.51,3300,0.00,0.00
2024-06-11,2.51,2.60,2.48,2.60,4000,0.00,0.00
2024-06-12,2.50,2.50,2.50,2.50,400,0.00,0.00
2024-06-13,2.20,2.46,2.20,2.46,800,0.00,0.00
2024-06-14,2.28,2.29,2.28,2.29,200,0.00,0.00
2024-06-17,2.48,2.62,2.40,2.60,5600,0.00,0.00
2024-06-18,2.60,2.62,2.48,2.60,9500,0.00,0.00
2024-06-20,2.33,2.55,2.33,2.55,1200,0.00,0.00
2024-06-21,2.57,2.69,2.57,2.69,200,0.00,0.00
2024-06-24,2.72,2.84,2.72,2.80,2200,0.00,0.00
2024-06-25,2.71,2.86,2.71,2.84,7600,0.00,0.00
2024-06-26,2.78,2.84,2.67,2.84,9700,0.00,0.00
2024-06-27,2.75,2.75,2.75,2.75,2600,0.00,0.00
2024-06-28,2.74,2.75,2.74,2.75,2500,0.00,0.00
2024-07-01,2.69,2.70,2.69,2.69,700,0.00,0.00
2024-07-02,2.69,2.71,2.66,2.66,1900,0.00,0.00
2024-07-03,2.66,2.67,2.60,2.65,3700,0.00,0.00
2024-07-05,2.62,2.62,2.61,2.61,300,0.00,0.00
2024-07-08,2.61,2.61,2.61,2.61,300,0.00,0.00
2024-07-09,2.61,2.61,2.61,2.61,900,0.00,0.00
2024-07-10,2.61,2.78,2.36,2.78,2400,0.00,0.00
2024-07-11,2.69,2.81,2.69,2.81,2100,0.00,0.00
2024-07-12,2.98,2.99,2.84,2.84,4500,0.00,0.00
2024-07-15,2.85,2.85,2.74,2.85,3300,0.00,0.00
2024-07-16,2.85,2.99,2.77,2.98,9600,0.00,0.00
2024-07-17,2.98,2.99,2.71,2.92,2500,0.00,0.00
2024-07-18,2.90,2.96,2.66,2.95,17200,0.00,0.00
2024-07-19,2.86,2.87,2.78,2.83,1700,0.00,0.00
2024-07-22,2.82,2.85,2.71,2.75,4800,0.00,0.00
2024-07-23,2.71,2.71,2.71,2.71,300,0.00,0.00
2024-07-24,2.77,2.77,2.77,2.77,700,0.00,0.00
2024-07-25,2.74,2.79,2.49,2.55,7700,0.00,0.00
2024-07-26,2.68,2.80,2.67,2.73,4100,0.00,0.00
2024-07-29,2.82,2.83,2.72,2.72,2400,0.00,0.00
2024-07-30,2.73,2.81,2.73,2.81,5200,0.00,0.00
2024-07-31,2.84,2.84,2.84,2.84,3500,0.00,0.00
2024-08-01,2.65,2.83,2.65,2.81,2200,0.00,0.00
2024-08-02,2.64,2.64,2.62,2.62,300,0.00,0.00
2024-08-05,2.28,2.65,2.28,2.63,6500,0.00,0.00
2024-08-06,2.53,2.53,2.53,2.53,400,0.00,0.00
2024-08-07,2.51,2.88,2.45,2.84,7300,0.00,0.00
2024-08-08,2.55,2.83,2.48,2.72,7300,0.00,0.00
2024-08-09,2.57,2.79,2.57,2.79,600,0.00,0.00
2024-08-12,2.60,2.70,2.59,2.66,3700,0.00,0.00
2024-08-13,2.66,2.66,2.66,2.66,500,0.00,0.00
2024-08-14,2.58,2.58,2.58,2.58,200,0.00,0.00
2024-08-15,2.67,2.67,2.67,2.67,400,0.00,0.00
2024-08-16,2.67,2.67,2.67,2.67,600,0.00,0.00
2024-08-19,2.45,2.81,2.45,2.60,700,0.00,0.00
2024-08-20,2.56,3.00,2.56,2.68,17600,0.00,0.00
2024-08-21,2.76,2.87,2.70,2.87,7400,0.00,0.00
2024-08-22,2.75,2.81,2.75,2.81,600,0.00,0.00
2024-08-23,2.88,2.91,2.73,2.90,2200,0.00,0.00
2024-08-26,2.84,2.90,2.77,2.87,1300,0.00,0.00
2024-08-27,2.84,2.84,2.76,2.82,600,0.00,0.00
2024-08-28,2.74,2.74,2.74,2.74,200,0.00,0.00
2024-08-29,2.77,2.81,2.77,2.81,500,0.00,0.00
2024-08-30,2.81,2.81,2.81,2.81,600,0.00,0.00
2024-09-03,2.72,2.72,2.72,2.72,400,0.00,0.00
2024-09-04,2.44,2.65,2.44,2.50,4600,0.00,0.00
2024-09-05,2.50,2.68,2.44,2.44,5200,0.00,0.00
2024-09-06,2.55,2.80,2.42,2.46,5000,0.00,0.00
2024-09-09,2.65,2.97,2.65,2.72,11000,0.00,0.00
2024-09-10,2.61,2.70,2.44,2.56,92400,0.00,0.00
2024-09-11,2.73,3.20,2.73,3.04,7400,0.00,0.00
2024-09-12,2.76,3.00,2.70,2.83,12000,0.00,0.00
2024-09-13,2.84,2.98,2.83,2.86,6700,0.00,0.00
2024-09-16,2.85,2.99,2.85,2.99,500,0.00,0.00
2024-09-17,2.99,3.05,2.92,3.00,4800,0.00,0.00
2024-09-18,3.00,3.00,3.00,3.00,500,0.00,0.00
2024-09-19,2.97,3.01,2.97,2.97,2600,0.00,0.00
2024-09-20,2.98,2.98,2.86,2.86,600,0.00,0.00
2024-09-23,2.92,2.92,2.84,2.89,1100,0.00,0.00
2024-09-24,2.81,2.90,2.81,2.90,800,0.00,0.00
2024-09-25,2.71,2.92,2.71,2.92,1400,0.00,0.00
2024-09-26,2.74,3.00,2.74,3.00,6200,0.00,0.00
2024-09-27,2.90,3.00,2.70,3.00,15000,0.00,0.00
2024-09-30,3.00,3.14,2.93,3.10,11800,0.00,0.00
2024-10-01,2.80,3.15,2.76,2.88,9600,0.00,0.00
2024-10-02,3.01,3.01,3.00,3.00,1200,0.00,0.00
2024-10-03,3.05,3.05,2.94,3.00,2500,0.00,0.00
2024-10-04,2.90,2.99,2.90,2.99,600,0.00,0.00
2024-10-07,2.90,2.97,2.90,2.90,2600,0.00,0.00
2024-10-08,2.72,2.92,2.71,2.80,17600,0.00,0.00
2024-10-09,2.79,2.90,2.74,2.80,7800,0.00,0.00
2024-10-10,2.72,2.85,2.70,2.85,1900,0.00,0.00
2024-10-11,2.75,2.80,2.75,2.77,1300,0.00,0.00
2024-10-14,2.82,2.93,2.71,2.90,2000,0.00,0.00
2024-10-15,2.90,2.95,2.80,2.90,4500,0.00,0.00
2024-10-16,2.84,2.84,2.84,2.84,800,0.00,0.00
2024-10-17,2.98,2.99,2.86,2.86,2000,0.00,0.00
2024-10-18,2.89,2.99,2.72,2.98,6200,0.00,0.00
2024-10-21,2.84,2.93,2.84,2.93,900,0.00,0.00
2024-10-22,2.90,2.93,2.87,2.91,2500,0.00,0.00
2024-10-23,2.89,2.89,2.80,2.80,400,0.00,0.00
2024-10-24,2.80,2.80,2.54,2.72,6900,0.00,0.00
2024-10-25,2.63,2.98,2.63,2.98,12000,0.00,0.00
2024-10-28,2.87,2.87,2.87,2.87,1100,0.00,0.00
2024-10-29,2.85,2.92,2.85,2.92,2300,0.00,0.00
2024-10-30,2.87,2.97,2.86,2.91,2600,0.00,0.00
2024-10-31,2.84,2.87,2.75,2.87,1700,0.00,0.00
2024-11-01,2.78,2.84,2.78,2.84,600,0.00,0.00
2024-11-04,2.81,2.81,2.69,2.72,2900,0.00,0.00
2024-11-05,2.84,2.89,2.84,2.84,600,0.00,0.00
2024-11-06,2.74,2.94,2.74,2.94,1900,0.00,0.00
2024-11-07,2.98,3.00,2.84,3.00,2400,0.00,0.00
2024-11-08,2.69,2.69,2.69,2.69,400,0.00,0.00
2024-11-11,2.74,2.89,2.50,2.63,9900,0.00,0.00
2024-11-12,2.64,2.73,2.63,2.73,3500,0.00,0.00
2024-11-13,2.63,2.63,2.63,2.63,300,0.00,0.00
2024-11-14,2.69,3.10,2.59,2.63,32300,0.00,0.00
2024-11-15,2.79,3.22,2.45,2.45,22800,0.00,0.00
2024-11-18,2.45,2.62,2.36,2.43,3300,0.00,0.00
2024-11-19,2.48,2.70,2.28,2.70,7500,0.00,0.00
2024-11-20,2.62,2.92,2.62,2.85,17600,0.00,0.00
2024-11-21,2.99,2.99,2.73,2.85,5900,0.00,0.00
2024-11-22,2.76,3.10,2.76,2.89,2000,0.00,0.00
2024-11-25,3.02,3.04,2.90,3.04,1300,0.00,0.00
2024-11-26,2.98,3.00,2.91,2.97,3400,0.00,0.00
2024-11-27,2.92,3.00,2.90,3.00,2700,0.00,0.00
2024-11-29,2.99,2.99,2.99,2.99,400,0.00,0.00
2024-12-02,2.92,2.92,2.92,2.92,500,0.00,0.00
2024-12-03,2.90,2.99,2.50,2.76,39300,0.00,0.00
2024-12-04,2.63,2.90,2.55,2.56,7800,0.00,0.00
2024-12-05,2.64,2.72,2.60,2.65,6400,0.00,0.00
2024-12-06,2.78,2.78,2.65,2.73,3800,0.00,0.00
2024-12-09,2.68,2.87,2.68,2.70,5000,0.00,0.00
2024-12-10,2.67,2.89,2.66,2.66,6900,0.00,0.00
2024-12-11,2.64,2.80,2.57,2.70,37200,0.00,0.00
2024-12-12,2.64,2.64,2.64,2.64,600,0.00,0.00
2024-12-13,2.64,2.64,2.64,2.64,0,0.00,0.00
2024-12-16,2.60,2.80,2.53,2.53,3300,0.00,0.00
2024-12-17,2.45,2.60,2.38,2.50,13900,0.00,0.00
2024-12-18,2.40,2.40,2.40,2.40,500,0.00,0.00
2024-12-19,2.49,2.49,2.49,2.49,700,0.00,0.00
2024-12-20,2.32,2.48,2.28,2.43,15500,0.00,0.00
2024-12-23,2.50,2.57,2.50,2.57,2100,0.00,0.00
2024-12-24,2.68,2.68,2.57,2.59,3900,0.00,0.00
2024-12-26,2.62,2.73,2.62,2.70,3100,0.00,0.00
2024-12-27,2.74,2.80,2.74,2.80,1900,0.00,0.00
2024-12-30,2.61,2.80,2.52,2.70,15800,0.00,0.00
2024-12-31,2.74,2.90,2.74,2.90,3500,0.00,0.00
2025-01-02,2.89,2.96,2.84,2.88,6400,0.00,0.00
2025-01-03,2.75,2.75,2.74,2.74,1100,0.00,0.00
2025-01-06,2.74,2.87,2.74,2.75,1200,0.00,0.00
2025-01-07,2.74,2.88,2.74,2.74,5400,0.00,0.00
2025-01-08,2.74,2.74,2.74,2.74,300,0.00,0.00
2025-01-10,2.75,2.81,2.74,2.74,900,0.00,0.00
2025-01-13,2.75,2.75,2.75,2.75,300,0.00,0.00
2025-01-14,2.75,2.75,2.74,2.74,400,0.00,0.00
2025-01-15,2.75,2.75,2.74,2.74,300,0.00,0.00
2025-01-16,2.74,2.74,2.74,2.74,200,0.00,0.00
2025-01-17,2.74,2.74,2.74,2.74,200,0.00,0.00
2025-01-21,2.76,2.76,2.74,2.74,2400,0.00,0.00
2025-01-22,2.96,3.00,2.75,2.90,14800,0.00,0.00
2025-01-23,2.88,2.88,2.75,2.75,1000,0.00,0.00
2025-01-24,2.76,2.87,2.74,2.87,3400,0.00,0.00
2025-01-27,2.87,2.99,2.74,2.96,2300,0.00,0.00
2025-01-28,2.49,2.88,2.49,2.75,6300,0.00,0.00
2025-01-29,2.49,2.95,2.49,2.95,500,0.00,0.00
2025-01-30,2.74,2.90,2.66,2.82,6700,0.00,0.00
2025-01-31,2.66,2.67,2.64,2.64,3700,0.00,0.00
2025-02-03,2.60,2.99,2.39,2.80,9200,0.00,0.00
2025-02-04,2.74,2.80,2.55,2.56,8000,0.00,0.00
2025-02-05,2.70,2.77,2.59,2.59,2600,0.00,0.00
2025-02-06,2.79,2.79,2.61,2.61,2500,0.00,0.00
2025-02-07,2.52,2.61,2.52,2.53,900,0.00,0.00
2025-02-10,2.56,2.71,2.56,2.71,1100,0.00,0.00
2025-02-11,2.79,2.79,2.79,2.79,700,0.00,0.00
2025-02-12,2.67,2.76,2.67,2.72,1100,0.00,0.00
2025-02-13,2.59,2.75,2.50,2.68,23800,0.00,0.00
2025-02-14,2.50,2.64,2.50,2.60,8700,0.00,0.00
2025-02-18,2.48,2.65,2.48,2.65,3200,0.00,0.00
2025-02-19,2.63,2.63,2.40,2.50,13900,0.00,0.00
2025-02-20,2.70,2.70,2.50,2.50,6900,0.00,0.00
2025-02-21,2.65,2.65,2.50,2.65,1300,0.00,0.00
2025-02-24,2.39,2.60,2.39,2.60,1700,0.00,0.00
2025-02-25,2.47,2.60,2.47,2.49,1000,0.00,0.00
2025-02-26,2.49,2.50,2.39,2.39,6500,0.00,0.00
2025-02-27,2.45,2.45,2.35,2.35,8200,0.00,0.00
2025-02-28,2.49,2.49,2.35,2.40,2000,0.00,0.00
2025-03-03,2.35,2.41,2.35,2.41,900,0.00,0.00
2025-03-04,2.30,2.45,2.30,2.36,1500,0.00,0.00
2025-03-05,2.45,2.45,2.32,2.32,400,0.00,0.00
2025-03-06,2.32,2.42,2.32,2.41,14600,0.00,0.00
2025-03-07,2.43,2.43,2.43,2.43,2400,0.00,0.00
2025-03-10,2.43,2.43,2.34,2.35,1100,0.00,0.00
2025-03-11,2.30,2.50,2.30,2.44,6500,0.00,0.00
2025-03-12,2.45,2.45,2.32,2.44,1800,0.00,0.00
2025-03-13,2.32,2.50,2.32,2.49,6400,0.00,0.00
2025-03-14,2.38,2.40,2.35,2.40,1500,0.00,0.00
2025-03-17,2.33,2.35,2.33,2.35,800,0.00,0.00
2025-03-18,2.35,2.41,2.35,2.40,1200,0.00,0.00
2025-03-19,2.30,2.40,2.30,2.40,2000,0.00,0.00
2025-03-20,2.40,2.40,2.40,2.40,300,0.00,0.00
2025-03-21,2.40,2.40,2.40,2.40,300,0.00,0.00
2025-03-24,2.35,2.40,2.35,2.40,1000,0.00,0.00
2025-03-25,2.40,2.40,2.40,2.40,300,0.00,0.00
2025-03-26,2.40,2.40,2.40,2.40,400,0.00,0.00
2025-03-27,2.40,2.40,2.39,2.40,2300,0.00,0.00
2025-03-28,2.40,2.40,2.40,2.40,300,0.00,0.00
2025-03-31,2.40,2.50,2.40,2.50,2900,0.00,0.00
2025-04-01,2.41,2.41,2.41,2.41,300,0.00,0.00
2025-04-02,2.31,2.40,2.31,2.40,400,0.00,0.00
2025-04-03,2.40,2.45,2.40,2.45,400,0.00,0.00
2025-04-04,2.31,2.41,2.30,2.31,2400,0.00,0.00
2025-04-07,2.30,2.42,2.20,2.31,2400,0.00,0.00
2025-04-08,2.22,2.31,2.20,2.31,800,0.00,0.00
2025-04-09,2.17,2.31,2.17,2.23,1200,0.00,0.00
2025-04-10,2.32,2.32,2.32,2.32,1300,0.00,0.00
2025-04-11,2.32,2.32,2.32,2.32,500,0.00,0.00
2025-04-14,2.32,2.38,1.84,2.10,7200,0.00,0.00
2025-04-15,2.15,2.25,2.15,2.25,700,0.00,0.00
2025-04-16,2.11,2.38,2.11,2.38,800,0.00,0.00
2025-04-17,2.38,2.38,2.38,2.38,0,0.00,0.00
2025-04-21,2.00,2.21,2.00,2.20,1900,0.00,0.00
2025-04-22,2.17,2.21,2.17,2.20,400,0.00,0.00
2025-04-23,2.30,2.39,2.30,2.36,3300,0.00,0.00
2025-04-24,2.36,2.36,2.36,2.36,400,0.00,0.00
2025-04-25,2.36,2.50,2.36,2.41,5000,0.00,0.00
2025-04-28,2.41,2.50,2.40,2.40,1100,0.00,0.00
2025-04-29,2.49,2.50,2.40,2.50,3000,0.00,0.00
2025-04-30,2.32,2.65,2.32,2.60,4800,0.00,0.00
2025-05-01,2.65,2.76,2.57,2.57,1500,0.00,0.00
2025-05-02,2.53,2.67,2.53,2.67,700,0.00,0.00
2025-05-05,2.65,2.66,2.65,2.66,1800,0.00,0.00
2025-05-06,2.65,2.70,2.65,2.70,300,0.00,0.00
2025-05-07,2.70,2.70,2.70,2.70,400,0.00,0.00
2025-05-08,2.47,2.80,2.41,2.64,3600,0.00,0.00
2025-05-09,2.50,2.60,2.49,2.50,7300,0.00,0.00
2025-05-12,2.60,2.70,2.60,2.60,2300,0.00,0.00
2025-05-13,2.70,2.77,2.60,2.60,4800,0.00,0.00
2025-05-14,2.43,2.60,2.43,2.60,700,0.00,0.00
2025-05-15,2.60,2.60,2.60,2.60,300,0.00,0.00
2025-05-16,2.65,2.65,2.65,2.65,100,0.00,0.00
2025-05-19,2.65,2.65,2.65,2.65,400,0.00,0.00
2025-05-20,2.65,2.65,2.65,2.65,800,0.00,0.00
2025-05-21,2.65,2.65,2.65,2.65,200,0.00,0.00
2025-05-22,2.65,2.65,2.65,2.65,800,0.00,0.00
2025-05-23,2.51,2.67,2.51,2.67,2000,0.00,0.00
2025-05-27,2.65,2.67,2.60,2.60,7000,0.00,0.00
2025-05-28,2.60,2.63,2.60,2.60,800,0.00,0.00
2025-05-29,2.60,2.60,2.60,2.60,200,0.00,0.00
2025-05-30,2.60,2.61,2.60,2.61,600,0.00,0.00
2025-06-02,2.60,2.60,2.60,2.60,500,0.00,0.00
2025-06-03,2.60,2.67,2.20,2.61,21700,0.00,0.00
2025-06-04,2.60,2.62,2.31,2.40,14400,0.00,0.00
2025-06-05,2.50,2.54,2.50,2.50,15100,0.00,0.00
2025-06-06,2.51,2.51,2.50,2.50,500,0.00,0.00
2025-06-09,2.30,2.32,2.30,2.30,1600,0.00,0.00
2025-06-10,2.30,2.30,2.30,2.30,0,0.00,0.00
2025-06-11,2.28,2.28,2.28,2.28,3000,0.00,0.00
2025-06-12,2.35,2.38,2.17,2.17,7300,0.00,0.00
2025-06-13,2.17,2.17,2.17,2.17,0,0.00,0.00
2025-06-16,2.18,2.18,2.18,2.18,800,0.00,0.00
2025-06-17,2.25,2.42,2.25,2.42,800,0.00,0.00
2025-06-18,2.25,2.25,2.25,2.25,300,0.00,0.00
2025-06-20,2.01,2.38,2.01,2.30,2700,0.00,0.00
2025-06-23,2.30,2.31,2.30,2.30,900,0.00,0.00
2025-06-24,2.30,2.30,2.30,2.30,800,0.00,0.00
2025-06-25,2.30,2.30,2.30,2.30,400,0.00,0.00
2025-06-26,2.32,2.76,2.32,2.47,34900,0.00,0.00
2025-06-27,2.80,2.80,2.54,2.70,18000,0.00,0.00
2025-06-30,2.73,2.79,2.67,2.79,1200,0.00,0.00
2025-07-01,2.52,2.68,2.52,2.68,1400,0.00,0.00
2025-07-02,2.60,2.75,2.55,2.55,18000,0.00,0.00
2025-07-03,2.63,2.94,2.63,2.63,18500,0.00,0.00
2025-07-07,2.82,2.82,2.66,2.66,2500,0.00,0.00
2025-07-08,2.54,2.65,2.54,2.61,2000,0.00,0.00
2025-07-09,2.67,2.67,2.67,2.67,900,0.00,0.00
2025-07-10,2.65,2.66,2.48,2.66,3900,0.00,0.00
2025-07-11,2.72,2.72,2.66,2.66,4500,0.00,0.00
2025-07-14,2.79,2.79,2.65,2.65,4900,0.00,0.00
2025-07-15,2.72,2.72,2.67,2.67,1700,0.00,0.00
2025-07-16,2.72,2.72,2.72,2.72,800,0.00,0.00
2025-07-17,2.65,2.66,2.40,2.50,23800,0.00,0.00
2025-07-18,2.46,2.50,2.45,2.50,8600,0.00,0.00
2025-07-21,2.45,2.45,2.45,2.45,500,0.00,0.00
2025-07-22,2.48,2.55,2.48,2.54,3400,0.00,0.00
2025-07-23,2.54,2.54,2.49,2.49,6900,0.00,0.00
2025-07-24,2.46,2.54,2.46,2.48,1800,0.00,0.00
2025-07-25,2.50,2.54,2.50,2.51,14000,0.00,0.00
2025-07-28,2.39,2.63,2.39,2.55,5000,0.00,0.00
2025-07-29,2.55,2.55,2.51,2.52,9600,0.00,0.00
2025-07-30,2.55,2.55,2.49,2.49,5500,0.00,0.00
2025-07-31,2.50,2.53,2.47,2.50,3000,0.00,0.00
2025-08-01,2.46,2.46,2.46,2.46,400,0.00,0.00
2025-08-04,2.46,2.46,2.46,2.46,0,0.00,0.00
2025-08-05,2.19,2.50,2.19,2.46,2300,0.00,0.00
2025-08-06,2.46,2.46,2.46,2.46,1200,0.00,0.00
2025-08-07,2.49,2.49,2.46,2.46,1200,0.00,0.00
2025-08-08,2.58,2.58,2.49,2.49,500,0.00,0.00
2025-08-11,2.49,2.50,2.10,2.38,14700,0.00,0.00
2025-08-12,2.38,2.42,2.38,2.40,1200,0.00,0.00
2025-08-13,2.42,2.43,2.40,2.40,27200,0.00,0.00
2025-08-14,2.42,2.42,2.40,2.40,5600,0.00,0.00
2025-08-15,2.41,2.41,2.40,2.40,3800,0.00,0.00
2025-08-18,2.44,2.44,2.40,2.40,2600,0.00,0.00
2025-08-19,2.40,2.42,2.33,2.40,13200,0.00,0.00
2025-08-20,2.40,2.40,2.40,2.40,0,0.00,0.00
2025-08-21,2.36,2.40,2.36,2.40,2200,0.00,0.00
2025-08-22,2.40,2.40,2.34,2.35,9000,0.00,0.00
2025-08-25,2.35,2.40,2.35,2.40,3300,0.00,0.00
2025-08-26,2.50,2.50,2.50,2.50,1100,0.00,0.00
2025-08-27,2.50,2.55,2.45,2.54,3600,0.00,0.00
2025-08-28,2.55,2.73,2.55,2.65,7800,0.00,0.00
2025-08-29,2.65,2.65,2.63,2.63,1800,0.00,0.00
2025-09-02,2.80,2.85,2.20,2.20,24400,0.00,0.00
2025-09-03,2.49,2.70,2.49,2.49,28100,0.00,0.00
2025-09-04,2.50,2.61,2.50,2.61,1400,0.00,0.00
2025-09-05,2.72,2.72,2.43,2.43,15500,0.00,0.00
2025-09-08,2.45,2.51,2.45,2.51,1100,0.00,0.00
2025-09-09,2.40,2.40,2.40,2.40,7200,0.00,0.00
2025-09-10,2.30,2.43,2.30,2.43,3500,0.00,0.00
2025-09-11,2.43,2.55,2.43,2.50,3600,0.00,0.00
2025-09-12,2.20,2.49,2.20,2.31,4300,0.00,0.00
2025-09-15,2.25,2.25,2.25,2.25,500,0.00,0.00
2025-09-16,2.20,2.20,2.15,2.15,800,0.00,0.00
2025-09-17,2.28,2.28,2.28,2.28,1600,0.00,0.00
2025-09-18,2.18,2.18,2.18,2.18,1300,0.00,0.00
2025-09-19,2.41,2.49,2.18,2.26,14400,0.00,0.00
2025-09-22,2.30,2.40,2.30,2.37,5000,0.00,0.00
2025-09-23,2.32,2.45,2.32,2.41,9800,0.00,0.00
2025-09-24,2.49,2.51,2.45,2.48,9500,0.00,0.00
2025-09-25,2.48,2.52,2.48,2.48,14700,0.00,0.00
2025-09-26,2.48,2.50,2.48,2.48,1400,0.00,0.00
2025-09-29,2.49,2.57,2.48,2.57,8300,0.00,0.00
2025-09-30,2.55,2.57,2.45,2.54,27800,0.00,0.00
2025-10-01,2.54,2.54,2.54,2.54,0,0.00,0.00
2025-10-02,2.49,2.54,2.47,2.47,2300,0.00,0.00
2025-10-03,2.47,2.50,2.47,2.47,2500,0.00,0.00
2025-10-06,2.47,2.47,2.47,2.47,600,0.00,0.00
2025-10-07,2.44,2.45,2.44,2.45,2900,0.00,0.00
2025-10-08,2.46,2.46,2.44,2.44,3900,0.00,0.00
2025-10-09,2.44,2.45,2.39,2.45,6600,0.00,0.00
2025-10-10,2.16,2.47,2.16,2.47,6300,0.00,0.00
2025-10-13,2.36,2.36,2.36,2.36,900,0.00,0.00
2025-10-14,2.37,2.37,2.37,2.37,1500,0.00,0.00
2025-10-15,2.37,2.41,2.33,2.35,6300,0.00,0.00
2025-10-16,2.15,2.50,2.15,2.35,7000,0.00,0.00
2025-10-17,2.42,2.42,2.35,2.39,3400,0.00,0.00
2025-10-20,2.39,2.49,2.38,2.49,1600,0.00,0.00
2025-10-21,2.47,2.51,2.47,2.51,5200,0.00,0.00
2025-10-22,2.50,2.55,2.49,2.49,2700,0.00,0.00
2025-10-23,2.36,2.52,2.36,2.39,1100,0.00,0.00
2025-10-24,2.47,2.54,2.47,2.50,5500,0.00,0.00
2025-10-27,2.59,2.59,2.50,2.55,4400,0.00,0.00
2025-10-28,2.43,2.57,2.43,2.57,1100,0.00,0.00
2025-10-29,2.55,2.55,2.47,2.47,12600,0.00,0.00
2025-10-30,2.49,2.56,2.48,2.56,11300,0.00,0.00
2025-10-31,2.50,2.50,2.49,2.50,22100,0.00,0.00
2025-11-03,2.39,2.49,2.37,2.37,2000,0.00,0.00
2025-11-04,2.47,2.47,2.47,2.47,500,0.00,0.00
2025-11-05,2.47,2.47,2.47,2.47,800,0.00,0.00
2025-11-06,2.47,2.47,2.47,2.47,200,0.00,0.00
2025-11-07,2.47,2.47,2.47,2.47,200,0.00,0.00
2025-11-10,2.47,2.49,2.47,2.48,3200,0.00,0.00
2025-11-11,2.49,2.53,2.47,2.47,1700,0.00,0.00
2025-11-12,2.47,2.47,2.47,2.47,1000,0.00,0.00
2025-11-13,2.35,2.55,2.35,2.47,11200,0.00,0.00
2025-11-14,2.47,2.47,2.47,2.47,300,0.00,0.00
2025-11-17,2.43,2.43,2.43,2.43,1400,0.00,0.00
2025-11-18,2.47,2.47,2.47,2.47,500,0.00,0.00
2025-11-19,2.51,2.52,2.51,2.52,700,0.00,0.00
2025-11-20,2.49,2.55,2.49,2.49,7000,0.00,0.00
2025-11-21,2.48,2.49,2.43,2.49,900,0.00,0.00
2025-11-24,2.40,2.59,2.40,2.59,1800,0.00,0.00
2025-11-25,2.56,2.56,2.49,2.51,13800,0.00,0.00
2025-11-26,2.49,2.49,2.49,2.49,1000,0.00,0.00
2025-11-28,2.50,2.50,2.49,2.50,3500,0.00,0.00
2025-12-01,2.37,2.48,2.37,2.47,1500,0.00,0.00
2025-12-02,2.45,2.53,2.45,2.53,500,0.00,0.00
2025-12-03,2.50,2.50,2.47,2.47,300,0.00,0.00
2025-12-04,2.48,2.48,2.40,2.47,5200,0.00,0.00
2025-12-05,2.43,2.55,2.43,2.45,2400,0.00,0.00
2025-12-08,2.46,2.46,2.46,2.46,1100,0.00,0.00
2025-12-09,2.43,2.43,2.41,2.41,3700,0.00,0.00
2025-12-10,2.41,2.41,2.30,2.30,7700,0.00,0.00
2025-12-11,2.31,2.31,2.27,2.27,4600,0.00,0.00
2025-12-12,2.00,2.00,2.00,2.00,600,0.00,0.00
2025-12-15,2.00,2.00,2.00,2.00,0,0.00,0.00
2025-12-16,2.06,2.31,2.06,2.31,2900,0.00,0.00
2025-12-17,2.41,2.42,2.27,2.30,14000,0.00,0.00
2025-12-18,2.30,2.36,2.30,2.34,14900,0.00,0.00
2025-12-19,2.35,2.40,2.35,2.40,2500,0.00,0.00
2025-12-22,2.30,2.70,2.22,2.41,13600,0.00,0.00
2025-12-23,2.41,2.47,2.41,2.47,8600,0.00,0.00
2025-12-24,2.47,2.57,2.47,2.57,5800,0.00,0.00
2025-12-26,2.49,2.69,2.48,2.50,14100,0.00,0.00
2025-12-29,2.46,2.53,2.34,2.44,11600,0.00,0.00
2025-12-30,2.44,2.48,2.44,2.48,4600,0.00,0.00
2025-12-31,2.48,2.69,2.48,2.54,5800,0.00,0.00
2026-01-02,2.36,2.36,2.36,2.36,600,0.00,0.00
2026-01-05,2.37,2.83,2.37,2.47,16500,0.00,0.00
2026-01-06,2.59,2.72,2.50,2.56,18300,0.00,0.00
2026-01-07,2.65,2.72,2.46,2.56,16100,0.00,0.00
2026-01-08,2.38,2.63,2.25,2.50,29700,0.00,0.00
2026-01-09,2.34,2.53,2.28,2.45,8800,0.00,0.00
2026-01-12,2.45,2.50,2.40,2.42,4600,0.00,0.00
2026-01-13,2.40,2.40,2.40,2.40,300,0.00,0.00
2026-01-14,2.40,2.50,2.38,2.50,4500,0.00,0.00
2026-01-15,2.53,2.53,2.50,2.50,6100,0.00,0.00
2026-01-16,2.48,2.53,2.48,2.50,2200,0.00,0.00
2026-01-20,2.35,2.42,2.33,2.42,2500,0.00,0.00
2026-01-21,2.33,2.49,2.33,2.36,900,0.00,0.00
2026-01-22,2.48,2.48,2.48,2.48,500,0.00,0.00
2026-01-23,2.43,2.59,2.43,2.59,700,0.00,0.00
2026-01-26,2.49,2.56,2.41,2.41,700,0.00,0.00
2026-01-27,2.60,2.60,2.57,2.60,8300,0.00,0.00
2026-01-28,2.53,2.60,2.49,2.49,2000,0.00,0.00
2026-01-29,2.38,2.52,2.38,2.51,3900,0.00,0.00
2026-01-30,2.51,2.55,2.44,2.46,4800,0.00,0.00
2026-02-02,2.42,2.42,2.42,2.42,500,0.00,0.00
2026-02-03,2.45,2.57,2.40,2.40,4100,0.00,0.00
2026-02-04,2.45,2.47,2.45,2.45,2100,0.00,0.00
2026-02-05,2.45,2.45,2.45,2.45,900,0.00,0.00
2026-02-06,2.46,2.50,2.45,2.49,1300,0.00,0.00
2026-02-09,2.40,2.60,2.30,2.60,9000,0.00,0.00
2026-02-10,2.60,2.63,2.55,2.60,1900,0.00,0.00
2026-02-11,2.61,2.63,2.50,2.55,7800,0.00,0.00
2026-02-12,2.54,2.54,2.47,2.47,7300,0.00,0.00
2026-02-13,2.47,2.47,2.47,2.47,400,0.00,0.00
2026-02-17,2.47,2.50,2.47,2.50,1200,0.00,0.00
2026-02-18,2.59,2.59,2.23,2.33,7100,0.00,0.00
2026-02-19,2.41,2.42,2.41,2.41,5100,0.00,0.00
2026-02-20,2.41,2.42,2.41,2.42,700,0.00,0.00
2026-02-23,2.41,2.43,2.41,2.41,1500,0.00,0.00
2026-02-24,2.41,2.41,2.41,2.41,1400,0.00,0.00
2026-02-25,2.43,2.43,2.37,2.38,2600,0.00,0.00
2026-02-26,2.45,2.45,2.45,2.45,600,0.00,0.00
2026-02-27,2.44,2.49,2.41,2.43,2000,0.00,0.00
2026-03-02,2.42,2.43,2.42,2.42,2000,0.00,0.00
2026-03-03,2.40,2.43,2.40,2.40,5000,0.00,0.00
2026-03-04,2.37,2.37,2.37,2.37,1300,0.00,0.00
2026-03-05,2.37,2.37,2.37,2.37,1400,0.00,0.00
2026-03-06,2.31,2.43,2.31,2.43,1900,0.00,0.00
2026-03-09,2.40,2.40,2.40,2.40,2400,0.00,0.00
2026-03-10,2.33,2.42,2.33,2.40,2800,0.00,0.00
2026-03-11,2.40,2.40,2.40,2.40,1500,0.00,0.00
2026-03-12,2.45,2.45,2.45,2.45,300,0.00,0.00
2026-03-13,2.45,2.45,2.42,2.42,500,0.00,0.00
2026-03-16,2.30,2.30,2.30,2.30,1600,0.00,0.00
2026-03-17,2.37,2.49,2.37,2.44,1300,0.00,0.00
2026-03-18,2.44,2.44,2.44,2.44,600,0.00,0.00
2026-03-19,2.44,2.49,2.38,2.44,9800,0.00,0.00
2026-03-20,2.30,2.50,2.30,2.49,700,0.00,0.00
2026-03-23,2.49,2.49,2.44,2.46,2000,0.00,0.00
2026-03-24,2.31,2.42,2.30,2.42,6500,0.00,0.00
2026-03-25,2.42,2.49,2.42,2.42,4200,0.00,0.00
2026-03-26,2.15,2.50,2.15,2.45,2600,0.00,0.00
2026-03-27,2.42,2.42,2.42,2.42,700,0.00,0.00
2026-03-30,2.47,2.50,2.30,2.44,23200,0.00,0.00
2026-03-31,2.44,2.50,2.28,2.44,13400,0.00,0.00
2026-04-01,2.42,2.43,2.41,2.42,1600,0.00,0.00
2026-04-02,2.42,2.42,2.42,2.42,0,0.00,0.00
2026-04-06,2.31,2.31,2.31,2.31,4300,0.00,0.00
2026-04-07,2.37,2.37,2.37,2.37,1500,0.00,0.00
2026-04-08,2.34,2.34,2.31,2.32,9100,0.00,0.00
2026-04-09,2.30,2.30,2.28,2.28,3300,0.00,0.00
2026-04-10,2.28,2.28,2.28,2.28,2000,0.00,0.00
2026-04-13,2.25,2.45,2.25,2.40,12100,0.00,0.00
2026-04-14,2.65,2.70,2.49,2.57,9100,0.00,0.00
2026-04-15,2.60,2.65,2.44,2.50,18900,0.00,0.00
2026-04-16,2.46,2.60,2.43,2.60,4700,0.00,0.00
2026-04-17,2.46,2.51,2.46,2.49,4400,0.00,0.00
2026-04-20,2.49,2.49,2.49,2.49,0,0.00,0.00
2026-04-21,2.49,2.49,2.49,2.49,0,0.00,0.00
2026-04-22,2.55,2.55,2.44,2.50,4200,0.00,0.00
2026-04-23,2.65,2.65,2.51,2.61,3300,0.00,0.00
2026-04-24,2.57,2.59,2.49,2.49,4100,0.00,0.00
2026-04-27,2.35,2.35,2.35,2.35,900,0.00,0.00
2026-04-28,2.50,2.50,2.50,2.50,1900,0.00,0.00
2026-04-29,2.50,2.50,2.50,2.50,0,0.00,0.00
2026-04-30,2.48,2.50,2.48,2.50,800,0.00,0.00
2026-05-01,2.46,2.47,2.32,2.32,2500,0.00,0.00
2026-05-04,2.46,2.46,2.41,2.41,3100,0.00,0.00
2026-05-05,2.50,2.50,2.50,2.50,2500,0.00,0.00
2026-05-06,2.40,2.45,2.40,2.44,3500,0.00,0.00
2026-05-07,2.41,2.50,2.41,2.50,4300,0.00,0.00
2026-05-08,2.49,2.65,2.49,2.61,7200,0.00,0.00
2026-05-11,2.61,2.68,2.59,2.61,22300,0.00,0.00
2026-05-12,2.52,2.74,2.52,2.67,8100,0.00,0.00
2026-05-13,2.71,2.74,2.71,2.73,8100,0.00,0.00
2026-05-14,2.80,2.90,2.80,2.83,4800,0.00,0.00
2026-05-15,2.82,2.82,2.78,2.82,9000,0.00,0.00
2026-05-18,2.89,2.89,2.82,2.82,1900,0.00,0.00
2026-05-19,2.77,2.77,2.62,2.62,9300,0.00,0.00
2026-05-20,2.70,2.73,2.63,2.71,6800,0.00,0.00
2026-05-21,2.62,2.67,2.62,2.63,4300,0.00,0.00
2026-05-22,2.62,2.71,2.61,2.61,4400,0.00,0.00
2026-05-26,2.53,2.64,2.47,2.50,16300,0.00,0.00
2026-05-27,2.47,2.89,2.47,2.69,18000,0.00,0.00
2026-05-28,2.68,2.87,2.65,2.73,24900,0.00,0.00
2026-05-29,2.73,2.89,2.73,2.82,4300,0.00,0.00
2026-06-01,2.88,2.88,2.79,2.79,11400,0.00,0.00
2026-06-02,2.71,2.74,2.70,2.74,1500,0.00,0.00
2026-06-03,2.71,2.71,2.68,2.68,400,0.00,0.00
2026-06-04,2.81,2.81,2.81,2.81,3300,0.00,0.00
2026-06-05,2.81,2.82,2.81,2.81,4000,0.00,0.00
2026-06-08,2.81,2.86,2.79,2.81,6000,0.00,0.00
2026-06-09,2.84,2.84,2.84,2.84,3300,0.00,0.00
2026-06-10,2.94,2.98,2.94,2.95,2800,0.00,0.00
2026-06-11,3.10,3.31,2.93,3.29,23900,0.00,0.00
2026-06-12,3.18,3.18,3.18,3.18,800,0.00,0.00
2026-06-15,2.92,3.00,2.92,2.96,2500,0.00,0.00
2026-06-16,2.96,2.96,2.96,2.96,0,0.00,0.00
2026-06-17,3.44,3.63,2.46,2.93,18651000,0.00,0.00
2026-06-18,2.53,2.87,2.50,2.64,292900,0.00,0.00
2026-06-22,2.59,2.70,2.28,2.28,196100,0.00,0.00
2026-06-23,2.20,2.50,2.15,2.20,85800,0.00,0.00
