Date,Returns,Returns_Log,Volatilidade_20,Range_Diario,Range_Percentual,Gap,Gap_Percentual,Volume_Medio_20,Volume_Ratio
2021-04-29,,,,0.00,0.00,,,300.00,1.00
2021-04-30,-0.00,-0.00,,0.05,0.51,0.00,0.00,1550.00,1.81
2021-05-03,-0.00,-0.00,,0.05,0.51,0.01,0.10,38400.00,2.92
2021-05-04,0.00,0.00,,0.07,0.72,-0.03,-0.31,32150.00,0.42
2021-05-05,0.00,0.00,,0.01,0.10,0.00,0.00,25940.00,0.04
2021-05-06,-0.00,-0.00,,0.00,0.00,-0.04,-0.41,21917.00,0.08
2021-05-07,0.00,0.00,,0.01,0.10,0.00,0.00,19157.00,0.14
2021-05-10,0.00,0.00,,0.00,0.00,0.00,0.00,17262.00,0.23
2021-05-11,0.00,0.00,,0.06,0.61,-0.01,-0.10,17133.00,0.94
2021-05-12,0.00,0.00,,0.00,0.00,0.00,0.00,15420.00,0.00
2021-05-13,0.00,0.00,,0.00,0.00,0.00,0.00,14082.00,0.05
2021-05-14,-0.00,-0.00,,0.01,0.10,-0.02,-0.20,13075.00,0.15
2021-05-17,0.00,0.00,,0.00,0.00,0.00,0.00,12185.00,0.12
2021-05-18,0.00,0.00,,0.00,0.00,0.00,0.00,11314.00,0.00
2021-05-19,0.00,0.00,,0.00,0.00,0.00,0.00,10560.00,0.00
2021-05-20,0.00,0.00,,0.01,0.10,0.00,0.00,9994.00,0.15
2021-05-21,-0.01,-0.01,,0.09,0.93,0.00,0.00,39235.00,12.92
2021-05-24,0.02,0.02,,0.13,1.32,0.06,0.62,38411.00,0.64
2021-05-25,-0.02,-0.02,,0.06,0.62,-0.10,-1.02,42474.00,2.72
2021-05-26,0.00,0.00,,0.10,1.03,0.06,0.62,40775.00,0.21
2021-05-27,-0.00,-0.00,0.10,0.07,0.73,0.01,0.10,46830.00,2.59
2021-05-28,0.01,0.01,0.10,0.00,0.00,0.05,0.52,46780.00,0.04
2021-06-01,-0.01,-0.01,0.10,0.12,1.25,0.06,0.62,41780.00,0.29
2021-06-02,0.01,0.01,0.11,0.11,1.13,0.06,0.62,41295.00,0.09
2021-06-03,-0.00,-0.00,0.11,0.02,0.21,0.01,0.10,41345.00,0.05
2021-06-04,0.00,0.00,0.11,0.00,0.00,0.00,0.00,41255.00,0.00
2021-06-07,-0.00,-0.00,0.11,0.00,0.00,-0.01,-0.10,41130.00,0.00
2021-06-08,-0.00,-0.00,0.11,0.02,0.21,0.00,0.00,41135.00,0.10
2021-06-09,0.00,0.00,0.11,0.00,0.00,0.00,0.00,40330.00,0.00
2021-06-10,0.00,0.00,0.11,0.00,0.00,0.00,0.00,40330.00,0.00
2021-06-11,0.00,0.00,0.11,0.00,0.00,0.00,0.00,40295.00,0.00
2021-06-14,-0.00,-0.00,0.11,0.19,1.96,0.02,0.21,42350.00,1.02
2021-06-15,0.01,0.01,0.11,0.31,3.18,0.03,0.31,44710.00,1.09
2021-06-16,-0.01,-0.01,0.11,0.02,0.21,-0.04,-0.41,45010.00,0.13
2021-06-17,0.01,0.01,0.12,0.12,1.22,0.01,0.10,45055.00,0.02
2021-06-18,-0.01,-0.01,0.13,0.01,0.10,-0.12,-1.22,45385.00,0.18
2021-06-21,0.00,0.00,0.13,0.00,0.00,0.02,0.21,20040.00,0.01
2021-06-22,0.00,0.00,0.11,0.17,1.74,0.00,0.00,18965.00,0.15
2021-06-23,-0.01,-0.01,0.09,0.01,0.10,-0.04,-0.41,13265.00,0.12
2021-06-24,0.00,0.00,0.09,0.01,0.10,0.01,0.10,12980.00,0.22
2021-06-25,-0.00,-0.00,0.09,0.04,0.41,0.01,0.10,7740.00,2.14
2021-06-28,0.00,0.00,0.09,0.03,0.31,0.01,0.10,9390.00,3.71
2021-06-29,-0.01,-0.01,0.09,0.09,0.93,-0.01,-0.10,10050.00,2.52
2021-06-30,0.01,0.01,0.08,0.03,0.31,0.05,0.52,14985.00,6.83
2021-07-01,-0.00,-0.00,0.09,0.00,0.00,-0.03,-0.31,17810.00,3.29
2021-07-02,0.00,0.00,0.09,0.00,0.00,0.00,0.00,17810.00,0.00
2021-07-06,0.00,0.00,0.09,0.00,0.00,0.00,0.00,17805.00,0.00
2021-07-07,-0.01,-0.01,0.09,0.07,0.73,-0.05,-0.52,17925.00,0.36
2021-07-08,0.01,0.01,0.09,0.00,0.00,0.05,0.52,18080.00,0.17
2021-07-09,-0.00,-0.00,0.09,0.05,0.52,-0.01,-0.10,18805.00,0.77
2021-07-12,0.00,0.00,0.09,0.00,0.00,0.01,0.10,18870.00,0.07
2021-07-13,-0.00,-0.00,0.09,0.00,0.00,-0.01,-0.10,16750.00,0.04
2021-07-14,0.00,0.00,0.09,0.03,0.31,-0.01,-0.10,14395.00,0.11
2021-07-15,0.00,0.00,0.09,0.00,0.00,0.00,0.00,14095.00,0.00
2021-07-16,0.00,0.00,0.07,0.00,0.00,0.00,0.00,14055.00,0.01
2021-07-19,-0.00,-0.00,0.06,0.00,0.00,-0.03,-0.31,13670.00,0.03
2021-07-20,0.00,0.00,0.05,0.00,0.00,0.00,0.00,13660.00,0.00
2021-07-21,0.00,0.00,0.05,0.00,0.00,0.00,0.00,13515.00,0.00
2021-07-22,0.00,0.00,0.05,0.00,0.00,0.00,0.00,13435.00,0.00
2021-07-23,0.00,0.00,0.05,0.00,0.00,0.00,0.00,13295.00,0.00
2021-07-26,0.00,0.00,0.05,0.00,0.00,0.00,0.00,12465.00,0.00
2021-07-27,0.01,0.01,0.06,0.09,0.92,0.01,0.10,11220.00,0.88
2021-07-28,-0.01,-0.01,0.07,0.00,0.00,-0.09,-0.92,10110.00,0.31
2021-07-29,0.00,0.00,0.06,0.00,0.00,0.00,0.00,4990.00,0.00
2021-07-30,0.00,0.00,0.06,0.00,0.00,0.00,0.00,2060.00,0.00
2021-08-02,0.00,0.00,0.06,0.06,0.62,0.04,0.41,3110.00,6.75
2021-08-03,0.00,0.00,0.06,0.00,0.00,0.00,0.00,3110.00,0.00
2021-08-04,0.00,0.00,0.06,0.01,0.10,0.01,0.10,2955.00,1.15
2021-08-05,0.00,0.00,0.05,0.01,0.10,0.01,0.10,3295.00,3.00
2021-08-06,0.00,0.00,0.05,0.00,0.00,0.00,0.00,2570.00,0.00
2021-08-09,0.00,0.00,0.05,0.05,0.52,0.03,0.31,2740.00,1.72
2021-08-10,0.00,0.00,0.05,0.03,0.31,0.01,0.10,2740.00,0.26
2021-08-11,0.00,0.00,0.05,0.02,0.21,0.00,0.00,2675.00,0.11
2021-08-12,0.00,0.00,0.05,0.00,0.00,0.00,0.00,2685.00,0.07
2021-08-13,-0.00,-0.00,0.05,0.05,0.52,-0.04,-0.41,4615.00,8.39
2021-08-16,0.00,0.00,0.05,0.05,0.52,-0.03,-0.31,4745.00,0.63
2021-08-17,-0.00,-0.00,0.05,0.02,0.21,-0.01,-0.10,5790.00,3.61
2021-08-18,0.00,0.00,0.05,0.00,0.00,0.00,0.00,5790.00,0.00
2021-08-19,0.00,0.00,0.05,0.00,0.00,0.00,0.00,5790.00,0.00
2021-08-20,0.00,0.00,0.05,0.00,0.00,0.00,0.00,5790.00,0.00
2021-08-23,0.00,0.00,0.05,0.06,0.62,-0.04,-0.41,5855.00,0.22
2021-08-24,0.00,0.00,0.04,0.05,0.52,-0.04,-0.41,5390.00,0.11
2021-08-25,0.00,0.00,0.02,0.00,0.00,0.00,0.00,5235.00,0.00
2021-08-26,0.00,0.00,0.02,0.00,0.00,0.00,0.00,5235.00,0.00
2021-08-27,0.00,0.00,0.02,0.00,0.00,0.00,0.00,5240.00,0.02
2021-08-30,-0.00,-0.00,0.02,0.00,0.00,-0.04,-0.41,4205.00,0.07
2021-08-31,0.00,0.00,0.03,0.00,0.00,0.02,0.21,4450.00,1.10
2021-09-01,0.00,0.00,0.03,0.00,0.00,0.00,0.00,4280.00,0.00
2021-09-02,0.00,0.00,0.03,0.05,0.52,-0.02,-0.21,4060.00,1.35
2021-09-03,0.00,0.00,0.03,0.00,0.00,0.00,0.00,4060.00,0.00
2021-09-07,0.00,0.00,0.03,0.00,0.00,0.00,0.00,3825.00,0.00
2021-09-08,0.00,0.00,0.03,0.00,0.00,0.00,0.00,3895.00,0.54
2021-09-09,0.00,0.00,0.02,0.02,0.21,0.00,0.00,4010.00,0.65
2021-09-10,0.00,0.00,0.03,0.03,0.31,0.00,0.00,4095.00,0.46
2021-09-13,0.00,0.00,0.03,0.03,0.31,-0.02,-0.21,2225.00,0.58
2021-09-14,-0.00,-0.00,0.03,0.02,0.21,-0.02,-0.21,2695.00,4.60
2021-09-15,-0.01,-0.01,0.04,0.03,0.31,-0.03,-0.31,1915.00,2.77
2021-09-16,0.00,0.00,0.04,0.02,0.21,0.06,0.62,2030.00,1.13
2021-09-17,0.00,0.00,0.04,0.00,0.00,0.00,0.00,2030.00,0.00
2021-09-20,0.00,0.00,0.04,0.00,0.00,0.00,0.00,2030.00,0.00
2021-09-21,-0.00,-0.00,0.04,0.04,0.41,-0.02,-0.21,32025.00,18.77
2021-09-22,0.00,0.00,0.04,0.00,0.00,0.00,0.00,31995.00,0.00
2021-09-23,0.00,0.00,0.04,0.00,0.00,0.00,0.00,31995.00,0.00
2021-09-24,0.00,0.00,0.04,0.00,0.00,0.00,0.00,31995.00,0.00
2021-09-27,0.00,0.00,0.04,0.05,0.52,0.01,0.10,32125.00,0.08
2021-09-28,0.00,0.00,0.04,0.00,0.00,0.00,0.00,32110.00,0.00
2021-09-29,0.00,0.00,0.04,0.00,0.00,0.01,0.10,31870.00,0.00
2021-09-30,0.00,0.00,0.04,0.01,0.10,-0.01,-0.10,31915.00,0.03
2021-10-01,0.00,0.00,0.04,0.00,0.00,0.00,0.00,31640.00,0.00
2021-10-04,0.00,0.00,0.04,0.00,0.00,0.01,0.10,31760.00,0.08
2021-10-05,-0.00,-0.00,0.04,0.04,0.41,-0.01,-0.10,43785.00,5.49
2021-10-06,0.00,0.00,0.04,0.00,0.00,0.01,0.10,43855.00,0.08
2021-10-07,0.00,0.00,0.04,0.02,0.21,0.02,0.21,48320.00,1.90
2021-10-08,0.00,0.00,0.04,0.04,0.41,-0.01,-0.10,48350.00,0.05
2021-10-11,-0.01,-0.01,0.04,0.05,0.52,-0.04,-0.41,49845.00,0.63
2021-10-12,0.00,0.00,0.04,0.04,0.41,0.01,0.10,55660.00,2.31
2021-10-13,0.00,0.00,0.03,0.05,0.51,0.01,0.10,57465.00,0.72
2021-10-14,-0.00,-0.00,0.03,0.00,0.00,-0.01,-0.10,57360.00,0.00
2021-10-15,0.00,0.00,0.03,0.00,0.00,0.00,0.00,57360.00,0.00
2021-10-18,-0.00,-0.00,0.03,0.05,0.51,-0.03,-0.31,57420.00,0.02
2021-10-19,0.00,0.00,0.03,0.00,0.00,0.00,0.00,27360.00,0.00
2021-10-20,0.00,0.00,0.03,0.00,0.00,0.00,0.00,27360.00,0.00
2021-10-21,0.00,0.00,0.03,0.00,0.00,0.00,0.00,27360.00,0.00
2021-10-22,0.00,0.00,0.03,0.00,0.00,0.00,0.00,27360.00,0.00
2021-10-25,0.00,0.00,0.03,0.03,0.31,-0.01,-0.10,28605.00,0.96
2021-10-26,0.00,0.00,0.03,0.00,0.00,0.00,0.00,28605.00,0.00
2021-10-27,-0.00,-0.00,0.03,0.02,0.21,-0.03,-0.31,28640.00,0.03
2021-10-28,0.00,0.00,0.03,0.00,0.00,0.00,0.00,28595.00,0.00
2021-10-29,0.00,0.00,0.03,0.00,0.00,0.01,0.10,28600.00,0.00
2021-11-01,0.00,0.00,0.03,0.01,0.10,0.00,0.00,47670.00,8.05
2021-11-02,0.00,0.00,0.03,0.01,0.10,0.00,0.00,35710.00,0.04
2021-11-03,0.00,0.00,0.03,0.01,0.10,-0.01,-0.10,36740.00,0.66
2021-11-04,0.00,0.00,0.03,0.02,0.20,0.00,0.00,32455.00,0.19
2021-11-05,0.00,0.00,0.03,0.02,0.20,-0.02,-0.20,32395.00,0.04
2021-11-08,0.00,0.00,0.02,0.02,0.20,-0.02,-0.20,37165.00,3.41
2021-11-09,-0.00,-0.00,0.02,0.04,0.41,-0.02,-0.20,32480.00,1.08
2021-11-10,0.00,0.00,0.02,0.03,0.31,0.01,0.10,31805.00,0.88
2021-11-11,-0.00,-0.00,0.02,0.02,0.21,-0.02,-0.21,32415.00,0.38
2021-11-12,-0.00,-0.00,0.02,0.04,0.41,-0.01,-0.10,37555.00,2.74
2021-11-15,0.01,0.01,0.03,0.04,0.41,0.02,0.21,45535.00,3.53
2021-11-16,0.00,0.00,0.03,0.04,0.41,-0.04,-0.41,46710.00,0.50
2021-11-17,-0.00,-0.00,0.03,0.02,0.20,-0.01,-0.10,61205.00,4.74
2021-11-18,0.00,0.00,0.03,0.03,0.31,-0.01,-0.10,62535.00,0.43
2021-11-19,0.00,0.00,0.03,0.03,0.31,0.02,0.20,81945.00,4.74
2021-11-22,0.00,0.00,0.03,0.03,0.31,0.01,0.10,88435.00,1.78
2021-11-23,0.00,0.00,0.03,0.10,1.02,-0.04,-0.41,116795.00,4.86
2021-11-24,0.00,0.00,0.03,0.04,0.41,0.00,0.00,116785.00,0.01
2021-11-26,0.00,0.00,0.03,0.03,0.31,-0.03,-0.31,116840.00,0.01
2021-11-29,0.00,0.00,0.03,0.05,0.51,-0.03,-0.31,129640.00,1.98
2021-11-30,-0.01,-0.01,0.04,0.05,0.51,-0.01,-0.10,110810.00,0.06
2021-12-01,0.00,0.00,0.04,0.04,0.41,-0.01,-0.10,114335.00,0.63
2021-12-02,-0.00,-0.00,0.04,0.03,0.31,-0.01,-0.10,113705.00,0.10
2021-12-03,0.00,0.00,0.04,0.04,0.41,0.06,0.62,113470.00,0.01
2021-12-06,0.00,0.00,0.04,0.04,0.41,0.00,0.00,113620.00,0.04
2021-12-07,-0.00,-0.00,0.04,0.06,0.61,-0.04,-0.41,108685.00,0.26
2021-12-08,0.00,0.00,0.04,0.04,0.41,0.04,0.41,116150.00,1.59
2021-12-09,0.00,0.00,0.04,0.06,0.61,0.01,0.10,115390.00,0.11
2021-12-10,-0.00,-0.00,0.04,0.10,1.02,-0.06,-0.61,117415.00,0.45
2021-12-13,-0.01,-0.01,0.05,0.09,0.92,-0.05,-0.51,120200.00,1.32
2021-12-14,0.00,0.00,0.05,0.03,0.31,-0.01,-0.10,115420.00,0.56
2021-12-15,0.00,0.00,0.05,0.03,0.31,-0.03,-0.31,114285.00,0.01
2021-12-16,0.00,0.00,0.05,0.02,0.21,0.01,0.10,100085.00,0.06
2021-12-17,0.00,0.00,0.05,0.01,0.10,0.00,0.00,100165.00,0.28
2021-12-20,-0.00,-0.00,0.05,0.03,0.31,-0.01,-0.10,81555.00,0.20
2021-12-21,0.00,0.00,0.05,0.01,0.10,0.00,0.00,74590.00,0.24
2021-12-22,-0.00,-0.00,0.05,0.01,0.10,-0.02,-0.21,50100.00,1.54
2021-12-23,0.00,0.00,0.05,0.00,0.00,0.00,0.00,50070.00,0.00
2021-12-27,0.00,0.00,0.05,0.04,0.41,-0.02,-0.21,50690.00,0.27
2021-12-28,0.00,0.00,0.05,0.00,0.00,0.00,0.00,37885.00,0.00
2021-12-29,0.00,0.00,0.05,0.05,0.51,-0.04,-0.41,41735.00,2.02
2021-12-30,-0.00,-0.00,0.04,0.00,0.00,-0.01,-0.10,38150.00,0.00
2021-12-31,-0.00,-0.00,0.04,0.02,0.21,-0.01,-0.10,37605.00,0.02
2022-01-03,-0.00,-0.00,0.04,0.04,0.41,-0.02,-0.21,37970.00,0.23
2022-01-04,0.00,0.00,0.04,0.01,0.10,0.01,0.10,37915.00,0.08
2022-01-05,0.00,0.00,0.04,0.01,0.10,0.01,0.10,37050.00,0.29
2022-01-06,-0.00,-0.00,0.04,0.01,0.10,-0.01,-0.10,81260.00,13.15
2022-01-07,0.00,0.00,0.04,0.02,0.20,0.00,0.00,90905.00,2.26
2022-01-10,0.00,0.00,0.03,0.00,0.00,0.00,0.00,88260.00,0.00
2022-01-11,-0.00,-0.00,0.02,0.04,0.41,-0.03,-0.31,80365.00,0.01
2022-01-12,0.00,0.00,0.02,0.04,0.41,0.01,0.10,77185.00,0.02
2022-01-13,0.00,0.00,0.02,0.00,0.00,0.00,0.00,77145.00,0.00
2022-01-14,0.00,0.00,0.02,0.00,0.00,0.00,0.00,76850.00,0.00
2022-01-18,-0.00,-0.00,0.02,0.00,0.00,-0.01,-0.10,75740.00,0.08
2022-01-19,0.00,0.00,0.02,0.02,0.21,0.00,0.00,75000.00,0.02
2022-01-20,-0.00,-0.00,0.03,0.02,0.21,-0.01,-0.10,77300.00,0.83
2022-01-21,0.00,0.00,0.02,0.01,0.10,0.00,0.00,74870.00,0.38
2022-01-24,-0.00,-0.00,0.03,0.02,0.21,-0.01,-0.10,75240.00,0.10
2022-01-25,-0.00,-0.00,0.02,0.02,0.21,-0.02,-0.21,75395.00,0.22
2022-01-26,0.00,0.00,0.02,0.00,0.00,0.00,0.00,75850.00,0.12
2022-01-27,0.00,0.00,0.02,0.01,0.10,-0.01,-0.10,71675.00,0.01
2022-01-28,-0.00,-0.00,0.02,0.00,0.00,-0.01,-0.10,71895.00,0.06
2022-01-31,0.00,0.00,0.02,0.00,0.00,0.01,0.10,71880.00,0.00
2022-02-01,0.00,0.00,0.03,0.02,0.21,0.02,0.21,72510.00,0.30
2022-02-02,0.00,0.00,0.03,0.00,0.00,0.00,0.00,72350.00,0.00
2022-02-03,0.00,0.00,0.03,0.00,0.00,0.00,0.00,72110.00,0.08
2022-02-04,-0.00,-0.00,0.03,0.04,0.41,-0.05,-0.51,18725.00,0.04
2022-02-07,0.00,0.00,0.03,0.04,0.41,0.00,0.00,8715.00,0.62
2022-02-08,-0.00,-0.00,0.03,0.00,0.00,-0.03,-0.31,8740.00,0.06
2022-02-09,0.00,0.00,0.03,0.00,0.00,0.00,0.00,8710.00,0.00
2022-02-10,0.00,0.00,0.03,0.00,0.00,0.03,0.31,8665.00,0.08
2022-02-11,-0.00,-0.00,0.03,0.01,0.10,-0.01,-0.10,8695.00,0.07
2022-02-14,0.00,0.00,0.03,0.04,0.41,-0.03,-0.31,9000.00,0.68
2022-02-15,0.00,0.00,0.03,0.00,0.00,0.00,0.00,8800.00,0.23
2022-02-16,0.00,0.00,0.03,0.00,0.00,0.00,0.00,8740.00,0.00
2022-02-17,0.00,0.00,0.03,0.00,0.00,0.00,0.00,5635.00,0.35
2022-02-18,0.00,0.00,0.03,0.01,0.10,0.00,0.00,4700.00,2.15
2022-02-22,-0.00,-0.00,0.03,0.00,0.00,-0.02,-0.21,4345.00,0.07
2022-02-23,0.00,0.00,0.03,0.00,0.00,0.00,0.00,3515.00,0.00
2022-02-24,0.00,0.00,0.03,0.05,0.51,-0.04,-0.41,3090.00,0.19
2022-02-25,0.00,0.00,0.03,0.00,0.00,0.00,0.00,3055.00,0.00
2022-02-28,0.00,0.00,0.03,0.00,0.00,0.01,0.10,2835.00,0.04
2022-03-01,0.00,0.00,0.03,0.01,0.10,0.01,0.10,2835.00,0.11
2022-03-02,0.00,0.00,0.03,0.00,0.00,0.00,0.00,1765.00,0.00
2022-03-03,0.00,0.00,0.03,0.01,0.10,0.01,0.10,4740.00,12.55
2022-03-04,0.00,0.00,0.03,0.00,0.00,0.00,0.00,4500.00,0.22
2022-03-07,0.00,0.00,0.02,0.00,0.00,0.00,0.00,4475.00,0.07
2022-03-08,-0.00,-0.00,0.02,0.01,0.10,0.00,0.00,4235.00,0.14
2022-03-09,0.00,0.00,0.02,0.00,0.00,0.02,0.21,9210.00,10.86
2022-03-10,0.00,0.00,0.02,0.01,0.10,0.01,0.10,18985.00,10.30
2022-03-11,0.00,0.00,0.02,0.00,0.00,0.00,0.00,38950.00,10.27
2022-03-14,0.00,0.00,0.01,0.02,0.20,0.00,0.00,39390.00,0.24
2022-03-15,-0.00,-0.00,0.02,0.00,0.00,-0.01,-0.10,39100.00,0.01
2022-03-16,0.00,0.00,0.02,0.04,0.41,0.01,0.10,39770.00,0.39
2022-03-17,-0.00,-0.00,0.02,0.02,0.21,0.01,0.10,40035.00,0.13
2022-03-18,0.00,0.00,0.02,0.00,0.00,0.01,0.10,40070.00,0.07
2022-03-21,0.00,0.00,0.02,0.00,0.00,0.00,0.00,39565.00,0.00
2022-03-22,0.00,0.00,0.01,0.00,0.00,0.00,0.00,41690.00,1.03
2022-03-23,0.00,0.00,0.01,0.01,0.10,0.01,0.10,43855.00,0.99
2022-03-24,0.00,0.00,0.01,0.02,0.20,-0.02,-0.20,43910.00,0.04
2022-03-25,0.00,0.00,0.01,0.00,0.00,0.00,0.00,43915.00,0.00
2022-03-28,0.00,0.00,0.01,0.03,0.31,0.00,0.00,48215.00,1.79
2022-03-29,-0.00,-0.00,0.01,0.04,0.41,-0.01,-0.10,55055.00,2.49
2022-03-30,0.00,0.00,0.01,0.01,0.10,-0.01,-0.10,55310.00,0.09
2022-03-31,0.00,0.00,0.01,0.00,0.00,0.00,0.00,52340.00,0.00
2022-04-01,0.00,0.00,0.01,0.00,0.00,0.00,0.00,55540.00,1.17
2022-04-04,0.00,0.00,0.01,0.02,0.20,0.00,0.00,55930.00,0.14
2022-04-05,0.00,0.00,0.01,0.01,0.10,0.00,0.00,56000.00,0.04
2022-04-06,0.00,0.00,0.01,0.00,0.00,0.00,0.00,51060.00,0.02
2022-04-07,0.00,0.00,0.01,0.00,0.00,0.00,0.00,41285.00,0.00
2022-04-08,0.00,0.00,0.01,0.00,0.00,0.01,0.10,21300.00,0.01
2022-04-11,0.00,0.00,0.01,0.00,0.00,0.00,0.00,20830.00,0.00
2022-04-12,-0.00,-0.00,0.02,0.03,0.31,-0.01,-0.10,29590.00,5.93
2022-04-13,0.00,0.00,0.02,0.03,0.31,0.00,0.00,28860.00,0.03
2022-04-14,0.00,0.00,0.02,0.01,0.10,0.01,0.10,28960.00,0.25
2022-04-18,0.00,0.00,0.02,0.04,0.41,0.05,0.51,29190.00,0.25
2022-04-19,0.00,0.00,0.02,0.03,0.30,0.02,0.20,29650.00,0.31
2022-04-20,0.00,0.00,0.02,0.03,0.30,-0.02,-0.20,33775.00,3.71
2022-04-21,0.00,0.00,0.02,0.00,0.00,0.00,0.00,31610.00,0.00
2022-04-22,-0.00,-0.00,0.03,0.02,0.20,-0.02,-0.20,31640.00,0.07
2022-04-25,0.00,0.00,0.03,0.01,0.10,-0.01,-0.10,33515.00,1.12
2022-04-26,0.00,0.00,0.03,0.00,0.00,0.00,0.00,29210.00,0.00
2022-04-27,-0.00,-0.00,0.03,0.01,0.10,-0.01,-0.10,23025.00,0.58
2022-04-28,0.00,0.00,0.03,0.03,0.31,-0.03,-0.31,22810.00,0.04
2022-04-29,-0.00,-0.00,0.03,0.02,0.20,0.00,0.00,22840.00,0.03
2022-05-02,0.00,0.00,0.03,0.00,0.00,0.01,0.10,20140.00,0.55
2022-05-03,-0.00,-0.00,0.03,0.01,0.10,0.00,0.00,20635.00,0.87
2022-05-04,0.00,0.00,0.03,0.00,0.00,0.01,0.10,21045.00,0.48
2022-05-05,0.00,0.00,0.03,0.02,0.20,-0.01,-0.10,21950.00,0.88
2022-05-06,0.00,0.00,0.03,0.02,0.20,-0.02,-0.20,22205.00,0.23
2022-05-09,-0.00,-0.00,0.03,0.01,0.10,-0.02,-0.20,23350.00,0.99
2022-05-10,0.00,0.00,0.03,0.00,0.00,0.00,0.00,23350.00,0.00
2022-05-11,0.00,0.00,0.02,0.00,0.00,0.00,0.00,14575.00,0.00
2022-05-12,-0.00,-0.00,0.02,0.01,0.10,-0.01,-0.10,15180.00,0.85
2022-05-13,-0.00,-0.00,0.02,0.01,0.10,0.00,0.00,16555.00,2.10
2022-05-16,0.00,0.00,0.02,0.00,0.00,0.00,0.00,16670.00,0.58
2022-05-17,0.00,0.00,0.02,0.02,0.21,0.00,0.00,28745.00,8.72
2022-05-18,0.00,0.00,0.02,0.00,0.00,0.00,0.00,22500.00,0.02
2022-05-19,0.00,0.00,0.02,0.00,0.00,0.00,0.00,22500.00,0.00
2022-05-20,0.00,0.00,0.02,0.00,0.00,0.00,0.00,23575.00,1.01
2022-05-23,0.00,0.00,0.02,0.00,0.00,0.01,0.10,21795.00,0.09
2022-05-24,0.00,0.00,0.02,0.00,0.00,0.00,0.00,21830.00,0.03
2022-05-25,0.00,0.00,0.02,0.00,0.00,0.00,0.00,21160.00,0.00
2022-05-26,0.00,0.00,0.02,0.00,0.00,0.00,0.00,21120.00,0.00
2022-05-27,0.00,0.00,0.02,0.00,0.00,0.01,0.10,42175.00,10.00
2022-05-31,0.00,0.00,0.02,0.00,0.00,0.00,0.00,44120.00,1.13
2022-06-01,-0.00,-0.00,0.02,0.00,0.00,-0.01,-0.10,53080.00,3.72
2022-06-02,0.00,0.00,0.02,0.00,0.00,0.01,0.10,52575.00,0.00
2022-06-03,0.00,0.00,0.02,0.00,0.00,0.01,0.10,51640.00,0.01
2022-06-06,0.00,0.00,0.02,0.00,0.00,0.00,0.00,51385.00,0.00
2022-06-07,0.00,0.00,0.01,0.02,0.20,-0.01,-0.10,51175.00,0.37
2022-06-08,0.00,0.00,0.01,0.02,0.20,-0.01,-0.10,52570.00,0.53
2022-06-09,-0.00,-0.00,0.01,0.01,0.10,-0.02,-0.20,53640.00,0.40
2022-06-10,0.00,0.00,0.02,0.03,0.31,0.00,0.00,53220.00,0.08
2022-06-13,-0.00,-0.00,0.02,0.02,0.20,-0.01,-0.10,51630.00,0.06
2022-06-14,-0.00,-0.00,0.02,0.02,0.20,-0.02,-0.20,52365.00,0.46
2022-06-15,0.00,0.00,0.02,0.00,0.00,0.00,0.00,39850.00,0.01
2022-06-16,0.00,0.00,0.02,0.00,0.00,0.00,0.00,39895.00,0.03
2022-06-17,0.00,0.00,0.02,0.01,0.10,0.00,0.00,40760.00,0.42
2022-06-21,0.00,0.00,0.02,0.01,0.10,0.01,0.10,41235.00,0.81
2022-06-22,-0.00,-0.00,0.02,0.00,0.00,-0.02,-0.20,41160.00,0.01
2022-06-23,0.00,0.00,0.02,0.00,0.00,0.00,0.00,41125.00,0.00
2022-06-24,0.00,0.00,0.02,0.01,0.10,0.01,0.10,41215.00,0.04
2022-06-27,0.00,0.00,0.02,0.00,0.00,0.00,0.00,41215.00,0.00
2022-06-28,0.00,0.00,0.02,0.00,0.00,0.00,0.00,20125.00,0.00
2022-06-29,0.00,0.00,0.02,0.01,0.10,0.01,0.10,27045.00,6.96
2022-06-30,0.00,0.00,0.02,0.00,0.00,0.00,0.00,17185.00,0.00
2022-07-01,0.00,0.00,0.02,0.00,0.00,0.00,0.00,17190.00,0.01
2022-07-05,0.00,0.00,0.02,0.00,0.00,0.00,0.00,17165.00,0.01
2022-07-06,0.00,0.00,0.02,0.02,0.20,-0.01,-0.10,32795.00,9.53
2022-07-07,0.00,0.00,0.02,0.01,0.10,0.00,0.00,33195.00,0.81
2022-07-08,0.00,0.00,0.02,0.02,0.20,0.00,0.00,35770.00,2.22
2022-07-11,0.00,0.00,0.02,0.00,0.00,0.00,0.00,34700.00,0.00
2022-07-12,-0.00,-0.00,0.02,0.01,0.10,0.00,0.00,34485.00,0.01
2022-07-13,0.00,0.00,0.02,0.01,0.10,0.01,0.10,34780.00,0.26
2022-07-14,0.00,0.00,0.01,0.02,0.20,0.01,0.10,34040.00,0.28
2022-07-15,0.00,0.00,0.01,0.01,0.10,0.01,0.10,34715.00,0.40
2022-07-18,0.00,0.00,0.01,0.01,0.10,0.00,0.00,35650.00,0.56
2022-07-19,0.00,0.00,0.01,0.00,0.00,0.00,0.00,35035.00,0.14
2022-07-20,0.00,0.00,0.01,0.01,0.10,0.00,0.00,33675.00,0.18
2022-07-21,0.00,0.00,0.02,0.03,0.30,0.01,0.10,34330.00,0.40
2022-07-22,-0.00,-0.00,0.02,0.00,0.00,-0.02,-0.20,34335.00,0.00
2022-07-25,0.00,0.00,0.02,0.00,0.00,0.00,0.00,34245.00,0.00
2022-07-26,0.00,0.00,0.02,0.00,0.00,0.00,0.00,34245.00,0.00
2022-07-27,0.00,0.00,0.02,0.00,0.00,0.00,0.00,67015.00,9.78
2022-07-28,0.00,0.00,0.02,0.00,0.00,0.00,0.00,57645.00,0.02
2022-07-29,0.00,0.00,0.02,0.00,0.00,0.00,0.00,62645.00,1.60
2022-08-01,0.00,0.00,0.02,0.00,0.00,0.00,0.00,82055.00,4.73
2022-08-02,0.00,0.00,0.02,0.01,0.10,0.00,0.00,87540.00,1.25
2022-08-03,-0.00,-0.00,0.02,0.00,0.00,-0.01,-0.10,72230.00,0.09
2022-08-04,0.00,0.00,0.02,0.01,0.10,0.00,0.00,73400.00,0.69
2022-08-05,0.00,0.00,0.02,0.01,0.10,0.01,0.10,69465.00,0.01
2022-08-08,0.00,0.00,0.02,0.00,0.00,0.00,0.00,69465.00,0.00
2022-08-09,0.00,0.00,0.02,0.01,0.10,0.00,0.00,71660.00,0.62
2022-08-10,0.00,0.00,0.02,0.00,0.00,0.01,0.10,71445.00,0.06
2022-08-11,-0.00,-0.00,0.02,0.02,0.20,0.01,0.10,71020.00,0.01
2022-08-12,0.00,0.00,0.02,0.00,0.00,0.00,0.00,70330.00,0.00
2022-08-15,0.00,0.00,0.02,0.01,0.10,0.01,0.10,77805.00,2.18
2022-08-16,0.00,0.00,0.02,0.00,0.00,0.00,0.00,77555.00,0.00
2022-08-17,0.00,0.00,0.02,0.02,0.20,0.00,0.00,107255.00,5.60
2022-08-18,0.00,0.00,0.01,0.01,0.10,0.00,0.00,107365.00,0.15
2022-08-19,-0.00,-0.00,0.01,0.00,0.00,-0.01,-0.10,108060.00,0.13
2022-08-22,0.00,0.00,0.01,0.01,0.10,0.00,0.00,108780.00,0.13
2022-08-23,0.00,0.00,0.01,0.03,0.30,0.00,0.00,129990.00,3.26
2022-08-24,-0.00,-0.00,0.01,0.02,0.20,-0.01,-0.10,102700.00,1.07
2022-08-25,-0.00,-0.00,0.01,0.01,0.10,-0.01,-0.10,102855.00,0.04
2022-08-26,0.00,0.00,0.01,0.01,0.10,0.01,0.10,125605.00,4.42
2022-08-29,0.00,0.00,0.01,0.00,0.00,0.01,0.10,106445.00,0.05
2022-08-30,0.00,0.00,0.01,0.00,0.00,0.00,0.00,100955.00,0.00
2022-08-31,0.00,0.00,0.01,0.00,0.00,0.01,0.10,100645.00,0.00
2022-09-01,0.00,0.00,0.01,0.01,0.10,0.00,0.00,98155.00,0.01
2022-09-02,-0.00,-0.00,0.01,0.00,0.00,-0.01,-0.10,98135.00,0.00
2022-09-06,-0.00,-0.00,0.02,0.02,0.20,-0.02,-0.20,100470.00,0.46
2022-09-07,0.00,0.00,0.02,0.01,0.10,0.00,0.00,99680.00,0.28
2022-09-08,0.00,0.00,0.02,0.00,0.00,0.00,0.00,99450.00,0.00
2022-09-09,0.00,0.00,0.02,0.00,0.00,0.01,0.10,99900.00,0.10
2022-09-12,0.00,0.00,0.02,0.01,0.10,-0.01,-0.10,104060.00,0.80
2022-09-13,-0.00,-0.00,0.02,0.00,0.00,-0.01,-0.10,95665.00,0.02
2022-09-14,0.00,0.00,0.02,0.01,0.10,0.00,0.00,95735.00,0.01
2022-09-15,0.00,0.00,0.02,0.02,0.20,-0.01,-0.10,74910.00,2.45
2022-09-16,0.00,0.00,0.02,0.01,0.10,0.00,0.00,79010.00,1.24
2022-09-19,0.00,0.00,0.01,0.01,0.10,0.00,0.00,78460.00,0.04
2022-09-20,0.00,0.00,0.01,0.01,0.10,0.01,0.10,78215.00,0.12
2022-09-21,0.00,0.00,0.01,0.00,0.00,0.00,0.00,59455.00,0.82
2022-09-22,0.00,0.00,0.01,0.00,0.00,0.00,0.00,53975.00,0.00
2022-09-23,-0.00,-0.00,0.01,0.01,0.10,-0.01,-0.10,88425.00,7.84
2022-09-26,0.00,0.00,0.01,0.02,0.20,0.01,0.10,63310.00,0.83
2022-09-27,0.00,0.00,0.01,0.00,0.00,0.00,0.00,63050.00,0.00
2022-09-28,0.00,0.00,0.01,0.00,0.00,0.01,0.10,68050.00,1.47
2022-09-29,0.00,0.00,0.01,0.01,0.10,0.01,0.10,68600.00,0.16
2022-09-30,0.00,0.00,0.01,0.01,0.10,0.01,0.10,72930.00,1.20
2022-10-03,0.00,0.00,0.01,0.01,0.10,0.01,0.10,75215.00,0.61
2022-10-04,0.00,0.00,0.01,0.00,0.00,0.00,0.00,78000.00,1.31
2022-10-05,0.00,0.00,0.01,0.00,0.00,0.00,0.00,76585.00,0.00
2022-10-06,0.00,0.00,0.01,0.03,0.30,0.01,0.10,89885.00,2.96
2022-10-07,0.00,0.00,0.01,0.02,0.20,-0.01,-0.10,116675.00,4.68
2022-10-10,0.00,0.00,0.01,0.02,0.20,-0.01,-0.10,136170.00,3.48
2022-10-11,-0.00,-0.00,0.01,0.00,0.00,-0.01,-0.10,136105.00,0.00
2022-10-12,0.00,0.00,0.01,0.01,0.10,0.01,0.10,161610.00,3.17
2022-10-13,0.00,0.00,0.01,0.00,0.00,0.00,0.00,152435.00,0.00
2022-10-14,0.00,0.00,0.01,0.00,0.00,0.00,0.00,147550.00,0.00
2022-10-17,0.00,0.00,0.02,0.01,0.10,0.02,0.20,148105.00,0.10
2022-10-18,0.00,0.00,0.02,0.01,0.10,-0.01,-0.10,147690.00,0.01
2022-10-19,-0.00,-0.00,0.02,0.01,0.10,-0.01,-0.10,145620.00,0.05
2022-10-20,0.00,0.00,0.02,0.00,0.00,0.00,0.00,145640.00,0.00
2022-10-21,0.00,0.00,0.02,0.00,0.00,0.00,0.00,110990.00,0.00
2022-10-24,0.00,0.00,0.02,0.00,0.00,0.00,0.00,108355.00,0.00
2022-10-25,0.00,0.00,0.02,0.01,0.10,0.01,0.10,108995.00,0.12
2022-10-26,0.00,0.00,0.02,0.00,0.00,0.01,0.10,104350.00,0.07
2022-10-27,0.00,0.00,0.02,0.00,0.00,0.00,0.00,103790.00,0.00
2022-10-28,0.00,0.00,0.02,0.01,0.10,0.01,0.10,99520.00,0.02
2022-10-31,-0.00,-0.00,0.02,0.01,0.10,-0.03,-0.30,97270.00,0.01
2022-11-01,0.00,0.00,0.02,0.01,0.10,0.03,0.30,94945.00,0.59
2022-11-02,-0.00,-0.00,0.02,0.00,0.00,-0.02,-0.20,94955.00,0.00
2022-11-03,0.00,0.00,0.02,0.04,0.40,-0.01,-0.10,81960.00,0.07
2022-11-04,-0.00,-0.00,0.02,0.00,0.00,-0.01,-0.10,54680.00,0.00
2022-11-07,0.00,0.00,0.02,0.03,0.30,-0.01,-0.10,32960.00,1.18
2022-11-08,0.00,0.00,0.02,0.00,0.00,0.00,0.00,33055.00,0.07
2022-11-09,-0.00,-0.00,0.02,0.02,0.20,-0.02,-0.20,7815.00,0.86
2022-11-10,-0.00,-0.00,0.03,0.03,0.30,0.02,0.20,13885.00,8.75
2022-11-11,0.00,0.00,0.03,0.02,0.20,0.02,0.20,16390.00,3.06
2022-11-14,-0.00,-0.00,0.03,0.01,0.10,0.00,0.00,15700.00,0.02
2022-11-15,0.00,0.00,0.03,0.00,0.00,0.00,0.00,52440.00,14.04
2022-11-16,0.00,0.00,0.03,0.01,0.10,0.01,0.10,57265.00,1.82
2022-11-17,-0.00,-0.00,0.03,0.01,0.10,-0.01,-0.10,98180.00,8.34
2022-11-18,-0.00,-0.00,0.03,0.02,0.20,0.00,0.00,332695.00,14.10
2022-11-21,0.00,0.00,0.03,0.02,0.20,0.00,0.00,393275.00,3.08
2022-11-22,0.00,0.00,0.03,0.03,0.30,0.03,0.30,423395.00,1.45
2022-11-23,-0.00,-0.00,0.03,0.00,0.00,-0.02,-0.20,423055.00,0.00
2022-11-25,0.00,0.00,0.03,0.00,0.00,0.00,0.00,423065.00,0.00
2022-11-28,0.00,0.00,0.03,0.00,0.00,0.00,0.00,428225.00,0.25
2022-11-29,0.00,0.00,0.03,0.02,0.20,0.02,0.20,428345.00,0.01
2022-11-30,0.00,0.00,0.03,0.03,0.30,-0.02,-0.20,425640.00,0.00
2022-12-01,-0.00,-0.00,0.03,0.02,0.20,-0.02,-0.20,426240.00,0.03
2022-12-02,0.00,0.00,0.03,0.00,0.00,0.03,0.30,425955.00,0.00
2022-12-05,-0.00,-0.00,0.03,0.01,0.10,-0.01,-0.10,425975.00,0.00
2022-12-06,0.00,0.00,0.03,0.03,0.30,0.02,0.20,426165.00,0.10
2022-12-07,0.00,0.00,0.03,0.01,0.10,0.00,0.00,426075.00,0.00
2022-12-08,-0.00,-0.00,0.03,0.01,0.10,-0.01,-0.10,427730.00,0.09
2022-12-09,0.00,0.00,0.03,0.00,0.00,0.03,0.30,421670.00,0.00
2022-12-12,0.00,0.00,0.03,0.01,0.10,0.01,0.10,419825.00,0.03
2022-12-13,-0.00,-0.00,0.03,0.02,0.20,-0.04,-0.40,420190.00,0.02
2022-12-14,0.00,0.00,0.03,0.00,0.00,0.00,0.00,383390.00,0.00
2022-12-15,0.00,0.00,0.03,0.00,0.00,0.00,0.00,378205.00,0.00
2022-12-16,0.00,0.00,0.03,0.01,0.10,0.00,0.00,341550.00,0.25
2022-12-19,-0.00,-0.00,0.03,0.05,0.50,0.03,0.30,107895.00,0.16
2022-12-20,0.00,0.00,0.03,0.01,0.10,0.00,0.00,48065.00,0.31
2022-12-21,0.00,0.00,0.03,0.00,0.00,0.00,0.00,17305.00,0.00
2022-12-22,0.00,0.00,0.02,0.00,0.00,0.00,0.00,17295.00,0.01
2022-12-23,-0.00,-0.00,0.03,0.01,0.10,0.00,0.00,19260.00,2.05
2022-12-27,0.01,0.01,0.03,0.07,0.70,0.01,0.10,16070.00,2.56
2022-12-28,0.00,0.00,0.03,0.02,0.20,0.01,0.10,16555.00,0.79
2022-12-29,-0.00,-0.00,0.03,0.04,0.40,-0.03,-0.30,52655.00,13.75
2022-12-30,0.00,0.00,0.03,0.01,0.10,0.00,0.00,52135.00,0.03
2023-01-03,0.00,0.00,0.03,0.01,0.10,0.01,0.10,52340.00,0.09
2023-01-04,0.01,0.01,0.03,0.04,0.40,0.03,0.30,53000.00,0.26
2023-01-05,-0.00,-0.00,0.03,0.06,0.60,0.00,0.00,52590.00,0.65
2023-01-06,0.00,0.00,0.03,0.03,0.30,-0.02,-0.20,57805.00,1.81
2023-01-09,0.00,0.00,0.03,0.02,0.20,0.00,0.00,95555.00,8.32
2023-01-10,-0.00,-0.00,0.03,0.02,0.20,-0.01,-0.10,253385.00,12.46
2023-01-11,0.00,0.00,0.03,0.00,0.00,0.01,0.10,255395.00,0.21
2023-01-12,0.00,0.00,0.03,0.00,0.00,0.00,0.00,290015.00,2.41
2023-01-13,0.00,0.00,0.03,0.00,0.00,0.00,0.00,291140.00,0.08
2023-01-17,0.00,0.00,0.03,0.02,0.20,0.01,0.10,293260.00,0.15
2023-01-18,0.00,0.00,0.03,0.01,0.10,0.01,0.10,291600.00,0.18
2023-01-19,-0.00,-0.00,0.03,0.02,0.20,-0.01,-0.10,346280.00,3.21
2023-01-20,0.00,0.00,0.03,0.03,0.30,0.02,0.20,352380.00,0.39
2023-01-23,-0.00,-0.00,0.03,0.04,0.40,0.00,0.00,463015.00,4.78
2023-01-24,0.00,0.00,0.03,0.00,0.00,0.00,0.00,479170.00,0.67
2023-01-25,0.00,0.00,0.03,0.02,0.20,0.01,0.10,479125.00,0.08
2023-01-26,0.00,0.00,0.02,0.01,0.10,0.00,0.00,477850.00,0.03
2023-01-27,0.00,0.00,0.02,0.00,0.00,0.00,0.00,478785.00,0.07
2023-01-30,0.00,0.00,0.02,0.01,0.10,0.00,0.00,445920.00,0.15
2023-01-31,0.00,0.00,0.02,0.02,0.20,0.01,0.10,452180.00,0.28
2023-02-01,-0.00,-0.00,0.02,0.04,0.40,0.02,0.20,513075.00,2.38
2023-02-02,0.00,0.00,0.02,0.00,0.00,0.02,0.20,514035.00,0.06
2023-02-03,-0.00,-0.00,0.02,0.03,0.30,-0.02,-0.20,572945.00,2.12
2023-02-06,-0.00,-0.00,0.02,0.09,0.90,-0.05,-0.50,569700.00,0.07
2023-02-07,-0.00,-0.00,0.02,0.00,0.00,-0.01,-0.10,530475.00,0.02
2023-02-08,-0.00,-0.00,0.02,0.01,0.10,-0.02,-0.20,373140.00,0.03
2023-02-09,-0.00,-0.00,0.02,0.06,0.60,0.00,0.00,370895.00,0.02
2023-02-10,-0.01,-0.01,0.03,0.04,0.40,-0.02,-0.20,336405.00,0.03
2023-02-13,0.01,0.01,0.06,0.12,1.19,0.20,2.01,335800.00,0.03
2023-02-14,-0.01,-0.01,0.06,0.10,1.00,-0.10,-0.99,333850.00,0.01
2023-02-15,0.00,0.00,0.06,0.05,0.50,0.05,0.50,331310.00,0.00
2023-02-16,0.00,0.00,0.06,0.00,0.00,0.00,0.00,275770.00,0.00
2023-02-17,0.01,0.01,0.06,0.05,0.50,0.01,0.10,268940.00,0.00
2023-02-21,0.00,0.00,0.06,0.01,0.10,-0.01,-0.10,158380.00,0.01
2023-02-22,0.00,0.00,0.06,0.00,0.00,0.00,0.00,142220.00,0.00
2023-02-23,-0.01,-0.01,0.07,0.01,0.10,-0.07,-0.69,140455.00,0.02
2023-02-24,-0.01,-0.01,0.07,0.06,0.60,0.01,0.10,140385.00,0.10
2023-02-27,0.00,0.00,0.07,0.01,0.10,0.00,0.00,149175.00,1.39
2023-02-28,0.00,0.00,0.07,0.02,0.20,-0.01,-0.10,145965.00,0.02
2023-03-01,0.00,0.00,0.07,0.02,0.20,-0.02,-0.20,139655.00,0.01
2023-03-02,-0.00,-0.00,0.07,0.02,0.20,-0.02,-0.20,78675.00,0.04
2023-03-03,0.01,0.01,0.07,0.04,0.40,0.03,0.30,77290.00,0.07
2023-03-06,-0.01,-0.01,0.08,0.60,6.02,0.48,4.79,28050.00,8.12
2023-03-07,-0.00,-0.00,0.08,0.02,0.20,-0.01,-0.10,33980.00,4.66
2023-03-08,-0.00,-0.00,0.08,0.04,0.40,0.02,0.20,40525.00,3.48
2023-03-09,0.00,0.00,0.08,0.01,0.10,0.01,0.10,40710.00,0.34
2023-03-10,0.00,0.00,0.08,0.04,0.40,0.04,0.40,40310.00,0.01
2023-03-13,0.00,0.00,0.07,0.00,0.00,0.01,0.10,39805.00,0.00
2023-03-14,0.00,0.00,0.06,0.05,0.50,-0.01,-0.10,40965.00,0.82
2023-03-15,0.00,0.00,0.05,0.05,0.50,0.00,0.00,44355.00,1.61
2023-03-16,0.00,0.00,0.05,0.00,0.00,0.01,0.10,44300.00,0.01
2023-03-17,0.00,0.00,0.05,0.00,0.00,0.00,0.00,44300.00,0.00
2023-03-20,-0.00,-0.00,0.05,0.04,0.40,-0.03,-0.30,52685.00,3.19
2023-03-21,0.00,0.00,0.05,0.03,0.30,0.01,0.10,52910.00,0.11
2023-03-22,0.00,0.00,0.05,0.01,0.10,0.01,0.10,54200.00,0.48
2023-03-23,-0.00,-0.00,0.04,0.03,0.30,0.01,0.10,58470.00,1.52
2023-03-24,0.00,0.00,0.04,0.02,0.20,0.00,0.00,58380.00,0.21
2023-03-27,-0.00,-0.00,0.04,0.05,0.50,0.04,0.40,48175.00,0.07
2023-03-28,0.00,0.00,0.04,0.00,0.00,0.00,0.00,48065.00,0.00
2023-03-29,0.00,0.00,0.04,0.00,0.00,0.00,0.00,54280.00,2.30
2023-03-30,0.00,0.00,0.04,0.06,0.60,0.06,0.60,54190.00,0.02
2023-03-31,0.01,0.01,0.04,0.03,0.30,0.04,0.40,54075.00,0.06
2023-04-03,-0.01,-0.01,0.04,0.04,0.40,-0.02,-0.20,44125.00,0.65
2023-04-04,-0.00,-0.00,0.04,0.01,0.10,0.00,0.00,36595.00,0.21
2023-04-05,0.00,0.00,0.04,0.01,0.10,0.01,0.10,30630.00,0.71
2023-04-06,0.00,0.00,0.04,0.00,0.00,0.00,0.00,29935.00,0.00
2023-04-10,0.00,0.00,0.04,0.02,0.20,0.01,0.10,29925.00,0.01
2023-04-11,-0.00,-0.00,0.04,0.01,0.10,0.00,0.00,29935.00,0.01
2023-04-12,0.00,0.00,0.04,0.01,0.10,0.00,0.00,28275.00,0.01
2023-04-13,-0.00,-0.00,0.04,0.04,0.40,0.00,0.00,25960.00,0.97
2023-04-14,0.00,0.00,0.04,0.01,0.10,0.01,0.10,25960.00,0.02
2023-04-17,0.01,0.01,0.04,0.04,0.40,0.02,0.20,26475.00,0.39
2023-04-18,-0.00,-0.00,0.04,0.05,0.50,0.00,0.00,30735.00,8.24
2023-04-19,-0.00,-0.00,0.04,0.00,0.00,-0.01,-0.10,30810.00,0.24
2023-04-20,0.00,0.00,0.04,0.00,0.00,0.00,0.00,29520.00,0.00
2023-04-21,0.00,0.00,0.04,0.00,0.00,0.00,0.00,25085.00,0.00
2023-04-24,0.00,0.00,0.04,0.05,0.50,0.04,0.40,25430.00,0.76
2023-04-25,-0.00,-0.00,0.04,0.09,0.90,-0.02,-0.20,28140.00,2.05
2023-04-26,0.00,0.00,0.04,0.01,0.10,-0.01,-0.10,28210.00,0.05
2023-04-27,0.00,0.00,0.04,0.02,0.20,0.00,0.00,22650.00,0.61
2023-04-28,-0.00,-0.00,0.04,0.00,0.00,-0.01,-0.10,22670.00,0.06
2023-05-01,0.00,0.00,0.04,0.00,0.00,0.03,0.30,22655.00,0.12
2023-05-02,0.00,0.00,0.03,0.03,0.30,0.01,0.10,21545.00,0.31
2023-05-03,0.00,0.00,0.03,0.01,0.10,0.00,0.00,22835.00,1.47
2023-05-04,0.00,0.00,0.03,0.00,0.00,0.00,0.00,22035.00,0.27
2023-05-05,0.00,0.00,0.03,0.03,0.30,0.01,0.10,23285.00,1.07
2023-05-08,0.00,0.00,0.03,0.00,0.00,0.00,0.00,23265.00,0.00
2023-05-09,0.00,0.00,0.03,0.00,0.00,0.00,0.00,23250.00,0.00
2023-05-10,0.00,0.00,0.03,0.01,0.10,0.03,0.30,23540.00,0.26
2023-05-11,0.00,0.00,0.03,0.00,0.00,0.00,0.00,22275.00,0.00
2023-05-12,0.00,0.00,0.03,0.00,0.00,0.00,0.00,22250.00,0.00
2023-05-15,-0.00,-0.00,0.03,0.03,0.30,0.00,0.00,22360.00,0.56
2023-05-16,0.00,0.00,0.02,0.01,0.10,0.00,0.00,10735.00,1.94
2023-05-17,0.00,0.00,0.02,0.01,0.10,-0.01,-0.10,10735.00,0.70
2023-05-18,0.00,0.00,0.02,0.01,0.10,-0.01,-0.10,11660.00,1.59
2023-05-19,0.00,0.00,0.02,0.01,0.10,0.01,0.10,11865.00,0.35
2023-05-22,0.00,0.00,0.02,0.00,0.00,0.00,0.00,10895.00,0.00
2023-05-23,0.00,0.00,0.02,0.00,0.00,0.00,0.00,8025.00,0.04
2023-05-24,-0.00,-0.00,0.02,0.00,0.00,-0.03,-0.30,7960.00,0.03
2023-05-25,0.00,0.00,0.02,0.00,0.00,0.00,0.00,7280.00,0.04
2023-05-26,0.00,0.00,0.02,0.00,0.00,0.00,0.00,7210.00,0.00
2023-05-30,0.00,0.00,0.02,0.00,0.00,0.00,0.00,7075.00,0.00
2023-05-31,0.00,0.00,0.02,0.00,0.00,0.00,0.00,6745.00,0.00
2023-06-01,0.00,0.00,0.02,0.01,0.10,0.00,0.00,5280.00,0.81
2023-06-02,0.00,0.00,0.02,0.01,0.10,0.00,0.00,5495.00,1.86
2023-06-05,0.00,0.00,0.02,0.02,0.20,0.00,0.00,8095.00,9.51
2023-06-06,-0.00,-0.00,0.02,0.01,0.10,-0.01,-0.10,9685.00,3.28
2023-06-07,0.00,0.00,0.02,0.00,0.00,0.01,0.10,9695.00,0.02
2023-06-08,0.00,0.00,0.02,0.05,0.49,0.03,0.30,9995.00,1.22
2023-06-09,0.00,0.00,0.02,0.00,0.00,0.00,0.00,10000.00,0.01
2023-06-12,0.01,0.01,0.05,0.16,1.56,0.00,0.00,11095.00,1.97
2023-06-13,-0.01,-0.01,0.05,0.04,0.39,-0.04,-0.39,11795.00,2.25
2023-06-14,-0.00,-0.00,0.06,0.02,0.20,-0.01,-0.10,10775.00,0.04
2023-06-15,-0.00,-0.00,0.06,0.00,0.00,-0.01,-0.10,10455.00,0.11
2023-06-16,0.00,0.00,0.06,0.00,0.00,0.00,0.00,9530.00,0.00
2023-06-20,0.00,0.00,0.06,0.00,0.00,0.02,0.20,9330.00,0.01
2023-06-21,0.00,0.00,0.06,0.00,0.00,0.02,0.20,9415.00,0.18
2023-06-22,0.00,0.00,0.06,0.00,0.00,0.00,0.00,9435.00,0.07
2023-06-23,0.00,0.00,0.06,0.01,0.10,-0.01,-0.10,10170.00,1.47
2023-06-26,0.00,0.00,0.06,0.00,0.00,0.00,0.00,10155.00,0.00
2023-06-27,0.00,0.00,0.06,0.03,0.29,0.00,0.00,17820.00,8.60
2023-06-28,0.00,0.00,0.06,0.01,0.10,0.00,0.00,19405.00,1.63
2023-06-29,0.00,0.00,0.06,0.07,0.68,0.00,0.00,25070.00,4.52
2023-06-30,0.00,0.00,0.06,0.01,0.10,0.01,0.10,25025.00,0.14
2023-07-03,0.00,0.00,0.06,0.00,0.00,0.00,0.00,24515.00,0.00
2023-07-05,0.00,0.00,0.06,0.01,0.10,0.00,0.00,20740.00,0.07
2023-07-06,0.00,0.00,0.06,0.00,0.00,0.00,0.00,19150.00,0.00
2023-07-07,0.00,0.00,0.06,0.00,0.00,0.00,0.00,19140.00,0.00
2023-07-10,0.00,0.00,0.06,0.01,0.10,0.00,0.00,19170.00,0.67
2023-07-11,-0.00,-0.00,0.06,0.16,1.56,0.02,0.20,20865.00,1.63
2023-07-12,0.00,0.00,0.03,0.00,0.00,0.00,0.00,19770.00,0.00
2023-07-13,0.00,0.00,0.02,0.01,0.10,0.00,0.00,25480.00,5.52
2023-07-14,0.00,0.00,0.02,0.03,0.29,0.01,0.10,27665.00,1.59
2023-07-17,0.00,0.00,0.01,0.00,0.00,0.00,0.00,27610.00,0.00
2023-07-18,0.00,0.00,0.01,0.00,0.00,0.00,0.00,27610.00,0.00
2023-07-19,0.02,0.02,0.07,0.16,1.53,0.06,0.59,28210.00,0.43
2023-07-20,-0.01,-0.01,0.08,0.05,0.48,-0.11,-1.05,30220.00,1.39
2023-07-21,0.00,0.00,0.08,0.00,0.00,0.04,0.39,30195.00,0.01
2023-07-24,0.00,0.00,0.08,0.00,0.00,0.00,0.00,29450.00,0.00
2023-07-25,-0.00,-0.00,0.09,0.00,0.00,-0.04,-0.39,29455.00,0.00
2023-07-26,0.00,0.00,0.08,0.00,0.00,0.00,0.00,21790.00,0.00
2023-07-27,-0.00,-0.00,0.09,0.02,0.19,0.00,0.00,31260.00,7.07
2023-07-28,0.00,0.00,0.09,0.01,0.10,0.00,0.00,26250.00,0.50
2023-07-31,0.00,0.00,0.09,0.00,0.00,0.00,0.00,28750.00,1.86
2023-08-01,0.00,0.00,0.09,0.00,0.00,0.00,0.00,28750.00,0.00
2023-08-02,0.00,0.00,0.09,0.00,0.00,0.00,0.00,28680.00,0.00
2023-08-03,0.00,0.00,0.09,0.00,0.00,0.00,0.00,28685.00,0.00
2023-08-04,0.00,0.00,0.09,0.00,0.00,0.00,0.00,28685.00,0.00
2023-08-07,0.00,0.00,0.09,0.00,0.00,0.00,0.00,28055.00,0.01
2023-08-08,0.00,0.00,0.08,0.00,0.00,0.00,0.00,26360.00,0.00
2023-08-09,0.00,0.00,0.08,0.00,0.00,0.00,0.00,26360.00,0.00
2023-08-10,0.00,0.00,0.08,0.00,0.00,0.00,0.00,19325.00,0.00
2023-08-11,0.00,0.00,0.08,0.00,0.00,0.00,0.00,17120.00,0.00
2023-08-14,0.00,0.00,0.08,0.00,0.00,0.00,0.00,17120.00,0.00
2023-08-15,0.00,0.00,0.08,0.01,0.10,0.01,0.10,17570.00,0.51
2023-08-16,0.00,0.00,0.05,0.00,0.00,0.00,0.00,16970.00,0.01
2023-08-17,0.00,0.00,0.02,0.00,0.00,0.03,0.29,15580.00,0.91
2023-08-18,0.00,0.00,0.02,0.00,0.00,0.00,0.00,15570.00,0.00
2023-08-21,0.00,0.00,0.02,0.00,0.00,0.00,0.00,15575.00,0.01
2023-08-22,0.00,0.00,0.01,0.00,0.00,0.00,0.00,15570.00,0.00
2023-08-23,0.00,0.00,0.01,0.00,0.00,0.00,0.00,15585.00,0.02
2023-08-24,0.00,0.00,0.01,0.00,0.00,0.00,0.00,4530.00,0.00
2023-08-25,0.00,0.00,0.01,0.00,0.00,0.00,0.00,3875.00,0.00
2023-08-28,0.00,0.00,0.01,0.01,0.10,0.00,0.00,2355.00,9.77
2023-08-29,0.00,0.00,0.01,0.00,0.00,0.01,0.10,2755.00,2.90
2023-08-30,0.00,0.00,0.01,0.00,0.00,0.00,0.00,2750.00,0.00
2023-08-31,0.00,0.00,0.01,0.00,0.00,0.03,0.29,2765.00,0.14
2023-09-01,0.00,0.00,0.01,0.00,0.00,0.00,0.00,2765.00,0.00
2023-09-05,0.00,0.00,0.01,0.00,0.00,0.00,0.00,2755.00,0.00
2023-09-06,0.00,0.00,0.01,0.01,0.10,0.00,0.00,3650.00,4.93
2023-09-07,-0.00,-0.00,0.02,0.04,0.39,0.01,0.10,5655.00,7.09
2023-09-08,0.00,0.00,0.02,0.03,0.29,0.00,0.00,7160.00,4.20
2023-09-11,0.00,0.00,0.02,0.00,0.00,0.00,0.00,7160.00,0.00
2023-09-12,0.00,0.00,0.02,0.00,0.00,0.01,0.10,7165.00,0.01
2023-09-13,0.00,0.00,0.02,0.00,0.00,0.00,0.00,6715.00,0.00
2023-09-14,0.00,0.00,0.02,0.00,0.00,0.00,0.00,6710.00,0.00
2023-09-15,0.00,0.00,0.02,0.04,0.38,0.03,0.29,14660.00,11.81
2023-09-18,0.00,0.00,0.02,0.01,0.10,0.01,0.10,15455.00,1.03
2023-09-19,0.00,0.00,0.02,0.03,0.29,0.03,0.29,21870.00,5.87
2023-09-20,-0.00,-0.00,0.02,0.12,1.15,0.10,0.96,39315.00,8.87
2023-09-21,0.01,0.01,0.03,0.20,1.90,0.14,1.34,49060.00,3.98
2023-09-22,-0.01,-0.01,0.04,0.39,3.74,0.30,2.86,51410.00,0.91
2023-09-25,-0.01,-0.01,0.05,0.83,8.03,0.00,0.00,53360.00,0.73
2023-09-26,-0.03,-0.03,0.12,1.70,16.97,0.36,3.48,56750.00,1.60
2023-09-27,-0.35,-0.43,1.25,4.32,66.46,0.11,1.10,61955.00,1.81
2023-09-28,-0.13,-0.14,1.31,1.49,26.42,-0.40,-6.15,67500.00,1.64
2023-09-29,0.24,0.22,1.62,2.29,32.67,-0.22,-3.90,75285.00,2.07
2023-10-02,-0.32,-0.38,1.94,1.65,34.38,-1.81,-25.82,78070.00,0.71
2023-10-03,-0.11,-0.11,1.95,0.72,16.78,-0.38,-7.92,79320.00,0.32
2023-10-04,-0.04,-0.04,1.95,0.80,19.42,0.58,13.52,79035.00,0.16
2023-10-05,0.04,0.04,1.97,0.42,9.77,0.07,1.70,77745.00,0.18
2023-10-06,0.13,0.13,2.05,0.99,20.29,0.00,0.00,82710.00,1.56
2023-10-09,-0.18,-0.19,2.12,0.97,24.13,0.02,0.41,84280.00,0.37
2023-10-10,-0.27,-0.32,2.27,1.82,62.33,0.33,8.21,85740.00,0.34
2023-10-11,-0.18,-0.20,2.30,0.73,30.42,-0.09,-3.08,86780.00,0.24
2023-10-12,-0.04,-0.04,2.30,0.28,12.12,-0.13,-5.42,86970.00,0.04
2023-10-13,0.04,0.04,2.31,0.56,23.33,-0.01,-0.43,79190.00,0.22
2023-10-16,-0.06,-0.06,2.30,0.80,35.56,0.19,7.92,80350.00,0.49
2023-10-17,-0.09,-0.10,2.29,0.69,33.82,-0.11,-4.89,75400.00,0.39
2023-10-18,-0.00,-0.00,2.29,0.41,20.20,0.05,2.45,58155.00,0.07
2023-10-19,-0.14,-0.15,2.29,0.50,28.74,0.12,5.91,48890.00,0.20
2023-10-20,-0.04,-0.04,2.28,0.10,5.99,-0.03,-1.72,46710.00,0.07
2023-10-23,-0.07,-0.07,2.26,0.20,12.90,-0.05,-2.99,44885.00,0.06
2023-10-24,0.01,0.01,2.28,0.14,8.92,-0.10,-6.45,40405.00,0.03
2023-10-25,-0.17,-0.19,2.08,0.21,16.15,-0.19,-12.10,35230.00,0.24
2023-10-26,-0.13,-0.14,2.07,0.26,23.01,-0.05,-3.85,30725.00,0.68
2023-10-27,0.24,0.21,2.07,0.30,21.43,0.12,10.62,25510.00,2.03
2023-10-30,-0.14,-0.15,1.88,0.20,16.67,-0.12,-8.57,23975.00,1.04
2023-10-31,0.02,0.02,1.89,0.08,6.56,0.05,4.17,22970.00,0.21
2023-11-01,0.02,0.02,1.91,0.11,8.80,0.07,5.74,22750.00,0.35
2023-11-02,-0.02,-0.02,1.88,0.22,18.03,0.00,0.00,22145.00,0.10
2023-11-03,-0.14,-0.15,1.76,0.20,19.05,-0.07,-5.74,16425.00,0.91
2023-11-06,0.00,0.00,1.73,0.09,8.57,-0.05,-4.76,15475.00,0.80
2023-11-07,-0.02,-0.02,1.53,0.07,6.80,-0.05,-4.76,14185.00,0.25
2023-11-08,-0.05,-0.05,1.45,0.11,11.22,0.06,5.83,13290.00,0.22
2023-11-09,-0.03,-0.03,1.45,0.17,17.89,-0.11,-11.22,15530.00,3.13
2023-11-10,-0.01,-0.01,1.43,0.13,13.83,0.01,1.05,15950.00,1.62
2023-11-13,-0.02,-0.02,1.43,0.04,4.35,0.00,0.00,14850.00,1.15
2023-11-14,0.03,0.03,1.43,0.11,11.58,0.01,1.09,13540.00,0.24
2023-11-15,0.03,0.03,1.45,0.09,9.18,0.05,5.26,13390.00,0.07
2023-11-16,-0.03,-0.03,1.39,0.07,7.37,0.04,4.08,13095.00,0.31
2023-11-17,-0.04,-0.04,1.39,0.24,26.37,0.04,4.21,14395.00,2.04
2023-11-20,0.10,0.09,1.45,0.15,15.00,-0.01,-1.10,14835.00,0.76
2023-11-21,-0.03,-0.03,1.44,0.20,20.62,-0.02,-2.00,16700.00,2.31
2023-11-22,0.07,0.07,1.36,0.16,15.38,-0.03,-3.09,17515.00,1.42
2023-11-24,0.18,0.17,1.44,0.22,17.89,0.00,0.00,17365.00,1.03
2023-11-27,0.13,0.12,1.24,0.29,20.86,-0.01,-0.81,17460.00,3.08
2023-11-28,0.27,0.24,1.46,0.87,49.15,0.08,5.76,53775.00,13.97
2023-11-29,0.56,0.44,2.39,1.67,60.51,0.15,8.47,202660.00,14.72
2023-11-30,-0.18,-0.20,2.54,0.71,31.56,-0.20,-7.25,213760.00,1.08
2023-12-01,0.03,0.03,2.53,0.39,16.81,-0.07,-3.11,218775.00,0.47
2023-12-04,-0.20,-0.23,2.59,0.79,42.70,-0.07,-3.02,221905.00,0.35
2023-12-05,0.02,0.02,2.59,0.37,19.68,0.14,7.57,226030.00,0.42
2023-12-06,0.04,0.04,2.58,0.25,12.76,-0.08,-4.26,226850.00,0.09
2023-12-07,0.02,0.02,2.56,0.46,23.12,0.01,0.51,228450.00,0.15
2023-12-08,0.04,0.04,2.55,0.22,10.63,0.10,5.03,228845.00,0.25
2023-12-11,0.06,0.06,2.54,0.20,9.13,0.12,5.80,229835.00,0.20
2023-12-12,0.05,0.05,2.52,0.21,9.13,0.02,0.91,233360.00,0.38
2023-12-13,-0.07,-0.08,2.56,0.18,8.45,-0.04,-1.74,237350.00,0.35
2023-12-14,0.04,0.04,2.56,0.22,9.95,0.05,2.35,238605.00,0.11
2023-12-15,0.11,0.10,2.55,0.53,21.63,0.00,0.00,247355.00,0.72
2023-12-18,0.02,0.02,2.53,0.30,11.95,0.17,6.94,250805.00,0.39
2023-12-19,0.00,0.00,2.53,0.16,6.35,-0.01,-0.40,251265.00,0.08
2023-12-20,-0.11,-0.11,2.58,0.34,15.11,0.00,0.00,251160.00,0.14
2023-12-21,0.00,0.00,2.59,0.30,13.33,0.04,1.78,251840.00,0.15
2023-12-22,0.02,0.02,2.54,0.20,8.73,0.08,3.56,251675.00,0.06
2023-12-26,-0.09,-0.09,2.56,0.36,17.22,0.00,0.00,249765.00,0.06
2023-12-27,-0.25,-0.29,2.58,0.65,41.67,0.00,0.00,216290.00,0.38
2023-12-28,0.17,0.16,1.69,0.27,14.75,0.30,19.23,68010.00,0.25
2023-12-29,-0.01,-0.01,1.56,0.20,11.05,-0.10,-5.46,57465.00,0.33
2024-01-02,0.04,0.04,1.57,0.36,19.05,0.04,2.21,54555.00,0.81
2024-01-03,-0.11,-0.11,1.44,0.25,14.79,-0.10,-5.29,51740.00,0.41
2024-01-04,0.12,0.12,1.50,0.36,18.95,0.00,0.00,60095.00,4.36
2024-01-05,-0.06,-0.06,1.51,0.25,13.97,0.07,3.68,63740.00,1.46
2024-01-08,-0.13,-0.14,1.58,0.26,16.67,-0.10,-5.59,64965.00,0.91
2024-01-09,-0.01,-0.01,1.57,0.10,6.49,-0.04,-2.56,62555.00,0.13
2024-01-10,-0.10,-0.11,1.58,0.44,31.88,-0.04,-2.60,62045.00,0.57
2024-01-11,-0.07,-0.08,1.57,0.23,17.97,0.01,0.72,58500.00,0.29
2024-01-12,0.02,0.02,1.57,0.18,13.74,-0.05,-3.91,55450.00,0.40
2024-01-16,0.17,0.16,1.69,0.36,23.53,0.08,6.11,55355.00,0.44
2024-01-17,-0.07,-0.07,1.64,0.33,23.08,0.18,11.76,47625.00,0.51
2024-01-18,-0.01,-0.01,1.63,0.17,11.97,0.02,1.40,43230.00,0.24
2024-01-19,-0.05,-0.05,1.63,0.17,12.59,0.03,2.11,43765.00,0.71
2024-01-22,0.04,0.04,1.62,0.27,19.29,0.04,2.96,43340.00,0.64
2024-01-23,-0.03,-0.03,1.62,0.18,13.24,0.04,2.86,42030.00,0.29
2024-01-24,-0.01,-0.01,1.61,0.19,14.07,0.12,8.82,42630.00,0.62
2024-01-25,-0.03,-0.03,1.59,0.17,12.98,0.10,7.41,42360.00,0.24
2024-01-26,0.03,0.03,1.33,0.10,7.41,-0.04,-3.05,38415.00,0.08
2024-01-29,-0.07,-0.07,1.17,0.22,17.46,0.09,6.67,37845.00,0.15
2024-01-30,0.03,0.03,1.18,0.35,26.92,0.17,13.49,37945.00,0.55
2024-01-31,-0.11,-0.11,1.21,0.18,15.52,0.00,0.00,36615.00,0.48
2024-02-01,0.03,0.03,1.18,0.15,12.50,0.07,6.03,36290.00,0.41
2024-02-02,-0.05,-0.05,1.07,0.16,14.04,0.10,8.33,23830.00,0.54
2024-02-05,0.27,0.24,1.48,0.59,40.69,0.00,0.00,21645.00,2.27
2024-02-06,-0.01,-0.01,1.41,0.15,10.42,0.05,3.45,19785.00,1.12
2024-02-07,-0.17,-0.18,1.53,0.21,17.50,-0.09,-6.25,19875.00,0.51
2024-02-08,0.14,0.13,1.58,0.22,16.06,-0.04,-3.33,18445.00,0.37
2024-02-09,-0.04,-0.04,1.56,0.23,17.56,0.08,5.84,19365.00,1.81
2024-02-12,-0.02,-0.02,1.56,0.34,26.36,0.01,0.76,19415.00,1.18
2024-02-13,0.05,0.05,1.45,0.32,23.70,-0.01,-0.78,19645.00,1.47
2024-02-14,-0.04,-0.04,1.43,0.21,16.15,0.01,0.74,19315.00,0.92
2024-02-15,-0.04,-0.04,1.44,0.25,20.00,-0.02,-1.54,19810.00,1.03
2024-02-16,0.10,0.09,1.47,0.21,15.33,0.15,12.00,20195.00,1.93
2024-02-20,-0.09,-0.09,1.50,0.15,12.00,-0.11,-8.03,20850.00,1.97
2024-02-21,0.04,0.04,1.50,0.11,8.46,-0.02,-1.60,20910.00,0.65
2024-02-22,-0.07,-0.07,1.52,0.08,6.61,-0.08,-6.15,20070.00,0.48
2024-02-23,0.04,0.04,1.53,0.07,5.56,0.04,3.31,21075.00,1.43
2024-02-26,0.02,0.02,1.52,0.10,7.75,-0.01,-0.79,21775.00,0.78
2024-02-27,-0.04,-0.04,1.51,0.09,7.26,-0.08,-6.20,22195.00,0.63
2024-02-28,1.83,1.04,6.66,2.79,79.49,0.02,1.61,166855.00,17.47
2024-02-29,0.34,0.29,6.68,2.35,49.89,0.62,17.66,567565.00,14.15
2024-03-01,0.33,0.28,6.71,4.16,66.56,0.00,0.00,875420.00,7.05
2024-03-04,0.39,0.33,6.73,4.00,45.98,-0.25,-4.00,1002350.00,2.55
2024-03-05,0.06,0.06,6.73,1.92,20.78,0.87,10.00,1036900.00,0.71
2024-03-06,0.08,0.07,6.71,1.39,13.97,-0.39,-4.22,1062710.00,0.51
2024-03-07,-0.23,-0.26,6.75,4.76,61.90,0.05,0.50,1095255.00,0.60
2024-03-08,0.17,0.16,6.75,2.12,23.56,0.07,0.91,1116150.00,0.38
2024-03-11,-0.17,-0.18,6.81,2.60,34.67,-0.21,-2.33,1125485.00,0.20
2024-03-12,0.01,0.01,6.80,1.10,14.47,0.25,3.33,1132970.00,0.15
2024-03-13,-0.23,-0.26,6.92,1.75,29.86,-0.31,-4.08,1143940.00,0.22
2024-03-14,-0.30,-0.35,7.06,2.40,58.39,0.03,0.51,1155805.00,0.22
2024-03-15,0.22,0.20,7.05,0.99,19.80,0.02,0.49,1166685.00,0.20
2024-03-18,-0.27,-0.31,7.19,2.13,58.20,0.15,3.00,1179020.00,0.24
2024-03-19,0.24,0.22,7.16,1.50,32.97,-0.39,-10.66,1210330.00,0.55
2024-03-20,-0.10,-0.11,7.20,0.48,11.76,-0.30,-6.59,1214310.00,0.08
2024-03-21,-0.05,-0.05,7.20,0.73,18.86,0.09,2.21,1219575.00,0.09
2024-03-22,-0.04,-0.04,7.22,0.72,19.46,0.13,3.36,1224130.00,0.10
2024-03-25,0.07,0.07,7.21,0.44,11.14,0.14,3.78,1227300.00,0.07
2024-03-26,0.03,0.03,7.20,0.20,4.94,0.07,1.77,1231690.00,0.08
2024-03-27,-0.03,-0.04,3.31,0.23,5.88,0.05,1.23,1092670.00,0.12
2024-03-28,0.00,0.00,3.09,0.25,6.38,0.09,2.30,695090.00,0.12
2024-04-01,0.12,0.12,2.89,0.71,16.14,0.05,1.28,399340.00,0.64
2024-04-02,0.02,0.02,2.49,0.67,14.96,0.08,1.82,280950.00,0.65
2024-04-03,0.22,0.20,2.62,2.01,36.68,0.31,6.92,275915.00,2.32
2024-04-04,0.07,0.07,2.62,0.89,15.19,-0.10,-1.82,255020.00,0.47
2024-04-05,0.05,0.05,2.50,1.33,21.59,0.01,0.17,233220.00,0.96
2024-04-08,0.04,0.04,2.42,0.84,13.12,-0.11,-1.79,215335.00,0.31
2024-04-09,0.07,0.07,2.36,0.80,11.68,0.09,1.41,210785.00,0.62
2024-04-10,-0.10,-0.10,2.39,1.06,17.12,0.21,3.07,208245.00,0.59
2024-04-11,-0.02,-0.02,2.23,0.54,8.88,0.01,0.16,197985.00,0.22
2024-04-12,-0.17,-0.19,2.03,1.53,30.30,0.00,0.00,193435.00,0.85
2024-04-15,0.20,0.18,2.01,1.03,16.97,0.61,12.08,187820.00,0.67
2024-04-16,-0.02,-0.02,1.71,0.43,7.23,0.03,0.49,174970.00,0.16
2024-04-17,-0.07,-0.07,1.55,0.74,13.38,0.14,2.35,145115.00,0.48
2024-04-18,-0.08,-0.08,1.53,1.15,22.50,-0.02,-0.36,143245.00,0.39
2024-04-19,-0.01,-0.01,1.51,0.66,13.04,-0.21,-4.11,140110.00,0.37
2024-04-22,-0.00,-0.00,1.49,0.22,4.37,0.03,0.59,134690.00,0.10
2024-04-23,0.03,0.03,1.48,0.76,14.70,-0.03,-0.60,131595.00,0.14
2024-04-24,-0.04,-0.04,1.49,0.24,4.82,-0.09,-1.74,127335.00,0.13
2024-04-25,0.02,0.02,1.48,0.49,9.68,-0.15,-3.01,125610.00,0.79
2024-04-26,0.02,0.02,1.48,0.45,8.69,-0.01,-0.20,124570.00,0.48
2024-04-29,-0.05,-0.05,1.45,0.36,7.33,-0.17,-3.28,112915.00,0.21
2024-04-30,-0.13,-0.14,1.53,0.97,22.82,0.16,3.26,106775.00,0.57
2024-05-01,0.04,0.04,1.31,0.35,7.90,0.06,1.41,75880.00,0.28
2024-05-02,0.09,0.09,1.33,0.32,6.60,0.24,5.42,71030.00,0.33
2024-05-03,-0.10,-0.11,1.35,0.65,14.94,-0.16,-3.30,61560.00,0.58
2024-05-06,-0.21,-0.23,1.50,1.13,32.85,0.00,0.00,63510.00,1.67
2024-05-07,-0.16,-0.18,1.53,0.62,21.53,0.03,0.87,64160.00,2.24
2024-05-08,0.14,0.13,1.64,0.45,13.72,0.22,7.64,60870.00,0.92
2024-05-09,0.02,0.02,1.65,0.32,9.55,0.17,5.18,61080.00,0.77
2024-05-10,-0.05,-0.05,1.56,0.34,10.66,-0.03,-0.90,54625.00,0.64
2024-05-13,-0.03,-0.03,1.32,0.35,11.29,-0.03,-0.94,49090.00,0.31
2024-05-14,-0.02,-0.02,1.32,0.33,10.86,-0.07,-2.26,49730.00,0.83
2024-05-15,-0.02,-0.02,1.31,0.42,14.05,-0.04,-1.32,48565.00,0.96
2024-05-16,0.01,0.01,1.31,0.26,8.61,-0.10,-3.34,46760.00,0.42
2024-05-17,0.03,0.03,1.32,0.36,11.58,0.04,1.32,46430.00,0.98
2024-05-20,0.04,0.04,1.34,0.59,18.21,-0.11,-3.54,47185.00,0.59
2024-05-21,-0.06,-0.06,1.33,0.30,9.84,-0.02,-0.62,47135.00,0.37
2024-05-22,-0.01,-0.01,1.33,0.17,5.61,-0.04,-1.31,46865.00,0.24
2024-05-23,0.01,0.01,1.33,0.18,5.90,0.07,2.31,44090.00,0.99
2024-05-24,-0.10,-0.10,1.34,0.47,17.03,-0.03,-0.98,44060.00,1.34
2024-05-28,-0.05,-0.05,1.34,0.36,13.74,-0.09,-3.26,45300.00,1.07
2024-05-29,-0.11,-0.12,1.32,0.74,31.76,-0.03,-1.15,46600.00,1.86
2024-05-30,0.03,0.03,1.31,0.08,3.33,0.10,4.29,46405.00,0.38
2024-05-31,-0.01,-0.01,1.23,0.12,5.06,0.01,0.42,46940.00,0.73
2024-06-03,-0.01,-0.01,1.21,0.10,4.27,-0.06,-2.53,46870.00,0.73
2024-06-04,-0.03,-0.03,1.00,0.74,32.60,0.07,2.99,45375.00,1.68
2024-06-05,-0.08,-0.08,0.88,0.34,16.27,-0.06,-2.64,39990.00,0.90
2024-06-06,0.01,0.01,0.67,0.21,9.91,0.16,7.66,37975.00,0.42
2024-06-07,0.13,0.12,0.86,0.43,17.92,-0.09,-4.25,37315.00,0.91
2024-06-10,0.10,0.09,0.93,0.55,20.91,-0.07,-2.92,36925.00,0.74
2024-06-11,-0.05,-0.05,0.94,0.47,18.88,0.03,1.14,36945.00,0.42
2024-06-12,0.01,0.01,0.95,0.24,9.52,-0.02,-0.80,35430.00,0.31
2024-06-13,0.07,0.07,0.98,0.18,6.69,0.09,3.57,33415.00,0.19
2024-06-14,-0.03,-0.03,0.98,0.32,12.21,-0.10,-3.72,32880.00,0.27
2024-06-17,-0.06,-0.06,0.99,0.23,9.35,0.00,0.00,30980.00,0.25
2024-06-18,-0.01,-0.01,0.97,0.62,25.51,0.01,0.41,30060.00,0.32
2024-06-20,-0.01,-0.01,0.96,0.29,12.08,0.07,2.88,29850.00,0.44
2024-06-21,-0.05,-0.05,0.97,0.22,9.61,0.00,0.00,29645.00,0.24
2024-06-24,0.02,0.02,0.97,0.62,26.61,0.26,11.35,29990.00,1.69
2024-06-25,-0.01,-0.01,0.92,0.29,12.61,0.03,1.29,28620.00,1.10
2024-06-26,-0.07,-0.07,0.93,0.34,15.81,-0.04,-1.74,28960.00,1.91
2024-06-27,0.07,0.06,0.88,0.16,6.99,0.01,0.47,25865.00,0.96
2024-06-28,0.03,0.03,0.88,0.15,6.36,0.00,0.00,26250.00,0.96
2024-07-01,0.01,0.01,0.88,0.08,3.36,0.00,0.00,25225.00,0.54
2024-07-02,-0.07,-0.07,0.92,0.24,10.86,0.02,0.84,24045.00,0.44
2024-07-03,0.06,0.06,0.93,0.24,10.26,-0.03,-1.36,20540.00,0.30
2024-07-05,0.00,0.00,0.88,0.19,8.09,0.02,0.85,19715.00,0.99
2024-07-08,-0.01,-0.01,0.88,0.17,7.33,0.12,5.11,19510.00,0.60
2024-07-09,0.01,0.01,0.75,0.14,5.98,-0.06,-2.59,17955.00,0.16
2024-07-10,-0.04,-0.04,0.67,0.13,5.78,0.04,1.71,16840.00,0.29
2024-07-11,0.03,0.03,0.65,0.16,6.93,-0.02,-0.89,16525.00,0.55
2024-07-12,0.03,0.03,0.67,0.10,4.18,0.00,0.00,16255.00,0.35
2024-07-15,-0.05,-0.05,0.63,0.10,4.39,-0.06,-2.51,16740.00,0.97
2024-07-16,0.00,0.00,0.63,0.08,3.51,0.03,1.32,16740.00,0.53
2024-07-17,0.00,0.00,0.59,0.09,3.95,0.01,0.44,17305.00,1.10
2024-07-18,0.00,0.00,0.59,0.08,3.51,0.02,0.88,17345.00,0.60
2024-07-19,-0.02,-0.02,0.59,0.05,2.23,0.01,0.44,17225.00,0.63
2024-07-22,0.00,0.00,0.57,0.07,3.11,0.05,2.23,17965.00,1.22
2024-07-23,0.01,0.01,0.57,0.25,10.96,0.15,6.67,17570.00,2.44
2024-07-24,-0.04,-0.04,0.59,0.13,5.94,-0.10,-4.39,16505.00,0.62
2024-07-25,-0.02,-0.02,0.54,0.08,3.72,-0.04,-1.83,14365.00,0.88
2024-07-26,-0.00,-0.00,0.48,0.14,6.54,0.05,2.33,14060.00,1.34
2024-07-29,-0.04,-0.04,0.48,0.12,5.83,-0.04,-1.87,13845.00,1.52
2024-07-30,-0.09,-0.10,0.56,0.22,11.76,0.00,0.00,14160.00,1.41
2024-07-31,0.14,0.13,0.75,0.24,11.21,0.15,8.02,16720.00,3.70
2024-08-01,0.07,0.07,0.77,0.16,6.96,0.09,4.21,18070.00,1.83
2024-08-02,0.13,0.12,0.89,0.58,22.39,-0.03,-1.30,21600.00,4.18
2024-08-05,-0.20,-0.22,1.14,0.47,22.60,-0.15,-5.79,22325.00,1.17
2024-08-06,0.16,0.15,1.28,0.19,7.88,0.14,6.73,22410.00,0.21
2024-08-07,-0.05,-0.05,1.29,0.28,12.23,-0.12,-4.98,22535.00,0.33
2024-08-08,0.05,0.05,1.29,0.12,5.00,0.15,6.55,22265.00,0.17
2024-08-09,-0.06,-0.06,1.31,0.24,10.62,0.09,3.75,22705.00,0.64
2024-08-12,0.19,0.18,1.46,0.22,8.15,0.38,16.81,24795.00,2.34
2024-08-13,-0.04,-0.05,1.48,0.14,5.43,-0.01,-0.37,25190.00,0.67
2024-08-14,0.07,0.07,1.49,0.20,7.25,0.02,0.78,25680.00,1.12
2024-08-15,-0.06,-0.06,1.52,0.17,6.56,-0.03,-1.09,25700.00,0.42
2024-08-16,0.01,0.01,1.51,0.17,6.51,-0.04,-1.54,26165.00,0.77
2024-08-19,0.07,0.07,1.53,0.32,11.43,0.08,3.07,28940.00,2.67
2024-08-20,0.09,0.08,1.55,0.63,20.72,-0.02,-0.71,33985.00,4.23
2024-08-21,-0.05,-0.05,1.55,0.27,9.31,-0.09,-2.96,34940.00,0.84
2024-08-22,-0.05,-0.05,1.56,0.14,5.07,-0.08,-2.76,36000.00,0.94
2024-08-23,0.01,0.01,1.56,0.22,7.91,0.14,5.07,36190.00,0.62
2024-08-26,0.07,0.07,1.56,0.22,7.41,-0.03,-1.08,35490.00,0.20
2024-08-27,0.00,0.00,1.50,0.33,11.11,-0.18,-6.06,35125.00,0.36
2024-08-28,0.01,0.01,1.44,0.25,8.36,0.08,2.69,32845.00,0.49
2024-08-29,0.00,0.00,1.42,0.24,8.03,0.01,0.33,32050.00,0.54
2024-08-30,0.01,0.01,1.36,0.11,3.64,0.10,3.34,27845.00,0.22
2024-09-03,0.10,0.10,1.16,0.29,8.71,0.48,15.89,27520.00,0.72
2024-09-04,-0.05,-0.05,1.07,0.49,15.46,-0.04,-1.20,29130.00,1.26
2024-09-05,-0.02,-0.02,1.05,0.22,7.07,-0.05,-1.58,29020.00,0.18
2024-09-06,-0.00,-0.00,1.05,0.13,4.19,-0.03,-0.96,29330.00,0.34
2024-09-09,0.05,0.05,1.02,0.24,7.38,-0.04,-1.29,29120.00,0.35
2024-09-10,-0.03,-0.03,0.79,0.25,7.91,-0.14,-4.31,26525.00,0.23
2024-09-11,0.01,0.01,0.77,0.22,6.92,-0.03,-0.95,26105.00,0.32
2024-09-12,0.05,0.05,0.75,0.27,8.06,0.16,5.03,25230.00,0.45
2024-09-13,-0.02,-0.02,0.72,0.17,5.20,0.05,1.49,25190.00,0.40
2024-09-16,0.02,0.02,0.72,0.24,7.23,-0.09,-2.75,24830.00,0.52
2024-09-17,-0.03,-0.03,0.70,0.11,3.43,-0.03,-0.90,21725.00,0.70
2024-09-18,-0.03,-0.03,0.64,0.23,7.40,0.07,2.18,14740.00,0.27
2024-09-19,0.03,0.03,0.62,0.08,2.51,0.04,1.29,13770.00,0.72
2024-09-20,0.10,0.09,0.67,0.49,14.00,0.06,1.88,21510.00,8.77
2024-09-23,0.06,0.06,0.69,0.72,19.35,0.48,13.71,29925.00,6.38
2024-09-24,-0.05,-0.06,0.70,0.34,9.66,-0.11,-2.96,31845.00,1.43
2024-09-25,0.01,0.01,0.70,0.32,9.01,0.11,3.12,32525.00,0.81
2024-09-26,-0.05,-0.05,0.73,0.33,9.73,-0.04,-1.13,33520.00,1.08
2024-09-27,-0.04,-0.04,0.75,0.33,10.09,0.04,1.18,33665.00,0.60
2024-09-30,-0.01,-0.01,0.75,0.15,4.62,-0.09,-2.75,34070.00,0.42
2024-10-01,-0.18,-0.20,0.91,0.53,19.85,-0.09,-2.77,36715.00,1.98
2024-10-02,0.11,0.10,0.99,0.51,17.23,0.06,2.25,36925.00,1.11
2024-10-03,0.02,0.02,0.99,0.31,10.26,0.13,4.39,38220.00,0.81
2024-10-04,0.10,0.09,1.04,0.42,12.69,-0.06,-1.99,38985.00,0.65
2024-10-07,-0.10,-0.10,1.09,0.52,17.45,0.01,0.30,39800.00,0.67
2024-10-08,-0.02,-0.02,1.09,0.14,4.78,-0.10,-3.36,41125.00,0.79
2024-10-09,-0.03,-0.03,1.09,0.19,6.67,-0.08,-2.73,41515.00,0.39
2024-10-10,-0.02,-0.02,1.07,0.31,11.07,-0.02,-0.70,42705.00,0.82
2024-10-11,-0.05,-0.05,1.08,0.24,8.99,-0.04,-1.43,43545.00,0.62
2024-10-14,-0.09,-0.09,1.11,0.54,22.13,-0.06,-2.25,45325.00,1.07
2024-10-15,0.03,0.03,1.12,0.50,19.84,0.07,2.87,45190.00,0.28
2024-10-16,0.08,0.08,1.16,0.23,8.46,0.00,0.00,46590.00,0.69
2024-10-17,0.00,0.00,1.16,0.31,11.36,0.02,0.74,47850.00,0.73
2024-10-18,0.01,0.01,1.09,0.20,7.27,0.01,0.37,39470.00,0.53
2024-10-21,0.01,0.01,1.06,0.10,3.61,0.00,0.00,30060.00,0.09
2024-10-22,-0.01,-0.01,1.05,0.33,12.09,-0.02,-0.72,29090.00,0.89
2024-10-23,-0.06,-0.06,1.06,0.13,5.06,-0.08,-2.93,28105.00,0.23
2024-10-24,-0.02,-0.02,1.05,0.33,13.15,0.00,0.00,27130.00,0.61
2024-10-25,-0.02,-0.02,1.05,0.16,6.53,0.00,0.00,27600.00,1.07
2024-10-28,0.05,0.05,1.08,0.23,8.91,-0.02,-0.82,28125.00,0.88
2024-10-29,-0.02,-0.02,0.87,0.17,6.69,0.03,1.16,25245.00,0.59
2024-10-30,-0.03,-0.03,0.78,0.27,10.93,-0.11,-4.33,24075.00,0.73
2024-10-31,0.07,0.07,0.82,0.25,9.43,0.10,4.05,24255.00,1.43
2024-11-01,-0.04,-0.04,0.74,0.92,36.08,0.25,9.43,611540.00,19.25
2024-11-04,-0.08,-0.08,0.71,0.20,8.51,-0.25,-9.80,628020.00,0.57
2024-11-05,-0.09,-0.09,0.75,0.20,9.30,-0.17,-7.23,636850.00,0.33
2024-11-06,-0.09,-0.09,0.80,0.34,17.35,-0.10,-4.65,649410.00,0.41
2024-11-07,0.04,0.04,0.82,0.25,12.25,-0.01,-0.51,653270.00,0.17
2024-11-08,0.02,0.02,0.82,0.34,16.35,0.16,7.84,661580.00,0.29
2024-11-11,0.02,0.02,0.78,0.16,7.55,0.00,0.00,663495.00,0.13
2024-11-12,-0.00,-0.00,0.77,0.24,11.37,-0.02,-0.94,665795.00,0.09
2024-11-13,-0.07,-0.07,0.72,0.24,12.24,0.01,0.47,668105.00,0.12
2024-11-14,0.09,0.08,0.81,0.29,13.62,-0.01,-0.51,671075.00,0.14
2024-11-15,0.00,0.00,0.81,0.33,15.42,-0.15,-7.04,673920.00,0.12
2024-11-18,-0.07,-0.08,0.83,0.18,9.09,-0.05,-2.34,676065.00,0.07
2024-11-19,0.03,0.03,0.85,0.17,8.33,0.00,0.00,676835.00,0.06
2024-11-20,0.05,0.05,0.86,0.19,8.84,0.06,2.94,680075.00,0.10
2024-11-21,0.02,0.02,0.87,0.22,10.00,-0.01,-0.47,681095.00,0.05
2024-11-22,-0.01,-0.01,0.87,0.24,11.01,-0.04,-1.82,682230.00,0.08
2024-11-25,-0.01,-0.01,0.84,0.19,8.84,0.04,1.83,683330.00,0.07
2024-11-26,0.03,0.03,0.85,0.13,5.88,0.00,0.00,685680.00,0.09
2024-11-27,0.04,0.04,0.86,0.13,5.68,0.03,1.36,685690.00,0.03
2024-11-29,-0.00,-0.00,0.81,0.10,4.39,-0.01,-0.44,684930.00,0.03
2024-12-02,-0.01,-0.01,0.80,0.12,5.31,-0.02,-0.88,97880.00,0.31
2024-12-03,-0.05,-0.05,0.77,0.20,9.30,0.04,1.77,81675.00,0.39
2024-12-04,-0.02,-0.02,0.71,0.21,10.00,-0.02,-0.93,73645.00,0.66
2024-12-05,0.03,0.03,0.64,0.23,10.65,-0.05,-2.38,63760.00,1.09
2024-12-06,0.02,0.02,0.62,0.21,9.55,-0.10,-4.63,59615.00,0.49
2024-12-09,-0.02,-0.02,0.63,0.12,5.56,-0.03,-1.36,50965.00,0.39
2024-12-10,-0.01,-0.01,0.63,0.21,9.81,-0.05,-2.31,47825.00,0.50
2024-12-11,0.03,0.03,0.63,0.14,6.36,-0.01,-0.47,46390.00,0.64
2024-12-12,-0.05,-0.06,0.61,0.17,8.17,-0.06,-2.73,44220.00,0.79
2024-12-13,-0.06,-0.06,0.56,0.20,10.20,-0.03,-1.44,42260.00,1.31
2024-12-16,-0.10,-0.11,0.66,0.26,14.77,0.02,1.02,43440.00,2.34
2024-12-17,0.08,0.08,0.68,0.42,22.11,-0.05,-2.84,44230.00,1.39
2024-12-18,-0.10,-0.11,0.76,0.30,17.54,-0.07,-3.68,43820.00,0.76
2024-12-19,0.08,0.07,0.78,0.27,14.67,-0.01,-0.58,48415.00,3.37
2024-12-20,-0.10,-0.11,0.85,0.36,21.82,0.12,6.52,51800.00,2.02
2024-12-23,-0.03,-0.03,0.85,0.17,10.62,0.04,2.42,52285.00,1.18
2024-12-24,-0.02,-0.02,0.85,0.06,3.82,-0.04,-2.50,50735.00,0.31
2024-12-26,0.10,0.09,0.92,0.27,15.70,-0.03,-1.91,49870.00,0.90
2024-12-27,-0.07,-0.07,0.93,0.31,19.37,0.03,1.74,52025.00,1.17
2024-12-30,-0.08,-0.08,0.95,0.34,23.13,-0.09,-5.62,55895.00,1.73
2024-12-31,-0.03,-0.03,0.95,0.21,14.69,-0.03,-2.04,59110.00,1.59
2025-01-02,0.08,0.07,1.01,0.28,18.18,-0.03,-2.10,58415.00,0.31
2025-01-03,0.01,0.01,1.01,0.14,9.03,0.06,3.90,56840.00,0.30
2025-01-06,0.01,0.01,1.00,0.13,8.33,0.05,3.23,54465.00,0.41
2025-01-07,-0.08,-0.08,1.02,0.20,13.89,0.03,1.92,56235.00,1.15
2025-01-08,0.04,0.04,1.04,0.19,12.67,0.01,0.69,59285.00,1.37
2025-01-10,-0.02,-0.02,1.04,0.16,10.88,-0.01,-0.67,58625.00,0.18
2025-01-13,0.07,0.07,1.08,0.16,10.13,-0.01,-0.68,57955.00,0.28
2025-01-14,-0.11,-0.12,1.13,0.16,11.43,-0.12,-7.59,59810.00,1.20
2025-01-15,0.01,0.01,1.12,0.25,17.61,0.00,0.00,60410.00,1.11
2025-01-16,0.06,0.05,1.10,0.14,9.33,-0.02,-1.41,56260.00,0.33
2025-01-17,-0.06,-0.06,1.06,0.16,11.35,-0.08,-5.33,54770.00,0.58
2025-01-21,0.08,0.08,1.06,0.31,20.39,0.02,1.42,57360.00,1.48
2025-01-22,0.00,0.00,1.02,0.08,5.26,0.00,0.00,50405.00,0.48
2025-01-23,0.02,0.02,0.95,0.09,5.81,0.04,2.63,46190.00,0.44
2025-01-24,0.04,0.04,0.96,0.13,8.07,0.00,0.00,44245.00,0.52
2025-01-27,-0.02,-0.03,0.96,0.09,5.73,-0.02,-1.24,43790.00,0.15
2025-01-28,-0.01,-0.01,0.89,0.11,7.10,0.04,2.55,42275.00,0.34
2025-01-29,0.01,0.01,0.86,0.09,5.77,-0.04,-2.58,39875.00,0.32
2025-01-30,0.04,0.04,0.82,0.14,8.59,-0.04,-2.56,35750.00,0.40
2025-01-31,0.02,0.02,0.81,0.06,3.61,0.03,1.84,32260.00,0.76
2025-02-03,0.01,0.01,0.77,0.18,10.78,-0.05,-3.01,33085.00,1.05
2025-02-04,-0.05,-0.05,0.79,0.11,6.92,-0.04,-2.40,33240.00,0.61
2025-02-05,0.01,0.01,0.79,0.12,7.45,-0.01,-0.63,32455.00,0.20
2025-02-06,-0.03,-0.03,0.74,0.07,4.49,-0.01,-0.62,29715.00,0.34
2025-02-07,-0.01,-0.01,0.73,0.10,6.49,0.00,0.00,26695.00,0.77
2025-02-10,0.00,0.00,0.73,0.14,9.09,0.10,6.49,26785.00,0.47
2025-02-11,-0.05,-0.05,0.70,0.15,10.20,0.00,0.00,27060.00,0.81
2025-02-12,-0.04,-0.04,0.58,0.20,14.18,-0.06,-4.08,25040.00,1.26
2025-02-13,0.03,0.03,0.59,0.08,5.52,-0.02,-1.42,21970.00,0.27
2025-02-14,0.05,0.05,0.58,0.21,13.82,0.13,8.97,28980.00,5.48
2025-02-18,-0.05,-0.05,0.57,0.17,11.81,0.02,1.32,29280.00,1.28
2025-02-19,0.03,0.03,0.50,0.07,4.73,-0.01,-0.69,25590.00,0.44
2025-02-20,0.03,0.03,0.51,0.09,5.92,0.00,0.00,26370.00,1.51
2025-02-21,-0.03,-0.03,0.52,0.10,6.76,0.01,0.66,26790.00,1.08
2025-02-24,-0.03,-0.03,0.50,0.13,9.09,0.02,1.35,27405.00,1.29
2025-02-25,-0.03,-0.03,0.51,0.18,12.95,0.08,5.59,28170.00,0.78
2025-02-26,-0.01,-0.01,0.51,0.11,8.03,0.02,1.44,27855.00,0.29
2025-02-27,-0.04,-0.04,0.52,0.10,7.58,0.05,3.65,27505.00,0.21
2025-02-28,0.04,0.04,0.51,0.08,5.84,0.03,2.27,27340.00,0.41
2025-03-03,-0.03,-0.03,0.50,0.24,18.05,0.20,14.60,26795.00,0.50
2025-03-04,-0.01,-0.02,0.50,0.18,13.74,0.00,0.00,26170.00,0.85
2025-03-05,0.00,0.00,0.48,0.12,9.16,-0.01,-0.76,26195.00,0.79
2025-03-06,-0.01,-0.01,0.47,0.12,9.23,-0.01,-0.76,26310.00,0.33
2025-03-07,0.07,0.07,0.54,0.17,12.23,0.00,0.00,26730.00,0.69
2025-03-10,-0.04,-0.04,0.56,0.14,10.53,-0.04,-2.88,26205.00,0.39
2025-03-11,0.01,0.01,0.56,0.13,9.63,-0.03,-2.26,26435.00,0.65
2025-03-12,0.09,0.09,0.64,0.12,8.16,0.07,5.19,27780.00,1.76
2025-03-13,-0.01,-0.01,0.62,0.10,6.90,-0.04,-2.72,26655.00,0.34
2025-03-14,-0.01,-0.01,0.61,0.13,9.09,-0.07,-4.83,26725.00,0.27
2025-03-17,0.07,0.07,0.64,0.14,9.15,0.03,2.10,19340.00,0.57
2025-03-18,-0.05,-0.05,0.64,0.03,2.07,-0.07,-4.58,18195.00,0.81
2025-03-19,0.04,0.04,0.65,0.13,8.61,0.01,0.69,19340.00,1.76
2025-03-20,-0.05,-0.05,0.67,0.13,9.09,0.02,1.32,17820.00,0.53
2025-03-21,0.00,0.00,0.66,0.05,3.50,-0.03,-2.10,17780.00,1.57
2025-03-24,-0.01,-0.01,0.66,0.06,4.26,-0.03,-2.10,17400.00,1.59
2025-03-25,-0.01,-0.01,0.65,0.04,2.86,-0.03,-2.13,18330.00,2.21
2025-03-26,-0.01,-0.01,0.65,0.02,1.45,0.00,0.00,18000.00,0.08
2025-03-27,0.00,0.00,0.63,0.03,2.17,0.00,0.00,17985.00,0.31
2025-03-28,-0.01,-0.01,0.62,0.10,7.35,0.00,0.00,18750.00,1.41
2025-03-31,-0.04,-0.05,0.63,0.13,10.00,0.04,2.94,18810.00,0.78
2025-04-01,0.01,0.01,0.63,0.08,6.11,-0.01,-0.77,18065.00,0.40
2025-04-02,0.05,0.04,0.65,0.17,12.41,-0.04,-3.05,17355.00,0.37
2025-04-03,0.01,0.01,0.65,0.10,7.25,0.07,5.11,18085.00,1.29
2025-04-04,0.03,0.03,0.61,0.22,15.49,-0.09,-6.52,19435.00,2.34
2025-04-07,-0.11,-0.11,0.70,0.18,14.17,-0.07,-4.93,19695.00,0.78
2025-04-08,0.02,0.02,0.71,0.09,6.92,0.03,2.36,19225.00,0.41
2025-04-09,-0.02,-0.02,0.62,0.11,8.59,0.00,0.00,17315.00,0.62
2025-04-10,-0.02,-0.02,0.62,0.12,9.52,0.09,7.03,17110.00,0.29
2025-04-11,0.01,0.01,0.63,0.03,2.36,-0.01,-0.79,17005.00,0.31
2025-04-14,0.07,0.07,0.63,0.11,8.09,0.08,6.30,16980.00,0.62
2025-04-15,-0.04,-0.04,0.61,0.07,5.34,-0.06,-4.41,16575.00,0.40
2025-04-16,0.01,0.01,0.59,0.01,0.76,0.00,0.00,14950.00,0.11
2025-04-17,0.02,0.01,0.57,0.10,7.46,-0.02,-1.52,14905.00,0.57
2025-04-21,-0.02,-0.02,0.57,0.10,7.63,0.06,4.48,13860.00,0.51
2025-04-22,0.07,0.07,0.63,0.13,9.29,0.06,4.58,13530.00,1.56
2025-04-23,0.04,0.04,0.64,0.10,6.90,0.01,0.71,12035.00,0.88
2025-04-24,0.01,0.01,0.64,0.21,14.38,-0.03,-2.07,12535.00,0.92
2025-04-25,0.01,0.01,0.64,0.14,9.46,0.03,2.05,13100.00,1.29
2025-04-28,-0.05,-0.06,0.67,0.12,8.57,0.01,0.68,12610.00,1.32
2025-04-29,0.00,0.00,0.64,0.23,16.43,0.02,1.43,12660.00,1.24
2025-04-30,0.01,0.01,0.64,0.07,4.93,0.02,1.43,12520.00,0.36
2025-05-01,-0.03,-0.03,0.64,0.21,15.22,0.15,10.56,13585.00,2.05
2025-05-02,-0.02,-0.02,0.64,0.13,9.63,0.08,5.80,12705.00,0.46
2025-05-05,0.01,0.01,0.63,0.07,5.11,-0.03,-2.22,11315.00,1.56
2025-05-06,0.10,0.10,0.61,0.25,16.56,0.09,6.57,14290.00,5.23
2025-05-07,0.00,0.00,0.61,0.06,3.97,0.00,0.00,15235.00,1.75
2025-05-08,0.01,0.01,0.60,0.10,6.58,0.03,1.99,15605.00,1.16
2025-05-09,0.11,0.11,0.69,0.17,10.06,0.09,5.92,16065.00,0.88
2025-05-12,-0.01,-0.01,0.70,0.22,13.17,0.03,1.78,16665.00,1.03
2025-05-13,-0.03,-0.03,0.68,0.10,6.17,0.02,1.20,16940.00,0.94
2025-05-14,0.05,0.05,0.67,0.26,15.29,0.03,1.85,21635.00,4.65
2025-05-15,-0.02,-0.02,0.69,0.11,6.63,0.01,0.59,22165.00,0.55
2025-05-16,0.01,0.01,0.69,0.15,8.93,-0.06,-3.61,22570.00,0.74
2025-05-19,0.01,0.01,0.67,0.18,10.59,-0.05,-2.98,22675.00,0.41
2025-05-20,0.01,0.01,0.64,0.07,4.07,0.07,4.12,22340.00,0.64
2025-05-21,-0.07,-0.07,0.70,0.15,9.37,0.00,0.00,22265.00,0.41
2025-05-22,0.04,0.04,0.70,0.09,5.42,0.02,1.25,22550.00,0.76
2025-05-23,-0.02,-0.02,0.71,0.08,4.91,-0.01,-0.60,23320.00,1.39
2025-05-27,-0.04,-0.04,0.70,0.11,7.05,0.02,1.23,26000.00,2.70
2025-05-28,0.02,0.02,0.70,0.15,9.43,0.14,8.97,29255.00,2.76
2025-05-29,0.01,0.01,0.70,0.12,7.50,-0.03,-1.89,30175.00,0.76
2025-05-30,-0.05,-0.05,0.72,0.15,9.87,0.07,4.38,29750.00,0.65
2025-06-02,-0.01,-0.01,0.71,0.18,12.00,0.00,0.00,31075.00,1.04
2025-06-03,0.03,0.03,0.72,0.13,8.39,0.05,3.33,31450.00,0.80
2025-06-04,-0.07,-0.07,0.68,0.15,10.42,-0.06,-3.87,30100.00,1.59
2025-06-05,-0.03,-0.04,0.69,0.05,3.60,0.00,0.00,29750.00,0.66
2025-06-06,0.09,0.09,0.77,0.17,11.18,0.01,0.72,30565.00,1.13
2025-06-09,-0.02,-0.02,0.65,0.18,12.08,0.08,5.26,30640.00,0.51
2025-06-10,-0.01,-0.01,0.65,0.08,5.41,0.01,0.67,30035.00,0.17
2025-06-11,-0.02,-0.02,0.65,0.04,2.76,0.00,0.00,29890.00,0.44
2025-06-12,-0.01,-0.01,0.61,0.11,7.64,0.00,0.00,26010.00,0.88
2025-06-13,-0.05,-0.05,0.63,0.13,9.49,0.00,0.00,27460.00,1.50
2025-06-16,0.00,0.00,0.62,0.10,7.30,0.01,0.73,27790.00,0.83
2025-06-17,0.02,0.02,0.63,0.09,6.43,0.00,0.00,27910.00,0.42
2025-06-18,0.00,0.00,0.63,0.05,3.57,0.04,2.86,27635.00,0.32
2025-06-20,0.00,0.00,0.58,0.08,5.71,0.01,0.71,27540.00,0.26
2025-06-23,0.00,0.00,0.56,0.05,3.57,0.02,1.43,27170.00,0.36
2025-06-24,0.01,0.01,0.57,0.09,6.34,-0.04,-2.86,25950.00,0.30
2025-06-25,0.02,0.02,0.56,0.09,6.21,-0.01,-0.70,23460.00,0.87
2025-06-26,0.02,0.02,0.56,0.08,5.41,0.05,3.45,20760.00,1.29
2025-06-27,0.03,0.03,0.57,0.11,7.19,-0.04,-2.70,21745.00,1.96
2025-06-30,-0.07,-0.07,0.60,0.08,5.63,-0.03,-1.96,21800.00,0.94
2025-07-01,0.05,0.05,0.63,0.15,10.07,-0.02,-1.41,21545.00,1.26
2025-07-02,0.01,0.01,0.62,0.05,3.33,0.03,2.01,20860.00,0.55
2025-07-03,0.05,0.05,0.58,0.11,7.01,0.00,0.00,18955.00,0.51
2025-07-07,-0.06,-0.06,0.60,0.09,6.08,-0.05,-3.18,20745.00,2.68
2025-07-08,-0.01,-0.01,0.50,0.13,8.90,-0.05,-3.38,20005.00,0.98
2025-07-09,0.04,0.04,0.52,0.10,6.58,0.13,8.90,21210.00,1.87
2025-07-10,-0.05,-0.05,0.56,0.16,11.11,-0.02,-1.32,26190.00,4.00
2025-07-11,0.08,0.07,0.61,0.11,7.10,0.04,2.78,25905.00,0.29
2025-07-14,0.01,0.01,0.61,0.14,8.97,0.00,0.00,28265.00,2.48
2025-07-15,0.05,0.05,0.60,0.12,7.32,0.06,3.85,27455.00,0.91
2025-07-16,-0.01,-0.01,0.60,0.24,14.81,0.02,1.22,28395.00,1.48
2025-07-17,0.05,0.05,0.62,0.12,7.06,0.02,1.23,30340.00,1.66
2025-07-18,-0.05,-0.05,0.66,0.05,3.11,-0.08,-4.71,30770.00,0.57
2025-07-21,0.00,0.00,0.66,0.05,3.11,0.03,1.86,30885.00,0.31
2025-07-22,0.00,0.00,0.66,0.10,6.21,0.00,0.00,31735.00,0.84
2025-07-23,-0.01,-0.01,0.66,0.07,4.38,0.01,0.62,32320.00,0.61
2025-07-24,0.02,0.02,0.66,0.10,6.13,0.06,3.75,32180.00,0.55
2025-07-25,-0.04,-0.04,0.68,0.03,1.92,-0.05,-3.07,31530.00,0.44
2025-07-28,-0.02,-0.02,0.67,0.07,4.58,0.01,0.64,29730.00,0.22
2025-07-29,-0.01,-0.01,0.62,0.06,3.95,0.05,3.27,28995.00,0.20
2025-07-30,0.03,0.03,0.60,0.07,4.49,0.05,3.29,28225.00,0.42
2025-07-31,-0.06,-0.07,0.65,0.18,12.33,-0.04,-2.56,28470.00,0.57
2025-08-01,-0.01,-0.01,0.62,0.11,7.59,-0.05,-3.42,28200.00,0.15
2025-08-04,-0.01,-0.01,0.59,0.04,2.80,-0.02,-1.38,26050.00,0.48
2025-08-05,0.04,0.03,0.60,0.08,5.41,0.01,0.70,25420.00,0.28
2025-08-06,0.02,0.02,0.59,0.10,6.62,-0.02,-1.35,25180.00,1.39
2025-08-07,-0.03,-0.03,0.56,0.04,2.72,-0.04,-2.65,20300.00,0.35
2025-08-08,0.04,0.04,0.51,0.07,4.58,0.01,0.68,21305.00,1.29
2025-08-11,0.01,0.01,0.51,0.10,6.45,-0.01,-0.65,18925.00,1.19
2025-08-12,-0.05,-0.05,0.51,0.07,4.76,-0.03,-1.94,18690.00,1.09
2025-08-13,0.01,0.01,0.51,0.05,3.38,0.02,1.36,16990.00,0.47
2025-08-14,-0.01,-0.01,0.47,0.04,2.74,-0.04,-2.70,14695.00,0.31
2025-08-15,-0.03,-0.03,0.44,0.07,4.93,-0.03,-2.05,16680.00,3.43
2025-08-18,-0.05,-0.05,0.47,0.28,20.74,0.01,0.70,21745.00,5.10
2025-08-19,-0.10,-0.11,0.58,0.16,13.22,0.01,0.74,22830.00,2.12
2025-08-20,0.05,0.05,0.62,0.14,11.02,0.04,3.31,678420.00,19.36
2025-08-21,-0.07,-0.07,0.64,0.08,6.78,-0.09,-7.09,697230.00,0.56
2025-08-22,-0.03,-0.03,0.64,0.10,8.70,0.03,2.54,707470.00,0.31
2025-08-25,-0.03,-0.03,0.64,0.10,8.93,-0.02,-1.74,717405.00,0.29
2025-08-26,0.04,0.04,0.67,0.16,13.68,0.01,0.89,738980.00,0.59
2025-08-27,0.00,0.00,0.66,0.07,5.98,0.02,1.71,743155.00,0.13
2025-08-28,0.03,0.03,0.65,0.07,5.79,0.01,0.85,751370.00,0.24
2025-08-29,0.02,0.02,0.66,0.09,7.32,-0.01,-0.83,757675.00,0.17
2025-09-02,0.05,0.05,0.68,0.13,10.08,-0.06,-4.88,764045.00,0.18
2025-09-03,0.03,0.03,0.68,0.09,6.77,-0.02,-1.55,772010.00,0.22
2025-09-04,0.01,0.01,0.68,0.07,5.19,0.01,0.75,773900.00,0.09
2025-09-05,-0.02,-0.02,0.68,0.09,6.82,0.01,0.74,777600.00,0.10
2025-09-08,-0.01,-0.01,0.66,0.06,4.58,-0.02,-1.52,778655.00,0.06
2025-09-09,-0.02,-0.02,0.65,0.08,6.25,-0.02,-1.53,781500.00,0.10
2025-09-10,-0.01,-0.01,0.63,0.08,6.30,0.03,2.34,783755.00,0.08
2025-09-11,0.05,0.05,0.66,0.11,8.27,0.00,0.00,787035.00,0.09
2025-09-12,-0.03,-0.03,0.67,0.09,6.98,-0.03,-2.26,789815.00,0.08
2025-09-15,0.03,0.03,0.67,0.06,4.51,0.02,1.55,788620.00,0.04
2025-09-16,0.01,0.01,0.65,0.03,2.24,-0.01,-0.75,783670.00,0.02
2025-09-17,-0.01,-0.01,0.53,0.07,5.30,0.00,0.00,783885.00,0.07
2025-09-18,0.04,0.04,0.51,0.06,4.38,0.00,0.00,128340.00,0.16
2025-09-19,-0.04,-0.04,0.47,0.11,8.40,-0.03,-2.19,122455.00,2.25
2025-09-22,-0.28,-0.33,1.12,0.37,39.36,-0.21,-16.03,197885.00,8.73
2025-09-23,-0.10,-0.10,1.17,0.19,22.35,0.01,1.06,246170.00,4.76
2025-09-24,-0.02,-0.02,1.15,0.14,16.87,0.00,0.00,245610.00,1.73
2025-09-25,0.02,0.02,1.16,0.09,10.59,0.00,0.00,250300.00,0.76
2025-09-26,-0.08,-0.09,1.17,0.08,10.26,-0.02,-2.35,251510.00,0.81
2025-09-29,0.03,0.03,1.17,0.05,6.25,0.04,5.13,251250.00,0.50
2025-09-30,-0.03,-0.03,1.14,0.05,6.41,0.00,0.00,250410.00,0.49
2025-10-01,-0.01,-0.01,1.13,0.04,5.19,0.00,0.00,248740.00,0.53
2025-10-02,-0.01,-0.01,1.12,0.04,5.26,-0.01,-1.30,252670.00,0.60
2025-10-03,0.07,0.06,1.16,0.10,12.35,0.00,0.00,259280.00,0.82
2025-10-06,0.00,0.00,1.17,0.06,7.41,0.02,2.47,261870.00,0.38
2025-10-07,0.96,0.67,3.68,0.49,30.82,0.80,98.77,7578890.00,19.32
2025-10-08,-0.42,-0.54,4.00,0.13,13.98,-0.61,-38.36,8194615.00,1.51
2025-10-09,0.02,0.02,4.00,0.07,7.37,0.02,2.15,8309360.00,0.29
2025-10-10,-0.07,-0.08,4.01,0.14,15.91,0.01,1.05,8415090.00,0.26
2025-10-13,0.02,0.02,4.01,0.09,10.00,0.01,1.14,8467235.00,0.13
2025-10-14,0.02,0.02,4.01,0.11,11.96,0.01,1.11,8527590.00,0.14
2025-10-15,-0.01,-0.01,4.01,0.06,6.59,0.03,3.26,8563495.00,0.09
2025-10-16,-0.07,-0.07,4.02,0.13,15.29,-0.02,-2.20,8623400.00,0.14
2025-10-17,-0.01,-0.01,4.01,0.07,8.33,0.00,0.00,8640305.00,0.07
2025-10-20,0.00,0.00,3.87,0.07,8.33,-0.02,-2.38,8581865.00,0.07
2025-10-21,0.02,0.02,3.85,0.04,4.65,0.01,1.19,8540375.00,0.04
2025-10-22,-0.07,-0.07,3.86,0.08,10.00,-0.04,-4.65,8549240.00,0.07
2025-10-23,0.03,0.02,3.86,0.07,8.54,0.00,0.00,8552505.00,0.03
2025-10-24,0.04,0.04,3.84,0.07,8.24,-0.01,-1.22,8567515.00,0.06
2025-10-27,-0.05,-0.05,3.85,0.10,12.35,0.03,3.53,8597625.00,0.08
2025-10-28,0.00,0.00,3.85,0.03,3.70,0.00,0.00,8608190.00,0.04
2025-10-29,-0.04,-0.04,3.85,0.07,8.97,0.02,2.47,8624160.00,0.05
2025-10-30,-0.04,-0.04,3.85,0.06,8.00,-0.02,-2.56,8635230.00,0.04
2025-10-31,0.08,0.08,3.86,0.08,9.88,0.02,2.67,8657240.00,0.08
2025-11-03,-0.06,-0.06,3.87,0.06,7.89,-0.04,-4.94,8675290.00,0.05
2025-11-04,-0.04,-0.04,1.58,0.05,6.85,-0.02,-2.63,1371415.00,0.25
2025-11-05,0.00,0.00,0.66,0.05,6.85,-0.01,-1.37,766785.00,0.37
2025-11-06,0.00,0.00,0.65,0.04,5.48,0.01,1.37,657275.00,0.27
2025-11-07,-0.04,-0.04,0.62,0.03,4.29,-0.03,-4.11,563395.00,0.53
2025-11-10,0.00,0.00,0.61,0.03,4.29,0.02,2.86,521780.00,0.47
2025-11-11,0.00,0.00,0.60,0.02,2.86,0.00,0.00,467990.00,0.31
2025-11-12,0.04,0.04,0.63,0.08,10.96,-0.01,-1.43,459095.00,1.29
2025-11-13,-0.10,-0.10,0.67,0.07,10.61,0.00,0.00,418405.00,0.97
2025-11-14,0.02,0.01,0.68,0.06,8.96,0.02,3.03,406170.00,0.91
2025-11-17,-0.03,-0.03,0.68,0.04,6.15,-0.02,-2.99,382770.00,0.24
2025-11-18,0.18,0.17,0.97,0.15,19.48,0.00,0.00,410850.00,2.20
2025-11-19,-0.08,-0.08,0.98,0.05,7.04,-0.02,-2.60,391285.00,0.54
2025-11-20,-0.01,-0.01,0.97,0.06,8.57,0.00,0.00,391285.00,0.65
2025-11-21,0.03,0.03,0.97,0.13,18.06,0.00,0.00,405180.00,1.93
2025-11-24,0.07,0.07,0.99,0.11,14.29,0.00,0.00,399465.00,1.53
2025-11-25,0.04,0.04,1.00,0.05,6.25,0.04,5.19,501165.00,4.73
2025-11-26,0.00,0.00,0.99,0.09,11.25,-0.02,-2.50,548960.00,2.57
2025-11-28,0.05,0.05,0.99,0.03,3.57,0.02,2.50,545355.00,0.55
2025-12-01,-0.04,-0.04,0.97,0.05,6.17,-0.02,-2.38,530710.00,0.68
2025-12-02,0.00,0.00,0.94,0.02,2.47,0.01,1.23,516060.00,0.33
2025-12-03,0.00,0.00,0.92,0.03,3.70,0.01,1.23,507875.00,0.35
2025-12-04,0.05,0.05,0.93,0.06,7.06,0.00,0.00,503625.00,0.40
2025-12-05,-0.01,-0.01,0.94,0.03,3.57,0.01,1.18,497635.00,0.12
2025-12-08,-0.01,-0.01,0.92,0.04,4.82,0.01,1.19,493600.00,0.44
2025-12-09,-0.01,-0.01,0.92,0.05,6.10,0.00,0.00,486320.00,0.20
2025-12-10,0.04,0.04,0.93,0.07,8.24,0.04,4.88,492535.00,0.54
2025-12-11,-0.02,-0.02,0.93,0.04,4.82,0.00,0.00,468055.00,0.22
2025-12-12,-0.02,-0.02,0.85,0.06,7.41,0.02,2.41,460155.00,0.54
2025-12-15,-0.07,-0.08,0.91,0.07,9.33,0.00,0.00,452935.00,0.50
2025-12-16,-0.04,-0.04,0.91,0.08,11.11,0.02,2.67,463470.00,0.65
2025-12-17,-0.03,-0.03,0.63,0.07,10.00,0.02,2.78,425075.00,0.32
2025-12-18,0.00,0.00,0.57,0.07,10.00,0.04,5.71,428655.00,0.66
2025-12-19,0.04,0.04,0.59,0.08,10.96,0.00,0.00,437380.00,0.98
2025-12-22,-0.04,-0.04,0.60,0.07,10.00,-0.02,-2.74,409235.00,0.54
2025-12-23,-0.03,-0.03,0.54,0.04,5.88,0.01,1.43,388865.00,0.53
2025-12-24,0.10,0.10,0.65,0.08,10.67,-0.01,-1.47,278140.00,0.55
2025-12-26,-0.03,-0.03,0.65,0.04,5.48,-0.04,-5.33,214545.00,0.64
2025-12-29,-0.04,-0.04,0.64,0.04,5.71,-0.01,-1.37,207655.00,0.78
2025-12-30,-0.03,-0.03,0.63,0.03,4.41,-0.01,-1.43,194395.00,0.49
2025-12-31,-0.03,-0.03,0.64,0.02,3.03,-0.01,-1.47,192480.00,0.68
2026-01-02,0.06,0.06,0.68,0.05,7.14,0.02,3.03,188940.00,0.57
2026-01-05,0.01,0.01,0.65,0.05,7.04,-0.01,-1.43,184340.00,0.60
2026-01-06,-0.04,-0.04,0.67,0.07,10.29,0.02,2.82,188880.00,0.79
2026-01-07,0.01,0.01,0.67,0.04,5.80,0.01,1.47,185245.00,0.78
2026-01-08,0.00,0.00,0.67,0.03,4.35,0.01,1.45,188420.00,0.86
2026-01-09,-0.01,-0.01,0.65,0.04,5.88,0.00,0.00,184630.00,1.04
2026-01-12,0.04,0.04,0.68,0.05,7.04,0.05,7.35,190345.00,1.14
2026-01-13,-0.03,-0.03,0.68,0.06,8.70,0.00,0.00,186385.00,0.90
2026-01-14,0.00,0.00,0.63,0.01,1.45,-0.01,-1.45,179615.00,0.50
2026-01-15,-0.03,-0.03,0.62,0.04,5.97,0.01,1.45,170445.00,0.69
2026-01-16,0.03,0.03,0.63,0.02,2.90,0.02,2.99,166115.00,0.29
2026-01-20,-0.04,-0.04,0.65,0.04,6.06,0.00,0.00,159415.00,0.94
2026-01-21,-0.02,-0.02,0.62,0.04,6.15,0.00,0.00,144305.00,0.88
2026-01-22,0.03,0.03,0.62,0.02,2.99,0.00,0.00,140230.00,0.99
2026-01-23,0.01,0.01,0.62,0.04,5.88,0.00,0.00,136105.00,0.91
2026-01-26,0.00,0.00,0.48,0.03,4.41,0.01,1.47,130305.00,0.29
2026-01-27,-0.01,-0.01,0.48,0.02,2.99,-0.02,-2.94,126390.00,0.46
2026-01-28,0.01,0.01,0.46,0.04,5.88,-0.01,-1.49,127045.00,1.38
2026-01-29,-0.01,-0.01,0.45,0.03,4.48,0.00,0.00,126910.00,0.73
2026-01-30,-0.03,-0.03,0.45,0.05,7.69,0.01,1.49,124925.00,0.72
2026-02-02,0.00,0.00,0.39,0.04,6.15,0.00,0.00,124130.00,0.74
2026-02-03,-0.09,-0.10,0.50,0.09,15.25,0.00,0.00,140510.00,3.12
2026-02-04,-0.03,-0.03,0.49,0.03,5.26,0.00,0.00,139410.00,0.91
2026-02-05,-0.07,-0.07,0.53,0.08,15.09,0.01,1.75,144805.00,1.74
2026-02-06,-0.11,-0.12,0.63,0.12,25.53,-0.01,-1.89,159905.00,2.90
2026-02-09,0.00,0.00,0.64,0.02,4.26,0.01,2.13,160210.00,1.23
2026-02-10,-0.17,-0.19,0.80,0.07,17.95,-0.03,-6.38,176320.00,3.06
2026-02-11,0.69,0.53,2.68,0.52,78.79,-0.01,-2.56,1465080.00,17.71
2026-02-12,-0.21,-0.24,2.79,0.14,26.92,-0.05,-7.58,1546755.00,1.11
2026-02-13,0.15,0.14,2.84,0.07,11.67,0.03,5.77,1570280.00,0.37
2026-02-17,0.15,0.14,2.89,0.13,18.84,0.00,0.00,1637065.00,0.85
2026-02-18,0.10,0.10,2.90,0.13,17.11,0.03,4.35,1688705.00,0.70
2026-02-19,-0.03,-0.03,2.90,0.11,14.86,0.01,1.32,1713880.00,0.37
2026-02-20,-0.04,-0.04,2.91,0.07,9.86,0.01,1.35,1727465.00,0.24
2026-02-23,-0.01,-0.01,2.91,0.10,14.29,0.02,2.82,1732710.00,0.13
2026-02-24,0.06,0.06,2.91,0.06,8.11,0.02,2.86,1744335.00,0.16
2026-02-25,-0.03,-0.03,2.91,0.07,9.72,0.01,1.35,1756600.00,0.17
2026-02-26,-0.03,-0.03,2.92,0.03,4.29,0.00,0.00,1753685.00,0.07
2026-02-27,0.03,0.03,2.92,0.04,5.56,0.02,2.86,1765220.00,0.18
2026-03-02,-0.03,-0.03,2.91,0.06,8.57,0.00,0.00,1776010.00,0.17
2026-03-03,-0.01,-0.01,2.92,0.05,7.25,0.00,0.00,1781570.00,0.11
2026-03-04,0.01,0.01,2.89,0.07,10.00,-0.02,-2.90,1768055.00,0.09
2026-03-05,-0.01,-0.01,2.88,0.03,4.35,0.00,0.00,1768490.00,0.08
2026-03-06,-0.06,-0.06,2.88,0.06,9.23,0.01,1.45,1765565.00,0.11
2026-03-09,0.05,0.05,2.84,0.08,11.76,0.00,0.00,1750340.00,0.09
2026-03-10,0.03,0.03,2.83,0.03,4.29,0.03,4.41,1747395.00,0.08
2026-03-11,0.09,0.08,2.73,0.10,13.16,0.01,1.43,1768130.00,0.54
2026-03-12,-0.01,-0.01,1.28,0.03,4.00,-0.01,-1.32,490955.00,0.81
2026-03-13,0.05,0.05,0.98,0.09,11.39,-0.01,-1.33,430745.00,1.20
2026-03-16,0.14,0.13,0.95,0.14,15.56,0.03,3.80,460590.00,2.57
2026-03-17,-0.08,-0.08,0.89,0.15,18.07,-0.01,-1.11,427635.00,1.70
2026-03-18,0.01,0.01,0.82,0.10,11.90,0.03,3.61,389275.00,1.07
2026-03-19,-0.01,-0.01,0.82,0.08,9.64,0.01,1.19,378885.00,1.11
2026-03-20,-0.06,-0.06,0.83,0.13,16.67,0.00,0.00,446010.00,3.93
2026-03-23,-0.04,-0.04,0.85,0.07,9.33,0.02,2.56,445620.00,0.49
2026-03-24,-0.09,-0.10,0.89,0.13,19.12,0.06,8.00,449135.00,0.76
2026-03-25,0.00,0.00,0.89,0.07,10.29,0.01,1.47,444975.00,0.49
2026-03-26,0.01,0.01,0.88,0.03,4.35,0.00,0.00,449140.00,0.45
2026-03-27,-0.06,-0.06,0.90,0.07,10.77,-0.01,-1.45,441475.00,0.39
2026-03-30,-0.02,-0.02,0.90,0.04,6.25,0.02,3.08,430675.00,0.21
2026-03-31,0.05,0.05,0.91,0.04,5.97,0.05,7.81,428790.00,0.39
2026-04-01,0.04,0.04,0.92,0.05,7.14,0.03,4.48,435295.00,0.68
2026-04-02,0.07,0.07,0.95,0.08,10.67,0.02,2.86,434640.00,0.28
2026-04-06,-0.07,-0.07,0.96,0.06,8.57,0.01,1.33,434635.00,0.44
2026-04-07,-0.03,-0.03,0.96,0.08,11.76,0.00,0.00,442260.00,0.71
2026-04-08,-0.03,-0.03,0.96,0.07,10.61,0.01,1.47,447520.00,0.55
2026-04-09,-0.02,-0.02,0.90,0.03,4.62,0.01,1.52,405410.00,0.28
2026-04-10,-0.06,-0.06,0.92,0.06,9.84,0.01,1.54,393950.00,0.43
2026-04-13,0.05,0.05,0.92,0.03,4.69,0.00,0.00,373650.00,0.30
2026-04-14,0.05,0.05,0.77,0.05,7.46,0.00,0.00,319405.00,0.31
2026-04-15,0.07,0.07,0.79,0.06,8.33,0.00,0.00,288365.00,0.36
2026-04-16,-0.03,-0.03,0.79,0.05,7.14,0.00,0.00,275825.00,0.60
2026-04-17,0.01,0.01,0.79,0.04,5.63,-0.01,-1.43,264580.00,0.75
2026-04-20,-0.01,-0.01,0.77,0.03,4.29,-0.01,-1.41,182910.00,0.65
2026-04-21,0.01,0.01,0.76,0.05,7.04,-0.01,-1.43,174235.00,0.27
2026-04-22,-0.03,-0.03,0.69,0.06,8.70,0.00,0.00,162060.00,0.60
2026-04-23,0.00,0.00,0.69,0.04,5.80,0.00,0.00,163720.00,1.55
2026-04-24,-0.01,-0.01,0.69,0.03,4.41,-0.01,-1.45,156925.00,0.41
2026-04-27,-0.04,-0.05,0.67,0.04,6.15,-0.01,-1.47,152905.00,0.59
2026-04-28,-0.03,-0.03,0.68,0.07,11.11,0.01,1.54,162605.00,1.75
2026-04-29,0.08,0.08,0.72,0.05,7.35,0.01,1.59,161280.00,0.86
2026-04-30,0.00,0.00,0.70,0.03,4.41,0.01,1.47,149665.00,0.44
2026-05-01,0.00,0.00,0.65,0.03,4.41,0.02,2.94,148915.00,0.72
2026-05-04,0.01,0.01,0.61,0.04,5.80,0.00,0.00,146840.00,1.03
2026-05-05,0.01,0.01,0.60,0.04,5.71,0.00,0.00,135130.00,0.57
2026-05-06,-0.03,-0.03,0.60,0.03,4.41,-0.03,-4.29,126555.00,0.57
2026-05-07,-0.03,-0.03,0.61,0.05,7.58,0.00,0.00,127380.00,1.01
2026-05-08,-0.02,-0.02,0.56,0.05,7.69,0.02,3.03,125210.00,1.01
2026-05-11,-0.02,-0.02,0.54,0.06,9.38,0.04,6.15,129345.00,1.51
2026-05-12,0.06,0.06,0.56,0.05,7.35,-0.01,-1.56,132155.00,1.18
2026-05-13,-0.03,-0.03,0.50,0.04,6.06,0.01,1.47,130110.00,0.49
2026-05-14,0.00,0.00,0.49,0.02,3.03,0.00,0.00,125415.00,0.56
2026-05-15,-0.02,-0.02,0.49,0.02,3.08,-0.01,-1.52,118520.00,0.50
2026-05-18,0.09,0.09,0.59,0.09,12.68,0.02,3.08,125500.00,2.06
2026-05-19,0.04,0.04,0.61,0.07,9.46,-0.01,-1.41,133700.00,1.58
2026-05-20,-0.01,-0.01,0.60,0.03,4.11,-0.03,-4.05,134860.00,0.89
2026-05-21,0.00,0.00,0.60,0.03,4.11,0.00,0.00,131095.00,1.36
2026-05-22,-0.03,-0.03,0.61,0.03,4.23,0.00,0.00,131470.00,0.55
2026-05-26,-0.01,-0.01,0.59,0.03,4.29,-0.02,-2.82,134745.00,1.15
2026-05-27,-0.01,-0.01,0.58,0.04,5.80,0.01,1.43,124815.00,0.69
2026-05-28,0.01,0.01,0.51,0.04,5.71,0.02,2.90,121540.00,0.60
2026-05-29,0.01,0.01,0.51,0.02,2.82,-0.01,-1.43,120640.00,0.39
2026-06-01,-0.01,-0.01,0.51,0.03,4.29,0.00,0.00,122280.00,1.15
2026-06-02,0.00,0.00,0.51,0.02,2.86,-0.01,-1.43,132990.00,2.75
2026-06-03,-0.01,-0.01,0.51,0.02,2.90,0.00,0.00,131455.00,0.36
2026-06-04,0.01,0.01,0.50,0.04,5.71,0.00,0.00,137720.00,1.44
2026-06-05,-0.06,-0.06,0.53,0.04,6.06,-0.02,-2.86,136125.00,0.71
2026-06-08,0.00,0.00,0.53,0.05,7.58,0.03,4.55,134915.00,0.76
2026-06-09,-0.06,-0.06,0.57,0.07,11.29,-0.02,-3.03,134560.00,1.40
2026-06-10,0.05,0.05,0.55,0.04,6.15,0.00,0.00,131630.00,0.74
2026-06-11,0.02,0.02,0.55,0.04,6.06,0.02,3.08,133265.00,0.72
2026-06-12,-0.05,-0.05,0.57,0.06,9.52,-0.02,-3.03,132605.00,0.43
2026-06-15,0.02,0.02,0.57,0.02,3.12,0.03,4.76,132920.00,0.50
2026-06-16,0.02,0.02,0.46,0.02,3.08,0.00,0.00,122605.00,0.43
2026-06-17,0.00,0.00,0.43,0.03,4.62,-0.01,-1.54,114260.00,0.38
2026-06-18,-0.03,-0.03,0.43,0.05,7.94,0.00,0.00,127725.00,3.05
2026-06-22,0.05,0.05,0.48,0.05,7.58,0.01,1.59,126385.00,1.20
2026-06-23,-0.02,-0.02,0.47,0.03,4.62,-0.01,-1.52,127915.00,0.81
