Date,Returns,Returns_Log,Volatilidade_20,Range_Diario,Range_Percentual,Gap,Gap_Percentual,Volume_Medio_20,Volume_Ratio
2013-10-10,,,,2.49,9.96,,,5360200.00,1.00
2013-10-11,0.04,0.04,,1.38,5.29,0.21,0.84,2954850.00,0.19
2013-10-14,-0.03,-0.03,,1.49,5.87,0.40,1.53,2051400.00,0.12
2013-10-15,-0.01,-0.01,,2.89,11.56,-0.32,-1.26,1619150.00,0.20
2013-10-16,0.02,0.02,,1.54,6.06,0.22,0.88,1314860.00,0.07
2013-10-17,-0.01,-0.01,,1.99,7.91,1.07,4.21,1103617.00,0.04
2013-10-18,0.01,0.01,,0.68,2.68,-0.08,-0.32,967786.00,0.16
2013-10-21,0.01,0.01,,0.83,3.23,-0.21,-0.83,861875.00,0.14
2013-10-22,0.06,0.06,,2.25,8.27,0.28,1.09,778033.00,0.14
2013-10-23,-0.04,-0.04,,2.02,7.72,0.00,0.00,707910.00,0.11
2013-10-24,0.07,0.07,,3.29,11.75,-0.16,-0.61,652027.00,0.14
2013-10-25,-0.02,-0.02,,1.02,3.71,0.00,0.00,599225.00,0.03
2013-10-28,-0.00,-0.00,,0.92,3.36,0.15,0.55,554362.00,0.03
2013-10-29,-0.01,-0.01,,1.77,6.52,-0.29,-1.06,517293.00,0.07
2013-10-30,-0.01,-0.01,,1.64,6.11,-0.77,-2.84,484280.00,0.05
2013-10-31,0.00,0.00,,1.80,6.68,0.15,0.56,460356.00,0.22
2013-11-01,0.01,0.01,,1.12,4.10,0.68,2.52,434771.00,0.06
2013-11-04,-0.04,-0.04,,2.62,10.02,0.90,3.29,414222.00,0.16
2013-11-05,0.00,0.00,,1.98,7.55,0.46,1.76,396237.00,0.18
2013-11-06,0.00,0.00,,1.39,5.30,-0.14,-0.53,389500.00,0.67
2013-11-07,-0.01,-0.01,0.46,0.99,3.81,-0.67,-2.55,124305.00,0.45
2013-11-08,-0.00,-0.00,0.43,1.14,4.40,0.25,0.96,99790.00,0.59
2013-11-11,0.02,0.02,0.43,1.30,4.90,0.00,0.00,89175.00,0.36
2013-11-12,0.01,0.01,0.43,1.00,3.71,0.21,0.79,75220.00,0.58
2013-11-13,0.06,0.06,0.46,2.14,7.51,-0.07,-0.26,72380.00,0.57
2013-11-14,-0.02,-0.02,0.47,1.41,5.04,-0.01,-0.04,71665.00,0.46
2013-11-15,-0.03,-0.03,0.49,3.22,11.88,0.50,1.79,70135.00,1.74
2013-11-18,-0.04,-0.04,0.51,2.55,9.77,0.38,1.40,68165.00,1.19
2013-11-19,-0.11,-0.12,0.60,3.00,12.93,-0.11,-0.42,67600.00,1.42
2013-11-20,-0.04,-0.04,0.60,2.37,10.67,0.09,0.39,66525.00,0.83
2013-11-21,-0.02,-0.02,0.53,0.86,3.94,0.08,0.36,66125.00,1.29
2013-11-22,0.09,0.09,0.64,2.41,10.13,0.05,0.23,67235.00,0.60
2013-11-25,0.04,0.04,0.67,2.73,10.98,0.00,0.00,68205.00,0.52
2013-11-26,0.07,0.06,0.71,2.44,9.20,-0.32,-1.29,72185.00,1.59
2013-11-27,0.03,0.03,0.72,1.78,6.53,-0.21,-0.79,73130.00,0.56
2013-11-29,-0.03,-0.03,0.72,2.06,7.78,-0.63,-2.31,68615.00,0.16
2013-12-02,-0.02,-0.02,0.73,1.44,5.57,-0.04,-0.15,69215.00,0.54
2013-12-03,-0.01,-0.01,0.71,2.15,8.39,1.29,4.99,69995.00,1.15
2013-12-04,0.01,0.01,0.71,3.20,12.31,1.76,6.86,78815.00,3.16
2013-12-05,-0.01,-0.01,0.71,2.16,8.39,-0.23,-0.88,68990.00,0.94
2013-12-06,0.01,0.01,0.71,1.63,6.27,0.17,0.66,67660.00,0.44
2013-12-09,-0.00,-0.00,0.71,1.45,5.58,0.01,0.04,67665.00,0.88
2013-12-10,0.00,0.00,0.71,1.24,4.77,-0.01,-0.04,69495.00,0.99
2013-12-11,-0.04,-0.04,0.72,1.80,7.23,-0.08,-0.31,71935.00,1.28
2013-12-12,0.00,0.00,0.69,0.82,3.29,0.32,1.29,72975.00,0.85
2013-12-13,0.01,0.01,0.69,1.56,6.19,0.00,0.00,75315.00,1.06
2013-12-16,0.04,0.04,0.69,1.93,7.38,0.15,0.60,72170.00,0.82
2013-12-17,0.02,0.02,0.69,1.67,6.23,0.14,0.54,71775.00,1.02
2013-12-18,0.03,0.03,0.55,1.86,6.76,0.07,0.26,71655.00,1.31
2013-12-19,-0.03,-0.03,0.53,1.19,4.46,-0.25,-0.91,74265.00,1.45
2013-12-20,0.01,0.01,0.52,1.90,7.08,0.07,0.26,119255.00,8.26
2013-12-23,0.01,0.01,0.43,1.29,4.75,0.20,0.74,120515.00,0.55
2013-12-24,-0.01,-0.01,0.41,0.89,3.30,0.04,0.15,119965.00,0.20
2013-12-26,-0.01,-0.01,0.34,0.86,3.21,0.17,0.63,116660.00,0.42
2013-12-27,-0.00,-0.00,0.32,0.67,2.50,0.12,0.45,123845.00,1.49
2013-12-30,0.05,0.05,0.35,2.19,7.81,-0.09,-0.34,128560.00,0.82
2013-12-31,-0.02,-0.02,0.34,1.73,6.31,-0.04,-0.14,135275.00,1.27
2014-01-02,0.05,0.05,0.38,1.98,6.87,-0.28,-1.02,134215.00,0.44
2014-01-03,0.02,0.02,0.38,1.10,3.73,0.06,0.21,129595.00,1.21
2014-01-06,-0.01,-0.01,0.38,0.77,2.63,0.00,0.00,129250.00,0.45
2014-01-07,0.08,0.07,0.45,3.12,9.90,0.19,0.65,133485.00,0.86
2014-01-08,0.02,0.02,0.45,1.38,4.28,-0.13,-0.41,133850.00,0.50
2014-01-09,0.05,0.05,0.47,1.47,4.33,0.20,0.62,133605.00,0.48
2014-01-10,0.09,0.09,0.50,3.35,9.05,0.21,0.62,136720.00,1.13
2014-01-13,-0.00,-0.00,0.50,1.70,4.59,0.00,0.00,143810.00,1.42
2014-01-14,0.01,0.01,0.50,0.94,2.53,0.10,0.27,146045.00,0.85
2014-01-15,-0.00,-0.00,0.51,1.23,3.32,-0.09,-0.24,149730.00,0.89
2014-01-16,0.04,0.04,0.51,2.12,5.48,-0.02,-0.05,147280.00,0.16
2014-01-17,0.04,0.04,0.52,2.04,5.07,0.07,0.18,145365.00,0.38
2014-01-21,-0.03,-0.03,0.52,3.08,7.90,0.23,0.57,145955.00,0.82
2014-01-22,-0.02,-0.02,0.54,1.63,4.28,0.21,0.54,100600.00,0.77
2014-01-23,0.02,0.02,0.54,1.20,3.09,0.04,0.11,98740.00,0.29
2014-01-24,0.02,0.02,0.53,1.34,3.39,0.10,0.26,101125.00,0.71
2014-01-27,-0.04,-0.04,0.57,2.65,6.99,0.15,0.38,101295.00,0.52
2014-01-28,0.02,0.02,0.56,0.83,2.15,0.20,0.53,95990.00,0.82
2014-01-29,-0.04,-0.04,0.58,1.98,5.34,0.00,0.00,92905.00,0.47
2014-01-30,0.05,0.05,0.58,3.12,8.02,-0.45,-1.21,85795.00,0.34
2014-01-31,0.02,0.02,0.57,1.92,4.82,-0.47,-1.21,84430.00,0.38
2014-02-03,-0.04,-0.04,0.60,2.96,7.72,-0.14,-0.35,78710.00,0.53
2014-02-04,-0.05,-0.05,0.63,3.07,8.43,-1.85,-4.82,77280.00,0.38
2014-02-05,-0.04,-0.04,0.61,2.35,6.69,-0.08,-0.22,73375.00,0.49
2014-02-06,0.00,0.00,0.61,3.60,10.24,3.13,8.91,71070.00,0.29
2014-02-07,0.05,0.05,0.61,3.26,8.81,-0.03,-0.09,69970.00,0.60
2014-02-10,-0.03,-0.03,0.52,1.93,5.36,-0.69,-1.87,70590.00,2.36
2014-02-11,0.03,0.03,0.53,3.51,9.44,-0.07,-0.19,63170.00,0.87
2014-02-12,0.02,0.02,0.54,2.94,7.74,2.90,7.80,59190.00,0.76
2014-02-13,-0.07,-0.07,0.60,2.13,6.04,-1.50,-3.95,130025.00,11.92
2014-02-14,-0.04,-0.04,0.59,2.13,6.28,0.35,0.99,145000.00,2.23
2014-02-18,0.02,0.02,0.57,1.96,5.67,1.73,5.10,164365.00,2.69
2014-02-19,0.01,0.01,0.57,1.29,3.69,0.06,0.17,169305.00,1.29
2014-02-20,0.00,0.00,0.56,1.16,3.31,0.33,0.94,170340.00,0.58
2014-02-21,0.02,0.02,0.56,1.45,4.06,0.24,0.69,191210.00,2.33
2014-02-24,-0.01,-0.01,0.56,0.93,2.63,0.01,0.03,190865.00,0.34
2014-02-25,0.05,0.05,0.58,1.65,4.44,1.29,3.65,195270.00,0.72
2014-02-26,-0.01,-0.01,0.57,1.79,4.89,0.28,0.75,199080.00,0.78
2014-02-27,0.02,0.02,0.56,1.26,3.39,-0.17,-0.46,201675.00,0.47
2014-02-28,-0.06,-0.06,0.57,3.24,9.26,0.10,0.27,211595.00,1.08
2014-03-03,-0.05,-0.05,0.58,1.47,4.41,-0.56,-1.60,224005.00,1.25
2014-03-04,0.04,0.04,0.59,1.41,4.08,0.44,1.32,231910.00,0.86
2014-03-05,0.01,0.01,0.56,2.50,7.16,1.41,4.08,244005.00,1.11
2014-03-06,-0.03,-0.03,0.56,2.63,7.74,-0.37,-1.06,248090.00,0.48
2014-03-07,-0.02,-0.02,0.56,1.49,4.49,0.26,0.76,256360.00,0.73
2014-03-10,-0.01,-0.01,0.53,0.67,2.04,0.08,0.24,258140.00,0.30
2014-03-11,0.03,0.03,0.53,1.42,4.20,0.63,1.92,254835.00,0.40
2014-03-12,-0.02,-0.02,0.52,1.19,3.57,-0.22,-0.65,255520.00,0.27
2014-03-13,0.02,0.02,0.52,1.26,3.69,-0.09,-0.27,259220.00,0.46
2014-03-14,0.03,0.03,0.47,2.49,7.09,-0.05,-0.15,189290.00,0.80
2014-03-17,0.03,0.03,0.46,2.42,6.68,0.34,0.97,182700.00,1.05
2014-03-18,0.03,0.03,0.46,1.07,2.87,0.13,0.36,169360.00,1.04
2014-03-19,0.02,0.02,0.47,1.39,3.65,0.15,0.40,165850.00,0.89
2014-03-20,0.00,0.00,0.47,0.85,2.22,-0.16,-0.42,164555.00,0.44
2014-03-21,-0.08,-0.08,0.55,4.04,11.49,0.29,0.76,152525.00,1.35
2014-03-24,-0.04,-0.04,0.56,3.22,9.51,-0.12,-0.34,160670.00,1.42
2014-03-25,-0.04,-0.05,0.55,2.12,6.55,0.14,0.41,161845.00,1.01
2014-03-26,-0.02,-0.02,0.55,2.23,7.06,0.19,0.59,160955.00,0.85
2014-03-27,-0.00,-0.00,0.54,2.20,6.97,-0.10,-0.32,163305.00,0.87
2014-03-28,-0.10,-0.11,0.62,4.23,14.96,-0.10,-0.32,162565.00,1.31
2014-03-31,-0.02,-0.02,0.61,1.27,4.56,0.26,0.92,159025.00,1.32
2014-04-01,0.05,0.05,0.62,1.91,6.51,0.12,0.43,155410.00,0.82
2014-04-02,0.01,0.01,0.62,1.30,4.41,0.20,0.68,145280.00,0.47
2014-04-03,-0.07,-0.08,0.66,4.57,16.75,-0.12,-0.41,148010.00,1.17
2014-04-04,-0.04,-0.05,0.67,2.61,10.02,0.18,0.66,147110.00,1.14
2014-04-07,-0.04,-0.04,0.68,2.95,11.74,0.00,0.00,156555.00,1.70
2014-04-08,-0.08,-0.08,0.70,1.83,7.87,-0.63,-2.51,225945.00,6.59
2014-04-09,0.04,0.04,0.73,1.67,6.91,-0.14,-0.60,253430.00,2.44
2014-04-10,-0.03,-0.03,0.71,1.72,7.32,0.19,0.79,263155.00,1.19
2014-04-11,-0.13,-0.14,0.80,3.54,17.37,-0.28,-1.19,288725.00,2.29
2014-04-14,-0.01,-0.01,0.77,1.41,6.99,0.25,1.23,293815.00,1.00
2014-04-15,-0.03,-0.03,0.74,2.14,10.93,0.00,0.00,315170.00,1.91
2014-04-16,0.03,0.03,0.75,1.17,5.79,0.42,2.15,326370.00,1.14
2014-04-17,-0.01,-0.01,0.75,1.20,5.99,-0.01,-0.05,334690.00,0.71
2014-04-21,-0.05,-0.05,0.73,1.99,10.43,0.21,1.05,336395.00,0.71
2014-04-22,0.01,0.01,0.74,1.27,6.61,0.00,0.00,361530.00,2.02
2014-04-23,0.07,0.07,0.82,2.60,12.59,0.05,0.26,387240.00,1.75
2014-04-24,0.00,0.00,0.82,1.55,7.48,-0.99,-4.79,396000.00,0.79
2014-04-25,-0.01,-0.01,0.82,1.09,5.31,-0.07,-0.34,400250.00,0.57
2014-04-28,0.02,0.02,0.76,1.60,7.67,0.06,0.29,401530.00,0.59
2014-04-29,-0.05,-0.05,0.77,2.01,10.11,-0.08,-0.38,406790.00,0.77
2014-04-30,0.00,0.00,0.73,0.69,3.46,-0.14,-0.70,407740.00,0.36
2014-05-01,-0.02,-0.02,0.73,1.02,5.23,0.03,0.15,416955.00,0.61
2014-05-02,-0.00,-0.00,0.70,0.65,3.35,0.12,0.62,413175.00,0.23
2014-05-05,0.04,0.04,0.72,1.34,6.65,-0.20,-1.03,412325.00,0.37
2014-05-06,-0.03,-0.03,0.71,1.25,6.36,0.11,0.55,403195.00,0.21
2014-05-07,-0.02,-0.03,0.67,2.66,13.89,-0.14,-0.71,348515.00,1.13
2014-05-08,-0.04,-0.04,0.65,1.49,8.08,-0.09,-0.47,331850.00,0.86
2014-05-09,0.03,0.03,0.67,1.20,6.31,-0.09,-0.49,334165.00,1.08
2014-05-12,0.07,0.07,0.55,1.97,9.69,0.04,0.21,310290.00,0.60
2014-05-13,-0.03,-0.03,0.56,1.44,7.31,-0.11,-0.54,302570.00,0.46
2014-05-14,0.01,0.01,0.55,1.09,5.47,-0.19,-0.96,279815.00,0.53
2014-05-15,-0.06,-0.06,0.58,1.37,7.29,-0.02,-0.10,270475.00,0.68
2014-05-16,0.02,0.02,0.58,0.74,3.88,0.10,0.53,263755.00,0.40
2014-05-19,0.02,0.02,0.56,0.86,4.43,0.03,0.16,260890.00,0.70
2014-05-20,-0.04,-0.04,0.58,1.00,5.37,0.07,0.36,236605.00,1.04
2014-05-21,-0.02,-0.02,0.51,1.05,5.75,0.12,0.64,211525.00,0.83
2014-05-22,0.01,0.01,0.51,0.94,5.08,0.17,0.93,206680.00,1.04
2014-05-23,0.00,0.00,0.51,0.93,5.02,-0.01,-0.05,199385.00,0.41
2014-05-27,0.04,0.04,0.53,0.72,3.75,0.52,2.81,206725.00,1.86
2014-05-28,0.01,0.01,0.51,0.99,5.09,0.08,0.42,217220.00,2.41
2014-05-29,0.05,0.05,0.54,1.19,5.82,0.16,0.82,314625.00,6.66
2014-05-30,-0.09,-0.09,0.62,1.81,9.70,-0.15,-0.73,323305.00,1.32
2014-06-02,-0.01,-0.01,0.62,0.74,4.00,-0.04,-0.21,329505.00,0.67
2014-06-03,0.00,0.00,0.60,0.70,3.78,-0.04,-0.22,330325.00,0.51
2014-06-04,0.06,0.06,0.64,1.34,6.80,-0.04,-0.22,336180.00,0.60
2014-06-05,0.02,0.02,0.64,1.36,6.75,-0.08,-0.41,327855.00,0.70
2014-06-06,-0.01,-0.01,0.62,1.18,5.89,0.51,2.53,335345.00,1.30
2014-06-09,0.06,0.06,0.65,2.03,9.53,0.60,3.00,342975.00,1.49
2014-06-10,-0.01,-0.01,0.61,1.03,4.91,-0.09,-0.42,361480.00,1.54
2014-06-11,0.02,0.02,0.60,1.17,5.46,-0.25,-1.19,365930.00,0.62
2014-06-12,-0.00,-0.00,0.60,0.95,4.45,0.02,0.09,377345.00,1.00
2014-06-13,0.01,0.01,0.55,1.12,5.21,0.16,0.75,379395.00,0.60
2014-06-16,0.03,0.03,0.56,1.37,6.17,0.15,0.70,389525.00,0.79
2014-06-17,-0.02,-0.02,0.56,1.39,6.37,-0.10,-0.45,388390.00,0.41
2014-06-18,0.03,0.03,0.54,1.40,6.21,0.09,0.41,386895.00,0.56
2014-06-19,-0.00,-0.00,0.53,0.78,3.48,0.02,0.09,391405.00,0.68
2014-06-20,0.01,0.01,0.53,0.83,3.65,0.07,0.31,402165.00,1.07
2014-06-23,0.02,0.02,0.53,1.01,4.37,-0.02,-0.09,416490.00,0.88
2014-06-24,-0.02,-0.02,0.53,1.18,5.21,0.01,0.04,408710.00,0.56
2014-06-25,0.03,0.03,0.54,1.44,6.20,-0.23,-1.02,390730.00,0.42
2014-06-26,-0.03,-0.03,0.53,1.02,4.51,0.09,0.39,294165.00,0.56
2014-06-27,-0.02,-0.02,0.41,1.21,5.44,-0.16,-0.71,387225.00,5.91
2014-06-30,-0.02,-0.02,0.42,0.70,3.22,-0.12,-0.54,386915.00,0.56
2014-07-01,0.03,0.03,0.42,1.19,5.33,0.09,0.41,388990.00,0.54
2014-07-02,-0.00,-0.00,0.38,0.77,3.46,0.08,0.36,386760.00,0.40
2014-07-03,-0.00,-0.00,0.37,0.82,3.70,0.06,0.27,379025.00,0.19
2014-07-07,-0.04,-0.04,0.40,1.48,6.92,0.00,0.00,364110.00,0.38
2014-07-08,-0.07,-0.07,0.42,2.02,10.16,-0.01,-0.05,354940.00,0.93
2014-07-09,-0.01,-0.01,0.41,0.81,4.11,0.05,0.25,339725.00,0.74
2014-07-10,0.01,0.01,0.41,1.00,5.05,-0.52,-2.64,345810.00,1.01
2014-07-11,0.01,0.01,0.41,1.20,5.97,0.46,2.32,337960.00,0.65
2014-07-14,0.01,0.01,0.41,0.48,2.37,0.18,0.90,334075.00,0.44
2014-07-15,-0.04,-0.04,0.41,1.06,5.47,-0.05,-0.25,328990.00,0.62
2014-07-16,-0.02,-0.02,0.41,0.70,3.67,0.14,0.72,326710.00,0.35
2014-07-17,-0.04,-0.04,0.40,1.02,5.55,-0.11,-0.58,332900.00,1.02
2014-07-18,0.03,0.03,0.42,1.23,6.53,-0.07,-0.38,327235.00,0.47
2014-07-21,0.00,0.00,0.41,0.87,4.62,-0.14,-0.74,316020.00,0.65
2014-07-22,0.07,0.07,0.49,1.65,8.19,0.16,0.85,306300.00,0.57
2014-07-23,0.10,0.10,0.62,2.22,10.00,0.32,1.59,317945.00,1.46
2014-07-24,-0.05,-0.05,0.63,1.19,5.62,0.04,0.18,318050.00,0.53
2014-07-25,-0.00,-0.00,0.63,0.75,3.56,-0.19,-0.90,315815.00,0.38
2014-07-28,-0.04,-0.04,0.64,1.10,5.45,0.00,0.00,207030.00,0.54
2014-07-29,0.05,0.05,0.66,1.15,5.42,0.04,0.20,208725.00,1.19
2014-07-30,-0.00,-0.00,0.66,0.90,4.25,0.24,1.13,205610.00,0.71
2014-07-31,-0.04,-0.04,0.67,1.06,5.22,-0.34,-1.60,204930.00,0.70
2014-08-01,-0.02,-0.02,0.67,1.18,5.94,-0.04,-0.20,209415.00,0.78
2014-08-04,-0.02,-0.02,0.67,0.89,4.57,0.08,0.40,209445.00,0.66
2014-08-05,0.04,0.04,0.63,1.42,7.03,-0.13,-0.67,205155.00,1.19
2014-08-06,-0.08,-0.08,0.70,1.53,8.25,-1.32,-6.54,210375.00,1.69
2014-08-07,0.02,0.02,0.70,0.87,4.59,0.14,0.75,202410.00,0.94
2014-08-08,0.01,0.01,0.70,0.64,3.34,0.04,0.21,200260.00,0.88
2014-08-11,0.05,0.05,0.72,0.94,4.67,0.17,0.89,201435.00,0.85
2014-08-12,0.02,0.02,0.71,1.04,5.07,-0.19,-0.94,198025.00,0.69
2014-08-13,0.01,0.01,0.70,0.67,3.22,0.17,0.83,201800.00,0.94
2014-08-14,-0.01,-0.01,0.69,0.99,4.82,-0.07,-0.34,194835.00,1.02
2014-08-15,-0.00,-0.00,0.69,0.93,4.55,0.25,1.22,190835.00,0.38
2014-08-18,0.02,0.02,0.69,0.85,4.07,0.06,0.29,185035.00,0.49
2014-08-19,-0.01,-0.01,0.65,0.67,3.22,-0.05,-0.24,180235.00,0.43
2014-08-20,-0.03,-0.03,0.54,0.81,4.01,-0.12,-0.58,162480.00,0.66
2014-08-21,0.04,0.04,0.53,0.84,4.02,0.89,4.41,173630.00,2.25
2014-08-22,0.05,0.05,0.56,1.25,5.69,0.08,0.38,188840.00,2.24
2014-08-25,-0.02,-0.02,0.54,1.21,5.64,0.12,0.55,189850.00,0.70
2014-08-26,0.04,0.04,0.54,1.19,5.33,0.09,0.42,186290.00,0.95
2014-08-27,-0.03,-0.03,0.55,0.99,4.56,0.19,0.85,184435.00,0.59
2014-08-28,-0.03,-0.03,0.54,1.04,4.94,0.11,0.51,183490.00,0.67
2014-08-29,0.01,0.01,0.53,0.66,3.09,0.00,0.00,180225.00,0.54
2014-09-02,-0.02,-0.02,0.53,0.77,3.69,-0.05,-0.23,182535.00,1.01
2014-09-03,0.02,0.02,0.52,0.68,3.20,0.31,1.49,178360.00,0.90
2014-09-04,0.00,0.00,0.42,0.96,4.51,0.11,0.52,167710.00,0.85
2014-09-05,0.01,0.01,0.41,1.20,5.59,-0.11,-0.52,167440.00,1.11
2014-09-08,0.05,0.05,0.45,1.25,5.52,0.00,0.00,167760.00,1.09
2014-09-09,-0.05,-0.05,0.47,1.70,7.93,0.12,0.53,170970.00,1.38
2014-09-10,0.03,0.03,0.48,1.64,7.43,0.09,0.42,172850.00,1.01
2014-09-11,-0.00,-0.00,0.48,0.60,2.72,-0.19,-0.86,167040.00,0.44
2014-09-12,-0.02,-0.02,0.48,1.31,6.04,0.26,1.18,163570.00,0.80
2014-09-15,-0.03,-0.03,0.49,0.95,4.50,0.00,0.00,170120.00,1.20
2014-09-16,0.01,0.01,0.49,1.02,4.78,-0.06,-0.28,177350.00,1.32
2014-09-17,-0.00,-0.00,0.48,1.04,4.88,-0.04,-0.19,183230.00,1.07
2014-09-18,0.02,0.02,0.48,1.11,5.10,0.06,0.28,188450.00,1.13
2014-09-19,-0.01,-0.01,0.46,1.34,6.21,0.16,0.73,195675.00,2.73
2014-09-22,-0.05,-0.05,0.46,1.43,6.99,-0.26,-1.21,185540.00,1.19
2014-09-23,-0.03,-0.03,0.47,1.08,5.44,-0.25,-1.22,187750.00,0.94
2014-09-24,0.03,0.03,0.45,0.88,4.31,0.14,0.71,187080.00,0.88
2014-09-25,-0.05,-0.05,0.47,1.23,6.31,-0.03,-0.15,189960.00,0.88
2014-09-26,-0.00,-0.00,0.46,0.84,4.31,0.09,0.46,190955.00,0.75
2014-09-29,0.03,0.03,0.47,1.09,5.45,-0.46,-2.36,194715.00,0.89
2014-09-30,0.04,0.04,0.49,1.10,5.26,0.05,0.25,202280.00,1.66
2014-10-01,-0.05,-0.06,0.52,1.22,6.17,-0.42,-2.01,204890.00,1.03
2014-10-02,0.02,0.02,0.53,0.92,4.54,-0.06,-0.30,205815.00,0.78
2014-10-03,0.04,0.04,0.55,1.14,5.40,0.30,1.48,204635.00,0.79
2014-10-06,-0.03,-0.03,0.52,1.05,5.14,0.14,0.66,201035.00,0.55
2014-10-07,-0.05,-0.05,0.51,0.85,4.37,-0.22,-1.08,195170.00,0.61
2014-10-08,0.05,0.05,0.54,1.37,6.68,0.01,0.05,191470.00,0.53
2014-10-09,-0.04,-0.04,0.55,1.06,5.38,-0.01,-0.05,193665.00,0.60
2014-10-10,-0.08,-0.08,0.62,2.32,12.80,-0.14,-0.71,202570.00,1.52
2014-10-13,-0.02,-0.02,0.61,1.29,7.26,0.03,0.17,200350.00,0.80
2014-10-14,0.08,0.08,0.68,1.76,9.18,0.28,1.57,201560.00,1.28
2014-10-15,-0.04,-0.04,0.70,1.07,5.81,-0.61,-3.18,201775.00,0.99
2014-10-16,0.01,0.01,0.69,0.88,4.71,-0.42,-2.28,200130.00,0.90
2014-10-17,-0.01,-0.01,0.69,0.83,4.50,0.52,2.78,179005.00,0.63
2014-10-20,0.03,0.03,0.68,0.65,3.42,-0.11,-0.60,171465.00,0.41
2014-10-21,0.01,0.01,0.68,0.73,3.79,0.27,1.42,165690.00,0.37
2014-10-22,0.00,0.00,0.67,0.70,3.63,0.07,0.36,160385.00,0.36
2014-10-23,0.02,0.02,0.65,1.31,6.65,0.25,1.30,180905.00,3.19
2014-10-24,-0.03,-0.03,0.66,0.58,3.03,-0.03,-0.15,186535.00,1.37
2014-10-27,0.07,0.07,0.70,1.63,7.92,-0.14,-0.73,188570.00,1.13
2014-10-28,0.06,0.06,0.72,1.44,6.61,0.17,0.83,182175.00,1.14
2014-10-29,-0.07,-0.07,0.74,1.72,8.49,0.00,0.00,178130.00,0.74
2014-10-30,0.02,0.02,0.73,0.99,4.79,-0.08,-0.39,179745.00,1.07
2014-10-31,0.03,0.03,0.73,1.06,4.98,0.65,3.14,183085.00,1.25
2014-11-03,-0.00,-0.00,0.72,0.67,3.16,0.00,0.00,182640.00,0.56
2014-11-04,-0.03,-0.03,0.70,0.86,4.17,-0.12,-0.57,179885.00,0.35
2014-11-05,-0.04,-0.04,0.69,1.58,7.95,0.26,1.26,180040.00,0.58
2014-11-06,-0.03,-0.03,0.69,1.09,5.67,-0.16,-0.80,183720.00,1.04
2014-11-07,0.03,0.03,0.63,1.19,6.00,-0.01,-0.05,176745.00,0.96
2014-11-10,0.02,0.02,0.62,2.14,10.57,0.06,0.30,216020.00,4.38
2014-11-11,0.04,0.04,0.58,1.86,8.79,-0.08,-0.40,218990.00,1.45
2014-11-12,0.12,0.12,0.69,3.44,14.47,0.85,4.02,228820.00,1.73
2014-11-13,0.01,0.01,0.69,1.63,6.76,-0.04,-0.17,237680.00,1.50
2014-11-14,-0.04,-0.04,0.71,1.25,5.37,-0.04,-0.17,240505.00,0.70
2014-11-17,-0.01,-0.01,0.71,0.77,3.35,0.02,0.09,243710.00,0.55
2014-11-18,0.07,0.07,0.74,1.79,7.28,0.05,0.22,262375.00,1.66
2014-11-19,-0.04,-0.04,0.76,1.27,5.36,0.27,1.10,264685.00,0.39
2014-11-20,0.10,0.10,0.83,3.01,11.53,-0.16,-0.68,253460.00,1.39
2014-11-21,0.04,0.04,0.82,1.44,5.29,0.75,2.87,264480.00,1.80
2014-11-24,0.03,0.03,0.79,1.37,4.89,0.35,1.29,278925.00,1.80
2014-11-25,-0.01,-0.01,0.78,1.18,4.25,-0.01,-0.04,280405.00,0.84
2014-11-26,0.01,0.01,0.71,0.97,3.46,0.07,0.25,280920.00,0.50
2014-11-28,0.01,0.01,0.72,1.57,5.56,-0.14,-0.50,281830.00,0.75
2014-12-01,0.00,0.00,0.72,2.14,7.56,-0.23,-0.81,284900.00,1.02
2014-12-02,0.01,0.01,0.71,0.99,3.46,-0.05,-0.18,289710.00,0.68
2014-12-03,0.02,0.02,0.69,1.97,6.74,0.12,0.42,301960.00,1.02
2014-12-04,-0.02,-0.02,0.68,1.47,5.14,-0.19,-0.65,307005.00,0.67
2014-12-05,0.01,0.01,0.65,0.89,3.08,0.00,0.00,305380.00,0.52
2014-12-08,0.00,0.00,0.66,1.85,6.40,0.35,1.21,310225.00,0.86
2014-12-09,0.06,0.06,0.67,2.79,9.07,-0.70,-2.42,269575.00,0.49
2014-12-10,-0.03,-0.03,0.69,1.75,5.88,-0.38,-1.24,263740.00,0.76
2014-12-11,-0.00,-0.00,0.57,1.89,6.35,0.38,1.28,253700.00,0.77
2014-12-12,-0.00,-0.00,0.57,1.32,4.45,-0.60,-2.02,244920.00,0.74
2014-12-15,-0.02,-0.02,0.56,2.43,8.38,0.79,2.66,249460.00,1.04
2014-12-16,-0.01,-0.01,0.56,1.94,6.74,-0.08,-0.28,253995.00,0.88
2014-12-17,0.02,0.02,0.52,0.97,3.32,0.00,0.00,246690.00,1.17
2014-12-18,0.16,0.15,0.71,7.35,21.73,0.64,2.19,319585.00,4.89
2014-12-19,0.02,0.02,0.64,1.95,5.65,-0.08,-0.24,351720.00,2.83
2014-12-22,0.12,0.11,0.73,4.39,11.38,1.84,5.33,364410.00,2.00
2014-12-23,-0.15,-0.17,0.95,5.97,18.28,-0.16,-0.41,366400.00,1.48
2014-12-24,0.01,0.01,0.95,2.03,6.15,-0.06,-0.18,367235.00,0.69
2014-12-26,0.08,0.07,0.98,2.64,7.42,0.26,0.79,370420.00,0.55
2014-12-29,0.00,0.00,0.98,1.56,4.37,-0.05,-0.14,370865.00,0.59
2014-12-30,-0.04,-0.04,1.00,2.39,7.00,-0.27,-0.76,365490.00,0.50
2014-12-31,0.03,0.03,1.00,1.29,3.68,0.10,0.29,365790.00,0.56
2015-01-02,0.00,0.00,1.00,2.11,6.00,0.21,0.60,356990.00,0.37
2015-01-05,-0.01,-0.01,0.99,1.85,5.33,-0.52,-1.48,354945.00,0.46
2015-01-06,-0.05,-0.06,1.02,3.07,9.35,0.09,0.26,361575.00,0.80
2015-01-07,0.09,0.08,1.06,2.90,8.11,0.32,0.97,360960.00,0.70
2015-01-08,0.01,0.01,1.04,2.23,6.19,0.48,1.34,366495.00,0.66
2015-01-09,-0.06,-0.06,1.06,2.24,6.61,-0.02,-0.06,366180.00,0.53
2015-01-12,-0.00,-0.00,1.06,1.54,4.55,-0.27,-0.80,364225.00,0.43
2015-01-13,-0.01,-0.01,1.06,1.66,4.93,0.38,1.12,367100.00,0.65
2015-01-14,0.03,0.03,1.06,2.48,7.18,-0.45,-1.34,362420.00,0.46
2015-01-15,-0.09,-0.09,1.11,3.38,10.74,0.04,0.12,359270.00,0.45
2015-01-16,0.01,0.01,1.11,2.20,6.90,-0.55,-1.75,357365.00,0.70
2015-01-20,0.05,0.05,0.98,2.26,6.77,0.19,0.60,291745.00,0.86
2015-01-21,-0.04,-0.05,0.99,1.81,5.67,-0.93,-2.79,259825.00,1.37
2015-01-22,0.02,0.02,0.89,2.20,6.75,0.09,0.28,238180.00,1.25
2015-01-23,-0.00,-0.00,0.70,1.51,4.65,-0.05,-0.15,221130.00,0.91
2015-01-26,0.02,0.02,0.70,1.43,4.32,-0.25,-0.77,222265.00,1.24
2015-01-27,-0.01,-0.01,0.64,1.36,4.15,-0.79,-2.39,224280.00,1.09
2015-01-28,-0.01,-0.01,0.64,1.96,6.07,0.28,0.86,221670.00,0.76
2015-01-29,-0.03,-0.03,0.63,1.47,4.67,0.09,0.28,223130.00,0.95
2015-01-30,0.00,0.00,0.62,2.00,6.33,-0.29,-0.92,223460.00,0.94
2015-02-02,0.00,0.00,0.62,1.77,5.59,-0.58,-1.83,227550.00,0.94
2015-02-03,-0.01,-0.01,0.62,1.80,5.74,0.08,0.25,229010.00,0.84
2015-02-04,-0.00,-0.00,0.59,1.38,4.40,-0.30,-0.96,221760.00,0.66
2015-02-05,0.07,0.07,0.55,2.51,7.49,0.25,0.80,219495.00,0.95
2015-02-06,-0.01,-0.01,0.55,1.39,4.20,-0.04,-0.12,217815.00,0.96
2015-02-09,-0.03,-0.03,0.52,1.18,3.66,-0.14,-0.42,220670.00,1.14
2015-02-10,0.04,0.03,0.54,1.38,4.13,0.47,1.46,226435.00,1.20
2015-02-11,-0.01,-0.01,0.54,1.61,4.85,-0.12,-0.36,221665.00,0.64
2015-02-12,0.02,0.02,0.54,1.33,3.91,0.31,0.93,220410.00,0.64
2015-02-13,0.00,0.00,0.42,0.90,2.64,0.01,0.03,231515.00,1.66
2015-02-17,0.07,0.07,0.48,2.92,7.99,0.11,0.32,251010.00,2.55
2015-02-18,-0.02,-0.02,0.47,1.52,4.23,-0.23,-0.63,255680.00,1.34
2015-02-19,-0.00,-0.00,0.43,0.47,1.31,-0.10,-0.28,252945.00,1.20
2015-02-20,-0.00,-0.00,0.43,1.35,3.76,0.10,0.28,268870.00,2.29
2015-02-23,-0.02,-0.02,0.44,1.11,3.16,-0.22,-0.61,272325.00,0.99
2015-02-24,-0.02,-0.02,0.44,1.26,3.65,-0.08,-0.23,268000.00,0.71
2015-02-25,-0.01,-0.01,0.44,1.22,3.56,-0.07,-0.20,264020.00,0.63
2015-02-26,0.01,0.01,0.43,0.84,2.43,-0.19,-0.55,270450.00,1.10
2015-02-27,-0.00,-0.00,0.42,1.52,4.40,-0.08,-0.23,268305.00,0.63
2015-03-02,0.00,0.00,0.42,0.73,2.10,-0.10,-0.29,268215.00,0.78
2015-03-03,-0.00,-0.00,0.42,0.75,2.16,-0.06,-0.17,264185.00,0.51
2015-03-04,-0.00,-0.00,0.42,4.38,12.65,-0.40,-1.15,282095.00,1.96
2015-03-05,0.03,0.03,0.42,1.39,3.91,0.00,0.00,288215.00,0.93
2015-03-06,-0.01,-0.01,0.36,0.90,2.55,-0.19,-0.53,294790.00,1.15
2015-03-09,-0.03,-0.03,0.37,1.57,4.56,0.22,0.62,298245.00,0.93
2015-03-10,0.01,0.01,0.36,1.93,5.57,-0.36,-1.05,295695.00,0.68
2015-03-11,0.03,0.03,0.35,1.81,5.07,0.19,0.55,295260.00,0.89
2015-03-12,-0.01,-0.01,0.35,1.35,3.83,0.32,0.90,298665.00,0.71
2015-03-13,-0.01,-0.01,0.35,1.78,5.12,0.06,0.17,301565.00,0.66
2015-03-16,0.00,0.00,0.35,1.00,2.86,0.18,0.52,289820.00,0.51
2015-03-17,0.01,0.01,0.24,1.11,3.14,0.00,0.00,267385.00,0.72
2015-03-18,0.05,0.05,0.29,2.34,6.30,-0.03,-0.08,272775.00,1.65
2015-03-19,0.05,0.05,0.35,2.49,6.36,-0.16,-0.43,272845.00,1.11
2015-03-20,-0.07,-0.08,0.45,5.17,14.26,-0.17,-0.43,311460.00,4.46
2015-03-23,-0.07,-0.07,0.50,3.16,9.32,-0.58,-1.60,314060.00,1.03
2015-03-24,-0.02,-0.02,0.50,2.29,6.90,0.05,0.15,317145.00,0.79
2015-03-25,-0.07,-0.07,0.56,2.45,7.93,0.05,0.15,322595.00,0.85
2015-03-26,-0.00,-0.00,0.55,1.63,5.30,0.18,0.58,322995.00,0.94
2015-03-27,0.04,0.04,0.57,1.21,3.79,0.12,0.39,321825.00,0.45
2015-03-30,0.01,0.01,0.57,1.87,5.82,0.39,1.22,317675.00,0.40
2015-03-31,-0.02,-0.02,0.58,1.37,4.37,-0.33,-1.03,319155.00,0.51
2015-04-01,0.01,0.01,0.58,2.11,6.69,-0.51,-1.63,301935.00,0.69
2015-04-02,0.00,0.00,0.57,1.45,4.58,0.11,0.35,296945.00,0.57
2015-04-06,0.01,0.01,0.57,1.14,3.56,-0.08,-0.25,289130.00,0.63
2015-04-07,0.04,0.04,0.58,2.19,6.58,0.09,0.28,289315.00,0.98
2015-04-08,0.00,0.00,0.58,1.86,5.57,-0.14,-0.42,287210.00,0.55
2015-04-09,-0.00,-0.00,0.57,1.80,5.41,-0.05,-0.15,279350.00,0.38
2015-04-10,0.03,0.03,0.58,1.71,4.97,0.36,1.08,273970.00,0.38
2015-04-13,0.01,0.01,0.58,1.02,2.93,0.06,0.17,271045.00,0.52
2015-04-14,-0.02,-0.02,0.59,1.39,4.07,0.12,0.35,270450.00,0.51
2015-04-15,-0.01,-0.01,0.58,1.27,3.74,-0.18,-0.53,266955.00,0.46
2015-04-16,-0.01,-0.01,0.55,0.94,2.80,-0.14,-0.41,249955.00,0.44
2015-04-17,-0.02,-0.02,0.51,1.36,4.14,-0.32,-0.95,243905.00,0.75
2015-04-20,0.02,0.02,0.45,1.46,4.37,0.16,0.49,180050.00,0.62
2015-04-21,0.01,0.01,0.39,1.16,3.43,0.31,0.93,169290.00,0.64
2015-04-22,-0.00,-0.00,0.38,1.39,4.12,-0.02,-0.06,163570.00,0.84
2015-04-23,0.00,0.00,0.28,1.42,4.19,-0.20,-0.59,167745.00,2.14
2015-04-24,0.00,0.00,0.28,0.98,2.89,-0.09,-0.27,157605.00,0.65
2015-04-27,-0.05,-0.06,0.32,2.57,8.00,0.21,0.62,163260.00,1.58
2015-04-28,-0.00,-0.00,0.32,2.92,9.12,0.14,0.44,165860.00,1.07
2015-04-29,-0.00,-0.00,0.31,1.47,4.61,-0.06,-0.19,163895.00,0.76
2015-04-30,-0.10,-0.11,0.48,4.08,14.26,-0.31,-0.97,170460.00,1.99
2015-05-01,0.04,0.04,0.50,1.42,4.77,0.11,0.38,169875.00,0.92
2015-05-04,-0.00,-0.00,0.50,1.14,3.83,-0.04,-0.13,169530.00,1.04
2015-05-05,-0.09,-0.09,0.56,2.77,10.20,-0.28,-0.94,170930.00,1.82
2015-05-06,0.03,0.02,0.57,1.90,6.82,-0.01,-0.04,169075.00,0.72
2015-05-07,0.07,0.07,0.63,2.26,7.60,0.87,3.12,179205.00,1.72
2015-05-08,-0.02,-0.02,0.61,1.66,5.71,0.01,0.03,184150.00,1.10
2015-05-11,0.04,0.04,0.63,1.41,4.66,0.11,0.38,210900.00,3.20
2015-05-12,0.01,0.01,0.64,1.73,5.64,-0.46,-1.52,224300.00,1.80
2015-05-13,-0.03,-0.03,0.64,1.83,6.17,0.12,0.39,228750.00,0.92
2015-05-14,0.02,0.02,0.65,1.99,6.54,0.32,1.08,233485.00,0.88
2015-05-15,0.01,0.01,0.65,1.38,4.47,0.04,0.13,235675.00,0.96
2015-05-18,0.06,0.06,0.69,2.97,9.05,-0.16,-0.52,247520.00,1.41
2015-05-19,-0.03,-0.03,0.70,1.81,5.67,0.05,0.15,249610.00,0.60
2015-05-20,0.01,0.01,0.70,1.13,3.49,0.22,0.69,248995.00,0.50
2015-05-21,-0.04,-0.04,0.71,2.44,7.84,-0.04,-0.12,239725.00,0.72
2015-05-22,0.01,0.01,0.71,0.92,2.92,0.03,0.10,241705.00,0.58
2015-05-26,0.02,0.02,0.69,1.31,4.09,-0.06,-0.19,235825.00,0.60
2015-05-27,-0.00,-0.00,0.69,1.17,3.67,0.26,0.81,233180.00,0.53
2015-05-28,0.00,0.00,0.69,0.94,2.94,-0.03,-0.09,236530.00,0.81
2015-05-29,0.01,0.01,0.57,1.00,3.09,0.05,0.16,228150.00,0.75
2015-06-01,-0.01,-0.01,0.56,2.19,6.85,0.34,1.05,231560.00,0.97
2015-06-02,0.01,0.01,0.56,1.94,6.02,-0.27,-0.84,230120.00,0.64
2015-06-03,0.02,0.02,0.45,1.04,3.17,0.21,0.65,220100.00,0.50
2015-06-04,-0.00,-0.00,0.45,1.15,3.51,-0.30,-0.91,219595.00,0.51
2015-06-05,0.03,0.03,0.40,1.81,5.37,-0.33,-1.01,210635.00,0.61
2015-06-08,-0.03,-0.03,0.40,1.32,4.02,0.04,0.12,207315.00,0.66
2015-06-09,-0.04,-0.04,0.41,2.44,7.73,-0.06,-0.18,184500.00,1.19
2015-06-10,0.01,0.01,0.41,1.33,4.18,0.08,0.25,172195.00,0.92
2015-06-11,0.06,0.06,0.43,1.79,5.31,0.15,0.47,169700.00,0.95
2015-06-12,0.01,0.01,0.43,0.92,2.71,-0.10,-0.30,168705.00,1.10
2015-06-15,0.04,0.04,0.44,1.84,5.20,-0.06,-0.18,180200.00,2.53
2015-06-16,-0.03,-0.03,0.41,1.73,5.05,-0.18,-0.51,173220.00,1.20
2015-06-17,0.02,0.02,0.40,0.79,2.26,0.11,0.32,176605.00,1.23
2015-06-18,0.05,0.05,0.43,1.75,4.75,0.38,1.09,188150.00,1.89
2015-06-19,-0.01,-0.01,0.40,0.62,1.70,0.06,0.16,194700.00,1.56
2015-06-22,0.04,0.04,0.42,1.76,4.63,0.44,1.21,199895.00,1.23
2015-06-23,0.00,0.00,0.42,1.06,2.78,-0.14,-0.37,206380.00,1.31
2015-06-24,-0.03,-0.03,0.44,1.56,4.23,-0.25,-0.66,212945.00,1.20
2015-06-25,-0.01,-0.01,0.45,1.78,4.89,0.12,0.33,211140.00,0.73
2015-06-26,0.00,0.00,0.45,2.21,6.06,0.24,0.66,262985.00,4.59
2015-06-29,-0.02,-0.02,0.45,1.58,4.43,-0.48,-1.32,264870.00,0.99
2015-06-30,0.06,0.06,0.50,2.33,6.14,0.54,1.51,273705.00,1.19
2015-07-01,-0.07,-0.08,0.58,2.82,8.02,-0.82,-2.16,290810.00,1.55
2015-07-02,0.00,0.00,0.57,0.80,2.27,0.03,0.09,289945.00,0.33
2015-07-06,0.04,0.04,0.59,2.63,7.14,-0.57,-1.62,295160.00,0.79
2015-07-07,0.00,0.00,0.57,1.66,4.51,-0.15,-0.41,297980.00,0.65
2015-07-08,-0.04,-0.04,0.58,1.81,5.12,-0.46,-1.25,300015.00,0.86
2015-07-09,0.01,0.01,0.58,1.84,5.14,0.54,1.53,303770.00,0.77
2015-07-10,0.08,0.08,0.61,2.82,7.26,0.50,1.40,311190.00,0.99
2015-07-13,0.02,0.02,0.61,1.38,3.50,0.15,0.39,313140.00,0.72
2015-07-14,-0.03,-0.04,0.62,1.28,3.36,-0.45,-1.14,303995.00,0.90
2015-07-15,-0.04,-0.05,0.63,1.19,3.27,-1.05,-2.76,402860.00,5.43
2015-07-16,0.01,0.01,0.63,1.57,4.30,0.19,0.52,423175.00,1.47
2015-07-17,0.03,0.03,0.61,1.40,3.73,0.35,0.96,427890.00,1.05
2015-07-20,0.00,0.00,0.61,1.21,3.22,0.22,0.59,429110.00,0.76
2015-07-21,0.00,0.00,0.59,1.96,5.20,0.22,0.59,436920.00,0.92
2015-07-22,0.03,0.03,0.60,2.31,5.95,-0.43,-1.14,438900.00,0.71
2015-07-23,-0.03,-0.03,0.60,1.97,5.24,0.16,0.41,437905.00,0.54
2015-07-24,-0.02,-0.02,0.60,1.87,5.09,-0.39,-1.04,451230.00,0.93
2015-07-27,-0.03,-0.03,0.61,2.50,7.03,-0.67,-1.82,409960.00,0.93
2015-07-28,0.05,0.05,0.64,2.38,6.38,0.37,1.04,410330.00,0.66
2015-07-29,-0.01,-0.01,0.59,1.41,3.81,0.06,0.16,408295.00,0.69
2015-07-30,0.00,0.00,0.53,1.49,4.01,0.16,0.43,395230.00,0.48
2015-07-31,0.01,0.01,0.53,1.82,4.84,0.05,0.13,419355.00,1.38
2015-08-03,0.01,0.01,0.51,2.70,7.14,-0.45,-1.20,421020.00,0.63
2015-08-04,-0.00,-0.00,0.51,0.96,2.55,0.35,0.93,421065.00,0.46
2015-08-05,0.01,0.01,0.48,0.94,2.48,0.50,1.33,414595.00,0.31
2015-08-06,-0.13,-0.13,0.66,6.36,19.20,0.42,1.11,433170.00,1.40
2015-08-07,0.03,0.03,0.59,1.69,4.95,-0.12,-0.36,445915.00,1.26
2015-08-10,-0.02,-0.02,0.59,2.38,7.08,0.48,1.41,459305.00,1.07
2015-08-11,-0.02,-0.02,0.58,1.30,3.94,-0.41,-1.22,472230.00,1.13
2015-08-12,-0.01,-0.01,0.56,2.10,6.45,-0.44,-1.33,379950.00,0.90
2015-08-13,-0.03,-0.03,0.57,2.59,8.21,0.16,0.49,364645.00,0.87
2015-08-14,-0.02,-0.02,0.56,1.96,6.36,0.04,0.13,355165.00,0.73
2015-08-17,0.04,0.04,0.59,2.36,7.35,-0.21,-0.68,350050.00,0.65
2015-08-18,-0.04,-0.04,0.60,1.50,4.87,-0.25,-0.78,345195.00,0.88
2015-08-19,-0.03,-0.03,0.58,1.70,5.68,-0.45,-1.46,348685.00,1.09
2015-08-20,-0.04,-0.04,0.59,1.34,4.65,-0.61,-2.04,351015.00,0.81
2015-08-21,-0.02,-0.02,0.59,2.39,8.50,-1.00,-3.47,343450.00,0.79
2015-08-24,-0.07,-0.07,0.62,3.75,14.31,-1.72,-6.12,338650.00,0.85
2015-08-25,-0.04,-0.04,0.57,2.38,9.42,1.18,4.50,346925.00,1.26
2015-08-26,0.05,0.05,0.61,1.80,6.81,0.95,3.76,348995.00,0.93
2015-08-27,-0.00,-0.00,0.61,1.71,6.50,0.24,0.91,359805.00,1.13
2015-08-28,0.03,0.03,0.63,1.20,4.42,-0.22,-0.84,343665.00,0.74
2015-08-31,-0.03,-0.03,0.63,1.85,7.02,-0.10,-0.37,340350.00,0.59
2015-09-01,-0.02,-0.02,0.62,1.09,4.23,-0.69,-2.62,342715.00,0.70
2015-09-02,0.04,0.03,0.65,1.62,6.07,0.40,1.55,347280.00,0.64
2015-09-03,-0.02,-0.02,0.50,0.98,3.74,0.22,0.82,331695.00,0.89
2015-09-04,-0.01,-0.01,0.48,1.30,5.02,-0.55,-2.10,308235.00,0.31
2015-09-08,0.06,0.05,0.54,1.43,5.23,0.70,2.70,292615.00,0.62
2015-09-09,-0.04,-0.04,0.55,1.42,5.41,0.15,0.55,273885.00,0.58
2015-09-10,0.00,0.00,0.55,0.76,2.88,0.03,0.11,269905.00,0.97
2015-09-11,0.01,0.01,0.55,0.95,3.57,-0.16,-0.61,266790.00,0.96
2015-09-14,0.00,0.00,0.55,1.00,3.74,-0.12,-0.45,265205.00,0.86
2015-09-15,0.02,0.02,0.53,1.06,3.89,-0.02,-0.07,260185.00,0.48
2015-09-16,0.01,0.01,0.51,1.02,3.70,0.14,0.51,255615.00,0.83
2015-09-17,0.02,0.02,0.51,1.29,4.58,-0.04,-0.15,248850.00,0.98
2015-09-18,0.02,0.02,0.50,1.37,4.79,-0.57,-2.03,265980.00,2.35
2015-09-21,-0.07,-0.08,0.56,3.35,12.64,0.31,1.08,268650.00,1.20
2015-09-22,-0.02,-0.02,0.51,1.32,5.07,-1.23,-4.64,276630.00,1.61
2015-09-23,0.02,0.02,0.49,1.10,4.16,0.02,0.08,266585.00,0.88
2015-09-24,0.00,0.00,0.46,1.38,5.19,-0.29,-1.10,271675.00,1.57
2015-09-25,-0.10,-0.10,0.58,3.11,12.96,0.33,1.24,286200.00,2.44
2015-09-28,-0.09,-0.10,0.64,2.46,11.29,-0.29,-1.21,296925.00,1.58
2015-09-29,-0.06,-0.06,0.66,2.76,13.41,-0.08,-0.37,309950.00,1.49
2015-09-30,0.04,0.04,0.68,1.62,7.56,0.57,2.77,325855.00,1.71
2015-10-01,-0.04,-0.04,0.67,1.83,8.89,-0.31,-1.45,331815.00,1.03
2015-10-02,0.09,0.08,0.75,2.24,10.01,-0.12,-0.58,332005.00,0.90
2015-10-05,0.02,0.02,0.76,2.20,9.67,0.42,1.88,339320.00,0.71
2015-10-06,-0.05,-0.05,0.74,2.54,11.79,-0.24,-1.05,342040.00,0.69
2015-10-07,0.07,0.07,0.79,2.22,9.61,0.08,0.37,356290.00,1.24
2015-10-08,0.02,0.02,0.79,1.44,6.13,-0.34,-1.47,372140.00,1.55
2015-10-09,0.01,0.01,0.79,0.94,3.96,-0.11,-0.47,367680.00,0.45
2015-10-12,0.00,0.00,0.79,0.62,2.60,0.27,1.14,372350.00,0.86
2015-10-13,0.05,0.05,0.82,3.03,12.05,-0.14,-0.59,414490.00,2.34
2015-10-14,-0.03,-0.03,0.82,2.53,10.39,0.16,0.64,441880.00,1.72
2015-10-15,0.06,0.06,0.85,1.68,6.51,0.02,0.08,454555.00,1.10
2015-10-16,0.01,0.01,0.85,1.40,5.38,0.13,0.50,439510.00,0.74
2015-10-19,0.13,0.12,0.92,3.92,13.39,-0.05,-0.19,459980.00,1.59
2015-10-20,-0.02,-0.02,0.92,1.19,4.14,-0.19,-0.65,456145.00,0.81
2015-10-21,0.02,0.02,0.92,1.87,6.42,0.63,2.19,464190.00,0.85
2015-10-22,-0.03,-0.03,0.93,2.39,8.48,0.35,1.20,471475.00,1.21
2015-10-23,0.04,0.04,0.86,1.07,3.64,0.68,2.41,456585.00,0.88
2015-10-26,0.01,0.01,0.76,1.85,6.23,0.00,0.00,441465.00,0.38
2015-10-27,0.02,0.02,0.71,1.07,3.52,-0.22,-0.74,431245.00,0.60
2015-10-28,0.06,0.06,0.72,2.94,9.14,-0.24,-0.79,423365.00,0.95
2015-10-29,-0.03,-0.03,0.71,1.82,5.82,-0.01,-0.03,417445.00,0.53
2015-10-30,-0.01,-0.01,0.68,0.89,2.86,-0.25,-0.80,408930.00,0.31
2015-11-02,0.07,0.07,0.71,2.43,7.28,0.24,0.77,409210.00,0.60
2015-11-03,-0.01,-0.02,0.66,1.89,5.75,-0.37,-1.11,409840.00,0.60
2015-11-04,-0.01,-0.01,0.64,1.93,5.91,0.16,0.49,408215.00,1.00
2015-11-05,-0.04,-0.04,0.67,1.69,5.38,-0.75,-2.30,389920.00,0.54
2015-11-06,0.02,0.02,0.67,1.76,5.47,-0.27,-0.86,389745.00,0.42
2015-11-09,0.03,0.03,0.68,2.50,7.52,0.22,0.68,387985.00,0.74
2015-11-10,0.01,0.01,0.66,1.27,3.79,0.02,0.06,354990.00,0.87
2015-11-11,-0.03,-0.03,0.66,1.60,4.91,0.25,0.75,325400.00,0.52
2015-11-12,-0.03,-0.04,0.66,1.19,3.78,-0.27,-0.83,310645.00,0.65
2015-11-13,0.01,0.01,0.66,2.21,6.93,-0.32,-1.02,304485.00,0.66
2015-11-16,0.02,0.02,0.51,1.91,5.89,-0.47,-1.47,281940.00,1.00
2015-11-17,0.02,0.02,0.50,1.62,4.91,-0.10,-0.31,274020.00,0.77
2015-11-18,0.03,0.03,0.51,1.40,4.11,0.17,0.51,272900.00,1.37
2015-11-19,-0.05,-0.05,0.52,3.19,9.82,0.10,0.29,257285.00,1.01
2015-11-20,0.03,0.03,0.52,1.54,4.58,0.37,1.14,244625.00,0.60
2015-11-23,0.03,0.03,0.52,1.98,5.71,0.07,0.21,250615.00,1.14
2015-11-24,-0.01,-0.01,0.53,1.58,4.61,-0.06,-0.17,247400.00,0.78
2015-11-25,0.03,0.03,0.50,1.57,4.45,0.10,0.29,237080.00,0.82
2015-11-27,0.01,0.01,0.48,0.79,2.23,0.06,0.17,228510.00,0.22
2015-11-30,-0.03,-0.03,0.49,1.89,5.47,0.06,0.17,234530.00,1.06
2015-12-01,-0.01,-0.01,0.42,1.20,3.49,0.23,0.67,235715.00,1.15
2015-12-02,0.01,0.01,0.42,1.28,3.69,0.03,0.09,232970.00,0.82
2015-12-03,-0.05,-0.05,0.46,2.48,7.49,0.10,0.29,220915.00,0.77
2015-12-04,0.04,0.04,0.45,1.83,5.31,0.01,0.03,223450.00,1.17
2015-12-07,-0.05,-0.06,0.49,2.61,8.01,0.00,0.00,226500.00,0.99
2015-12-08,0.02,0.02,0.48,2.42,7.30,-0.65,-1.99,221520.00,0.84
2015-12-09,-0.04,-0.04,0.50,1.58,4.98,-0.09,-0.27,213095.00,0.66
2015-12-10,-0.01,-0.01,0.49,1.58,5.06,0.15,0.47,217410.00,1.17
2015-12-11,-0.05,-0.06,0.52,1.67,5.65,-0.85,-2.72,229215.00,1.92
2015-12-14,-0.00,-0.00,0.51,1.39,4.72,0.11,0.37,236840.00,1.49
2015-12-15,0.02,0.02,0.51,1.67,5.56,0.35,1.19,241115.00,1.52
2015-12-16,0.04,0.04,0.54,1.29,4.11,0.34,1.13,244230.00,1.12
2015-12-17,-0.00,-0.00,0.52,1.77,5.66,-0.13,-0.41,236585.00,0.93
2015-12-18,0.01,0.01,0.49,1.35,4.30,-0.20,-0.64,327910.00,6.36
2015-12-21,0.00,0.00,0.48,1.35,4.29,0.35,1.11,329060.00,0.52
2015-12-22,-0.02,-0.02,0.46,1.23,4.00,0.10,0.32,324570.00,0.61
2015-12-23,0.01,0.01,0.47,0.94,3.02,0.18,0.59,320960.00,0.37
2015-12-24,0.01,0.01,0.45,0.59,1.89,0.05,0.16,315880.00,0.29
2015-12-28,-0.03,-0.03,0.45,1.60,5.27,-0.11,-0.35,319540.00,0.39
2015-12-29,0.03,0.03,0.47,1.44,4.60,0.24,0.79,316940.00,0.62
2015-12-30,-0.00,-0.00,0.47,0.82,2.63,-0.22,-0.70,310980.00,0.49
2015-12-31,-0.01,-0.01,0.46,0.92,2.97,-0.18,-0.58,310590.00,0.59
2016-01-04,-0.05,-0.05,0.47,1.64,5.58,-0.75,-2.42,315580.00,0.85
2016-01-05,-0.03,-0.03,0.44,1.58,5.54,0.05,0.17,315505.00,0.83
2016-01-06,-0.03,-0.03,0.42,1.57,5.68,-0.65,-2.28,316855.00,0.79
2016-01-07,-0.06,-0.06,0.44,1.43,5.49,-0.80,-2.90,319785.00,0.77
2016-01-08,-0.05,-0.05,0.45,2.20,8.86,0.12,0.46,323610.00,0.67
2016-01-11,-0.07,-0.07,0.49,2.23,9.62,0.20,0.81,325485.00,0.90
2016-01-12,0.07,0.07,0.55,1.83,7.36,0.61,2.63,322325.00,1.17
2016-01-13,-0.09,-0.10,0.63,2.85,12.64,-0.04,-0.16,323160.00,1.15
2016-01-14,0.06,0.05,0.66,2.54,10.68,0.19,0.84,320935.00,1.01
2016-01-15,-0.06,-0.06,0.65,1.92,8.56,-1.21,-5.09,320585.00,0.83
2016-01-19,-0.03,-0.03,0.65,1.90,8.68,0.57,2.54,323695.00,0.87
2016-01-20,0.00,0.00,0.65,2.32,10.56,-0.39,-1.78,235690.00,1.39
2016-01-21,-0.03,-0.03,0.65,1.40,6.59,0.13,0.59,239290.00,1.01
2016-01-22,0.05,0.05,0.69,1.29,5.78,0.76,3.58,241770.00,1.02
2016-01-25,-0.00,-0.00,0.69,1.96,8.79,-0.15,-0.67,251415.00,1.25
2016-01-26,-0.01,-0.01,0.69,1.31,5.91,0.05,0.22,255865.00,0.71
2016-01-27,-0.07,-0.08,0.71,1.88,9.15,0.00,0.00,262030.00,0.94
2016-01-28,-0.05,-0.05,0.70,3.27,16.78,0.20,0.97,265875.00,1.02
2016-01-29,0.03,0.03,0.72,1.38,6.86,0.00,0.00,272430.00,1.04
2016-02-01,0.03,0.03,0.74,1.78,8.62,-0.10,-0.50,274040.00,0.79
2016-02-02,-0.05,-0.05,0.74,1.01,5.13,-0.30,-1.45,270980.00,0.77
2016-02-03,-0.06,-0.06,0.75,2.28,12.30,0.15,0.76,273060.00,1.11
2016-02-04,0.04,0.03,0.77,2.25,11.73,-0.03,-0.16,271070.00,0.78
2016-02-05,-0.05,-0.05,0.77,1.68,9.22,-0.21,-1.09,275895.00,1.24
2016-02-08,-0.11,-0.12,0.83,2.53,15.61,-0.32,-1.76,285220.00,1.41
2016-02-09,0.00,0.00,0.82,1.31,8.08,-0.34,-2.10,282400.00,0.84
2016-02-10,-0.01,-0.01,0.75,1.55,9.65,0.15,0.93,273975.00,0.76
2016-02-11,-0.05,-0.05,0.71,1.22,7.97,-0.41,-2.55,273885.00,1.35
2016-02-12,0.07,0.07,0.73,1.42,8.67,0.36,2.35,268885.00,0.83
2016-02-16,0.03,0.03,0.73,1.32,7.82,0.26,1.59,268215.00,0.94
2016-02-17,0.04,0.04,0.75,1.41,8.04,0.18,1.07,270075.00,1.18
2016-02-18,-0.02,-0.02,0.75,1.34,7.81,0.49,2.79,269035.00,1.14
2016-02-19,0.02,0.02,0.75,1.22,7.00,-0.19,-1.11,268835.00,0.88
2016-02-22,0.01,0.01,0.72,1.00,5.71,0.52,2.99,268265.00,0.88
2016-02-23,-0.10,-0.11,0.79,1.81,11.54,-0.09,-0.51,263350.00,0.82
2016-02-24,0.00,0.00,0.79,1.13,7.18,-0.21,-1.34,266555.00,0.92
2016-02-25,-0.03,-0.03,0.77,1.26,8.25,0.19,1.21,265885.00,0.88
2016-02-26,0.04,0.03,0.77,1.13,7.14,0.13,0.85,266110.00,1.04
2016-02-29,0.01,0.01,0.76,0.99,6.20,-0.05,-0.32,269745.00,1.32
2016-03-01,0.04,0.04,0.77,1.67,10.04,-0.07,-0.44,282430.00,1.67
2016-03-02,0.03,0.03,0.77,1.44,8.43,0.07,0.42,293165.00,1.44
2016-03-03,0.00,0.00,0.74,0.75,4.38,-0.03,-0.18,294490.00,1.12
2016-03-04,0.09,0.08,0.80,1.81,9.73,0.39,2.28,308885.00,1.61
2016-03-07,0.05,0.05,0.79,1.69,8.68,-0.19,-1.02,307365.00,1.01
2016-03-08,-0.08,-0.09,0.74,2.09,11.70,-0.10,-0.51,302585.00,1.02
2016-03-09,-0.03,-0.03,0.75,1.28,7.39,0.12,0.67,303130.00,0.82
2016-03-10,-0.04,-0.04,0.77,1.94,11.68,0.21,1.21,308695.00,1.03
2016-03-11,0.06,0.06,0.77,1.27,7.22,0.11,0.66,304105.00,0.91
2016-03-14,-0.01,-0.01,0.74,0.85,4.86,-0.12,-0.68,305860.00,0.84
2016-03-15,-0.08,-0.09,0.79,1.20,7.48,-0.29,-1.66,310925.00,1.14
2016-03-16,-0.01,-0.01,0.77,1.18,7.43,-0.01,-0.06,306785.00,0.77
2016-03-17,-0.05,-0.05,0.79,1.11,7.33,-0.12,-0.76,312045.00,1.32
2016-03-18,0.07,0.06,0.82,1.21,7.49,0.27,1.78,322940.00,1.41
2016-03-21,0.04,0.04,0.84,1.23,7.33,-0.07,-0.43,322900.00,0.72
2016-03-22,0.04,0.04,0.75,0.87,5.00,-0.11,-0.66,324750.00,0.78
2016-03-23,-0.08,-0.09,0.82,1.71,10.72,0.00,0.00,326555.00,0.86
2016-03-24,0.03,0.03,0.81,1.69,10.32,-0.15,-0.94,324675.00,0.60
2016-03-28,-0.03,-0.03,0.81,1.00,6.26,0.11,0.67,323030.00,0.76
2016-03-29,0.07,0.07,0.85,1.70,9.91,-0.03,-0.19,315505.00,0.65
2016-03-30,0.00,0.00,0.84,1.49,8.65,0.21,1.22,301605.00,0.64
2016-03-31,0.09,0.08,0.89,1.82,9.71,0.14,0.81,297605.00,1.15
2016-04-01,0.01,0.01,0.89,1.01,5.32,-0.21,-1.12,295355.00,0.96
2016-04-04,0.05,0.04,0.85,1.27,6.40,0.16,0.84,287810.00,1.21
2016-04-05,-0.02,-0.02,0.84,1.00,5.16,-0.33,-1.66,284250.00,0.85
2016-04-06,0.10,0.10,0.86,1.94,9.06,0.15,0.77,286035.00,1.20
2016-04-07,-0.05,-0.05,0.87,1.61,7.92,-0.29,-1.35,286320.00,0.88
2016-04-08,0.01,0.01,0.85,1.40,6.85,0.65,3.20,282985.00,0.89
2016-04-11,0.01,0.01,0.83,1.70,8.22,0.23,1.13,281180.00,0.86
2016-04-12,0.01,0.01,0.83,0.80,3.84,0.06,0.29,282820.00,1.03
2016-04-13,0.04,0.03,0.76,1.18,5.48,0.24,1.15,275255.00,0.74
2016-04-14,-0.00,-0.00,0.76,0.86,4.01,0.04,0.19,273775.00,0.76
2016-04-15,0.03,0.03,0.72,1.25,5.63,-0.11,-0.51,263025.00,0.75
2016-04-18,-0.02,-0.02,0.71,0.73,3.35,-0.12,-0.54,253510.00,1.05
2016-04-19,-0.04,-0.05,0.74,1.56,7.49,0.07,0.32,257725.00,1.24
2016-04-20,0.01,0.01,0.73,1.16,5.52,0.24,1.15,255920.00,0.84
2016-04-21,0.03,0.03,0.65,1.30,6.00,-0.12,-0.57,256010.00,1.11
2016-04-22,0.03,0.03,0.65,1.31,5.86,0.11,0.51,255305.00,0.71
2016-04-25,-0.02,-0.02,0.64,0.99,4.50,-0.15,-0.67,252310.00,0.73
2016-04-26,-0.03,-0.03,0.62,0.93,4.35,-0.03,-0.14,256470.00,1.12
2016-04-27,-0.01,-0.01,0.63,0.80,3.80,-0.12,-0.56,254635.00,0.61
2016-04-28,-0.01,-0.01,0.56,1.17,5.61,-0.16,-0.76,248750.00,0.90
2016-04-29,-0.01,-0.01,0.57,0.89,4.33,-0.17,-0.82,246650.00,0.98
2016-05-02,0.01,0.01,0.55,1.27,6.10,-0.03,-0.15,244170.00,1.22
2016-05-03,-0.04,-0.04,0.56,1.07,5.35,-0.32,-1.54,245930.00,1.12
2016-05-04,-0.03,-0.03,0.42,0.66,3.39,-0.23,-1.15,246575.00,1.44
2016-05-05,-0.03,-0.03,0.39,2.68,14.22,-1.00,-5.14,263685.00,2.26
2016-05-06,-0.04,-0.04,0.41,0.98,5.40,-0.23,-1.22,261995.00,0.83
2016-05-09,0.04,0.03,0.43,0.78,4.15,0.03,0.17,273500.00,1.72
2016-05-10,-0.01,-0.01,0.43,0.99,5.32,0.00,0.00,270780.00,0.87
2016-05-11,-0.05,-0.05,0.43,1.31,7.43,-0.02,-0.11,268720.00,0.60
2016-05-12,-0.05,-0.05,0.45,1.30,7.73,0.18,1.02,277190.00,1.36
2016-05-13,0.03,0.03,0.45,1.35,7.76,-0.05,-0.30,275255.00,0.57
2016-05-16,0.05,0.05,0.50,1.36,7.46,0.17,0.98,275600.00,0.99
2016-05-17,-0.01,-0.01,0.48,0.84,4.66,-0.06,-0.33,271285.00,0.86
2016-05-18,0.17,0.15,0.78,2.51,11.92,1.95,10.81,319865.00,3.71
2016-05-19,0.01,0.01,0.78,1.04,4.88,-0.18,-0.85,329905.00,1.47
2016-05-20,0.06,0.06,0.80,1.19,5.26,0.15,0.70,335665.00,0.89
2016-05-23,0.00,0.00,0.80,0.90,3.97,-0.12,-0.53,339740.00,0.78
2016-05-24,0.04,0.04,0.79,0.91,3.88,0.31,1.37,338245.00,0.76
2016-05-25,0.04,0.04,0.80,1.18,4.84,0.34,1.45,347895.00,1.00
2016-05-26,-0.02,-0.02,0.80,0.49,2.05,-0.06,-0.25,349250.00,0.72
2016-05-27,0.02,0.02,0.80,1.49,6.08,0.02,0.08,348805.00,0.67
2016-05-31,0.04,0.04,0.81,1.29,5.05,0.25,1.02,348020.00,0.81
2016-06-01,0.01,0.01,0.79,1.27,4.90,-0.12,-0.47,346300.00,0.70
2016-06-02,0.06,0.06,0.78,1.74,6.34,-0.06,-0.23,341630.00,0.77
2016-06-03,-0.04,-0.04,0.79,1.14,4.32,-0.14,-0.51,327145.00,0.93
2016-06-06,0.07,0.07,0.78,2.41,8.55,0.09,0.34,330495.00,0.86
2016-06-07,-0.01,-0.01,0.79,0.90,3.23,-0.29,-1.03,320730.00,0.86
2016-06-08,-0.01,-0.01,0.79,0.92,3.35,0.10,0.36,320105.00,0.70
2016-06-09,-0.01,-0.01,0.75,0.65,2.38,-0.32,-1.16,326800.00,0.90
2016-06-10,-0.04,-0.04,0.75,0.94,3.59,-0.45,-1.65,319105.00,0.70
2016-06-13,0.01,0.01,0.75,1.16,4.40,-0.32,-1.22,329595.00,1.11
2016-06-14,-0.04,-0.04,0.77,1.87,7.39,-0.05,-0.19,331130.00,0.91
2016-06-15,0.01,0.01,0.76,1.19,4.65,0.26,1.03,334535.00,0.90
2016-06-16,-0.00,-0.00,0.53,0.82,3.22,-0.21,-0.82,288100.00,0.90
2016-06-17,-0.04,-0.05,0.56,1.71,7.02,0.07,0.27,290825.00,1.85
2016-06-20,0.01,0.01,0.52,0.98,3.99,0.50,2.05,288335.00,0.86
2016-06-21,-0.01,-0.01,0.53,1.15,4.73,0.10,0.41,284670.00,0.68
2016-06-22,0.00,0.00,0.51,1.98,8.12,-0.02,-0.08,281980.00,0.72
2016-06-23,0.08,0.08,0.57,2.14,8.11,0.40,1.64,279355.00,1.06
2016-06-24,-0.09,-0.09,0.65,1.53,6.34,-1.59,-6.03,284105.00,1.22
2016-06-27,-0.04,-0.05,0.67,2.52,10.93,-0.14,-0.58,290280.00,1.23
2016-06-28,0.12,0.12,0.79,3.47,13.42,0.62,2.69,297295.00,1.42
2016-06-29,0.04,0.04,0.80,1.60,5.95,0.60,2.32,301765.00,1.10
2016-06-30,0.00,0.00,0.77,1.23,4.56,0.04,0.15,317000.00,1.79
2016-07-01,0.01,0.01,0.76,0.93,3.42,-0.10,-0.37,317000.00,0.96
2016-07-05,-0.04,-0.04,0.73,0.88,3.36,-0.39,-1.43,313515.00,0.69
2016-07-06,0.00,0.00,0.73,1.07,4.08,-0.26,-0.99,317120.00,1.10
2016-07-07,-0.01,-0.01,0.73,1.16,4.48,0.18,0.69,319155.00,0.83
2016-07-08,0.05,0.05,0.75,1.47,5.42,0.03,0.12,317460.00,0.82
2016-07-11,-0.00,-0.00,0.73,0.87,3.21,0.37,1.36,315690.00,0.59
2016-07-12,0.02,0.02,0.73,1.15,4.18,0.44,1.62,307770.00,0.68
2016-07-13,-0.05,-0.05,0.74,1.73,6.60,0.21,0.76,301395.00,0.58
2016-07-14,0.01,0.01,0.74,1.25,4.72,0.51,1.95,294420.00,0.55
2016-07-15,0.03,0.03,0.74,1.60,5.87,0.13,0.49,292790.00,0.77
2016-07-18,0.04,0.04,0.73,1.61,5.66,0.11,0.40,280800.00,1.07
2016-07-19,-0.05,-0.05,0.76,1.83,6.76,-0.15,-0.53,280590.00,0.87
2016-07-20,0.06,0.06,0.78,2.04,7.08,0.16,0.59,281255.00,0.73
2016-07-21,-0.00,-0.00,0.78,1.42,4.94,0.36,1.25,281060.00,0.71
2016-07-22,0.01,0.01,0.74,0.92,3.17,0.01,0.03,271635.00,0.40
2016-07-25,-0.01,-0.01,0.65,0.92,3.19,0.12,0.41,259500.00,0.40
2016-07-26,0.01,0.01,0.62,0.80,2.76,-0.25,-0.87,248960.00,0.59
2016-07-27,0.03,0.03,0.48,0.92,3.07,0.19,0.66,234990.00,0.61
2016-07-28,0.00,0.00,0.46,0.67,2.23,-0.09,-0.30,230850.00,1.07
2016-07-29,0.02,0.02,0.47,1.71,5.59,-0.19,-0.63,209630.00,0.68
2016-08-01,0.01,0.01,0.47,0.76,2.46,0.24,0.78,208360.00,1.34
2016-08-02,-0.02,-0.02,0.45,1.20,3.96,-0.07,-0.23,209635.00,1.15
2016-08-03,0.04,0.04,0.47,1.78,5.63,-0.24,-0.79,203660.00,1.12
2016-08-04,0.02,0.02,0.46,4.65,14.37,-0.23,-0.73,216250.00,2.39
2016-08-05,-0.03,-0.03,0.46,1.22,3.87,-0.02,-0.06,214540.00,1.06
2016-08-08,-0.03,-0.03,0.47,1.83,5.98,0.17,0.54,215260.00,0.94
2016-08-09,0.02,0.02,0.48,1.39,4.44,0.16,0.52,213105.00,0.78
2016-08-10,-0.05,-0.05,0.47,1.60,5.35,-0.50,-1.60,211835.00,0.71
2016-08-11,0.04,0.04,0.49,1.83,5.88,0.32,1.07,214630.00,1.01
2016-08-12,0.00,0.00,0.48,1.17,3.74,-0.19,-0.61,213140.00,0.92
2016-08-15,0.02,0.02,0.47,1.85,5.81,0.16,0.51,216275.00,1.67
2016-08-16,-0.01,-0.01,0.43,1.15,3.65,-0.20,-0.63,216315.00,1.13
2016-08-17,-0.02,-0.02,0.38,0.98,3.17,-0.01,-0.03,215235.00,0.85
2016-08-18,0.01,0.01,0.38,0.68,2.18,0.01,0.03,212460.00,0.68
2016-08-19,-0.02,-0.02,0.39,0.75,2.45,-0.08,-0.26,215115.00,0.75
2016-08-22,0.04,0.04,0.40,1.34,4.21,0.24,0.78,218250.00,0.76
2016-08-23,-0.01,-0.01,0.41,0.59,1.88,-0.10,-0.31,220450.00,0.86
2016-08-24,-0.07,-0.07,0.47,2.98,10.19,-0.08,-0.25,225555.00,1.09
2016-08-25,0.00,0.00,0.47,1.59,5.43,0.11,0.38,222870.00,0.87
2016-08-26,0.03,0.03,0.47,0.82,2.73,0.15,0.51,226980.00,0.99
2016-08-29,-0.00,-0.00,0.47,0.72,2.40,0.14,0.47,222790.00,0.88
2016-08-30,0.00,0.00,0.47,0.93,3.10,0.03,0.10,222920.00,1.09
2016-08-31,-0.01,-0.01,0.44,0.88,2.95,-0.05,-0.17,222555.00,0.99
2016-09-01,0.01,0.01,0.43,0.65,2.16,0.02,0.07,207505.00,1.04
2016-09-02,-0.01,-0.01,0.42,0.84,2.83,0.21,0.70,200815.00,0.47
2016-09-06,0.01,0.01,0.41,0.97,3.24,0.34,1.15,205800.00,1.46
2016-09-07,0.00,0.00,0.41,1.09,3.63,0.72,2.40,207660.00,0.98
2016-09-08,0.00,0.00,0.37,0.74,2.46,-0.11,-0.37,209375.00,0.88
2016-09-09,-0.05,-0.05,0.38,1.51,5.29,-0.40,-1.33,208720.00,0.97
2016-09-12,0.03,0.03,0.40,1.65,5.60,-0.19,-0.67,221545.00,2.04
2016-09-13,-0.04,-0.04,0.41,1.83,6.44,-0.38,-1.29,218120.00,1.35
2016-09-14,0.02,0.02,0.41,1.25,4.32,0.26,0.91,216930.00,1.02
2016-09-15,0.04,0.04,0.43,1.42,4.74,0.07,0.24,215445.00,0.72
2016-09-16,0.04,0.04,0.46,1.90,6.07,0.07,0.23,231460.00,2.01
2016-09-19,-0.01,-0.01,0.46,1.27,4.12,0.24,0.77,230600.00,0.62
2016-09-20,0.01,0.01,0.44,1.19,3.80,0.34,1.10,229320.00,0.62
2016-09-21,0.00,0.00,0.44,1.40,4.46,0.24,0.77,230230.00,0.90
2016-09-22,0.00,0.00,0.36,0.83,2.64,0.29,0.92,225715.00,0.69
2016-09-23,-0.00,-0.00,0.36,1.40,4.47,-0.03,-0.10,231935.00,1.37
2016-09-26,-0.01,-0.01,0.35,1.10,3.54,0.69,2.20,227035.00,0.56
2016-09-27,0.04,0.03,0.37,1.44,4.48,-0.14,-0.45,232790.00,1.34
2016-09-28,0.01,0.01,0.37,0.77,2.38,0.17,0.53,232180.00,1.00
2016-09-29,-0.09,-0.10,0.50,3.18,10.81,0.09,0.28,234760.00,1.16
2016-09-30,0.02,0.02,0.50,1.00,3.34,0.25,0.85,232530.00,0.74
2016-10-03,-0.01,-0.01,0.50,1.12,3.79,-0.27,-0.90,238665.00,0.91
2016-10-04,-0.01,-0.01,0.50,1.03,3.52,0.09,0.30,232435.00,0.76
2016-10-05,0.03,0.03,0.51,1.13,3.76,0.07,0.24,228650.00,0.56
2016-10-06,-0.01,-0.01,0.51,0.92,3.09,-0.16,-0.53,228270.00,0.77
2016-10-07,-0.00,-0.00,0.48,0.99,3.34,0.51,1.71,229780.00,1.02
2016-10-10,0.04,0.04,0.49,1.10,3.56,0.43,1.45,212740.00,0.53
2016-10-11,-0.04,-0.05,0.50,1.90,6.44,-0.47,-1.52,204485.00,0.63
2016-10-12,-0.09,-0.09,0.59,3.53,13.14,-0.14,-0.47,209165.00,1.50
2016-10-13,-0.02,-0.02,0.57,1.26,4.77,-0.51,-1.90,215880.00,1.34
2016-10-14,-0.05,-0.05,0.56,1.58,6.29,0.09,0.34,210755.00,1.72
2016-10-17,0.01,0.01,0.56,1.38,5.46,0.07,0.28,218950.00,1.40
2016-10-18,0.01,0.01,0.56,0.82,3.20,0.39,1.54,220640.00,0.79
2016-10-19,-0.05,-0.05,0.58,1.28,5.27,-0.02,-0.08,217095.00,0.63
2016-10-20,0.04,0.04,0.61,1.59,6.27,-0.15,-0.62,221790.00,1.12
2016-10-21,0.01,0.01,0.61,2.32,9.07,-0.15,-0.59,214315.00,0.79
2016-10-24,-0.01,-0.01,0.61,1.26,4.97,0.67,2.62,218175.00,0.94
2016-10-25,-0.02,-0.02,0.59,0.80,3.23,0.07,0.28,208350.00,0.55
2016-10-26,-0.01,-0.01,0.59,0.98,4.00,0.01,0.04,201965.00,0.51
2016-10-27,-0.03,-0.03,0.51,1.35,5.66,0.34,1.39,195925.00,0.77
2016-10-28,-0.00,-0.00,0.51,0.97,4.08,-0.15,-0.63,195910.00,0.87
2016-10-31,-0.00,-0.00,0.51,0.59,2.49,0.06,0.25,191535.00,0.67
2016-11-01,0.00,0.00,0.51,1.05,4.41,0.05,0.21,188650.00,0.63
2016-11-02,-0.09,-0.09,0.56,2.45,11.27,0.30,1.26,199045.00,1.68
2016-11-03,-0.08,-0.09,0.61,2.37,11.90,-0.24,-1.10,220240.00,2.73
2016-11-04,0.05,0.05,0.65,1.17,5.61,0.05,0.25,220780.00,1.11
2016-11-07,0.07,0.07,0.69,1.35,6.04,0.62,2.97,228160.00,1.14
2016-11-08,0.01,0.01,0.69,1.38,6.14,-0.22,-0.98,229075.00,0.64
2016-11-09,0.20,0.18,0.97,3.80,14.07,1.30,5.78,239655.00,2.19
2016-11-10,0.03,0.03,0.98,1.60,5.74,0.81,3.00,250150.00,1.99
2016-11-11,0.06,0.06,0.98,2.52,8.49,-0.18,-0.65,253875.00,1.72
2016-11-14,0.04,0.04,0.98,2.47,7.98,0.31,1.04,264920.00,1.99
2016-11-15,-0.00,-0.00,0.98,2.19,7.09,-0.15,-0.48,269025.00,0.96
2016-11-16,-0.06,-0.06,0.99,2.14,7.38,0.13,0.42,272950.00,0.79
2016-11-17,-0.00,-0.00,0.99,1.08,3.73,0.16,0.55,273375.00,0.94
2016-11-18,-0.03,-0.03,0.99,1.43,5.08,0.21,0.73,273345.00,0.62
2016-11-21,-0.02,-0.02,1.00,1.23,4.48,-0.06,-0.21,275005.00,0.86
2016-11-22,-0.01,-0.01,0.99,1.34,4.93,0.02,0.07,279610.00,0.74
2016-11-23,0.03,0.03,1.00,2.09,7.49,-0.70,-2.58,294155.00,1.34
2016-11-25,0.01,0.01,0.99,1.93,6.86,0.09,0.32,291855.00,0.36
2016-11-28,-0.03,-0.03,1.00,1.53,5.60,-0.14,-0.50,295425.00,0.82
2016-11-29,0.01,0.01,0.99,1.07,3.89,0.18,0.66,296450.00,0.50
2016-11-30,-0.06,-0.06,1.02,2.30,8.87,0.16,0.58,300645.00,0.68
2016-12-01,-0.06,-0.06,1.00,2.17,8.93,0.14,0.54,297485.00,0.91
2016-12-02,0.08,0.08,0.97,2.90,11.04,-0.09,-0.37,281240.00,0.98
2016-12-05,0.03,0.03,0.96,1.83,6.76,0.44,1.67,283370.00,1.01
2016-12-06,0.04,0.04,0.94,1.92,6.80,0.08,0.30,284270.00,0.98
2016-12-07,-0.06,-0.06,0.98,2.53,9.56,-0.45,-1.59,287380.00,0.73
2016-12-08,0.03,0.03,0.68,2.14,7.86,-0.14,-0.53,272675.00,0.85
2016-12-09,-0.00,-0.00,0.67,1.54,5.67,0.38,1.40,258730.00,0.85
2016-12-12,-0.06,-0.06,0.66,1.64,6.44,-0.35,-1.29,251745.00,1.18
2016-12-13,-0.08,-0.08,0.68,2.78,11.87,0.32,1.26,250400.00,2.00
2016-12-14,-0.15,-0.17,0.84,3.80,19.18,-0.24,-1.02,299080.00,4.11
2016-12-15,-0.01,-0.01,0.83,0.87,4.43,0.24,1.21,329165.00,2.48
2016-12-16,0.03,0.03,0.85,1.19,5.87,0.03,0.15,344370.00,1.63
2016-12-19,-0.02,-0.02,0.85,1.04,5.25,-0.16,-0.79,348415.00,0.72
2016-12-20,0.00,0.00,0.85,1.22,6.13,0.66,3.33,347685.00,0.64
2016-12-21,-0.05,-0.05,0.86,1.10,5.82,-0.10,-0.50,349295.00,0.68
2016-12-22,-0.03,-0.03,0.84,0.75,4.08,0.06,0.32,348435.00,1.08
2016-12-23,0.07,0.06,0.89,1.22,6.23,0.07,0.38,365580.00,1.23
2016-12-27,-0.01,-0.01,0.89,0.96,4.95,0.14,0.72,363360.00,0.54
2016-12-28,0.02,0.02,0.90,0.98,4.95,0.05,0.26,369895.00,0.76
2016-12-29,0.01,0.01,0.89,0.68,3.39,0.02,0.10,374275.00,0.78
2016-12-30,0.02,0.02,0.87,0.63,3.08,0.02,0.10,376705.00,0.85
2017-01-03,-0.03,-0.03,0.81,1.39,7.01,0.34,1.66,376320.00,0.71
2017-01-04,0.02,0.02,0.80,0.87,4.30,0.09,0.45,380630.00,0.98
2017-01-05,-0.01,-0.01,0.78,1.13,5.66,0.12,0.59,380245.00,0.71
2017-01-06,0.01,0.01,0.76,1.00,4.95,0.02,0.10,389975.00,1.04
2017-01-09,-0.03,-0.03,0.75,1.06,5.39,0.24,1.19,398970.00,1.03
2017-01-10,0.05,0.05,0.79,1.41,6.80,0.12,0.61,400945.00,0.65
2017-01-11,-0.04,-0.04,0.78,1.58,7.96,-0.12,-0.58,407380.00,1.05
2017-01-12,0.00,0.00,0.73,1.13,5.70,-0.33,-1.66,390290.00,0.41
2017-01-13,0.02,0.02,0.49,1.14,5.64,0.02,0.10,342540.00,0.80
2017-01-17,-0.04,-0.04,0.51,0.84,4.34,-0.31,-1.53,314285.00,0.80
2017-01-18,-0.00,-0.00,0.50,0.61,3.16,0.20,1.03,297500.00,0.76
2017-01-19,0.00,0.00,0.49,0.49,2.54,-0.01,-0.05,294990.00,0.67
2017-01-20,0.01,0.01,0.50,0.51,2.61,0.05,0.26,296105.00,0.83
2017-01-23,-0.01,-0.01,0.46,0.65,3.35,-0.09,-0.46,298285.00,0.95
2017-01-24,-0.05,-0.05,0.48,1.52,8.21,0.04,0.21,300550.00,1.41
2017-01-25,0.00,0.00,0.41,0.57,3.07,0.12,0.65,290305.00,0.84
2017-01-26,-0.02,-0.02,0.42,0.64,3.51,0.02,0.11,288185.00,0.54
2017-01-27,0.01,0.01,0.41,0.48,2.61,0.05,0.27,282320.00,0.58
2017-01-30,-0.03,-0.03,0.41,0.57,3.18,-0.14,-0.76,274950.00,0.52
2017-01-31,0.03,0.03,0.42,0.95,5.14,-0.22,-1.23,272250.00,0.98
2017-02-01,-0.01,-0.01,0.41,0.55,3.00,0.09,0.49,269510.00,0.79
2017-02-02,-0.01,-0.01,0.40,0.66,3.62,-0.12,-0.65,257565.00,0.52
2017-02-03,0.04,0.04,0.43,0.90,4.74,0.21,1.15,257495.00,1.04
2017-02-06,0.01,0.01,0.43,0.53,2.77,-0.06,-0.32,246450.00,0.74
2017-02-07,-0.03,-0.03,0.43,0.74,3.97,0.02,0.10,232735.00,0.59
2017-02-08,-0.02,-0.02,0.37,0.56,3.06,-0.12,-0.64,225100.00,0.47
2017-02-09,0.04,0.04,0.38,0.75,3.95,0.00,0.00,212040.00,0.78
2017-02-10,0.02,0.02,0.38,0.81,4.19,0.07,0.37,209370.00,0.51
2017-02-13,0.00,0.00,0.38,0.90,4.65,0.11,0.57,209620.00,1.34
2017-02-14,-0.00,-0.00,0.34,0.68,3.52,-0.03,-0.16,202675.00,0.56
2017-02-15,0.06,0.06,0.41,1.48,7.21,-0.05,-0.26,205695.00,1.39
2017-02-16,0.03,0.03,0.42,1.09,5.17,-0.05,-0.24,214865.00,1.78
2017-02-17,0.01,0.01,0.42,0.94,4.39,-0.08,-0.38,217345.00,1.36
2017-02-21,-0.04,-0.04,0.45,1.11,5.41,0.10,0.47,210390.00,0.68
2017-02-22,-0.04,-0.04,0.44,1.24,6.29,-0.02,-0.10,203695.00,1.42
2017-02-23,-0.01,-0.01,0.44,0.88,4.52,0.15,0.76,198300.00,0.68
2017-02-24,0.01,0.01,0.44,0.66,3.37,-0.25,-1.28,197345.00,0.69
2017-02-27,0.07,0.07,0.49,1.52,7.27,0.00,0.00,205325.00,1.57
2017-02-28,0.01,0.01,0.48,1.51,7.14,0.12,0.57,225755.00,2.44
2017-03-01,-0.06,-0.06,0.53,1.65,8.31,-0.14,-0.66,232145.00,1.70
2017-03-02,0.01,0.01,0.53,1.62,8.10,0.37,1.86,236080.00,1.24
2017-03-03,0.02,0.02,0.53,0.63,3.10,0.12,0.60,235805.00,0.55
2017-03-06,-0.03,-0.03,0.52,0.88,4.46,-0.08,-0.39,231485.00,0.79
2017-03-07,-0.04,-0.04,0.55,0.96,5.09,-0.38,-1.93,232260.00,0.85
2017-03-08,0.03,0.03,0.55,1.07,5.50,0.11,0.58,232235.00,0.59
2017-03-09,0.00,0.00,0.54,0.54,2.77,0.09,0.46,234540.00,0.65
2017-03-10,0.02,0.02,0.53,0.75,3.79,0.19,0.97,232225.00,0.51
2017-03-13,-0.01,-0.01,0.53,0.76,3.90,-0.09,-0.45,233705.00,0.58
2017-03-14,-0.04,-0.04,0.55,1.09,5.82,-0.12,-0.62,234645.00,1.28
2017-03-15,0.04,0.04,0.57,0.84,4.31,0.09,0.48,239190.00,0.85
2017-03-16,-0.01,-0.01,0.52,0.65,3.36,-0.03,-0.15,231675.00,0.59
2017-03-17,-0.02,-0.02,0.51,0.64,3.37,-0.22,-1.14,237740.00,2.12
2017-03-20,0.01,0.01,0.51,0.69,3.61,-0.02,-0.11,230540.00,0.65
2017-03-21,-0.06,-0.06,0.53,1.68,9.35,0.08,0.42,241125.00,1.47
2017-03-22,0.02,0.02,0.52,0.61,3.34,0.07,0.39,234290.00,0.65
2017-03-23,-0.02,-0.02,0.52,0.74,4.14,0.00,0.00,238205.00,0.90
2017-03-24,0.00,0.00,0.52,0.71,3.96,0.09,0.50,237860.00,0.54
2017-03-27,0.00,0.00,0.45,0.40,2.22,-0.24,-1.34,236835.00,1.27
2017-03-28,-0.01,-0.01,0.45,0.93,5.24,0.02,0.11,217335.00,0.74
2017-03-29,0.06,0.06,0.46,1.61,8.55,0.08,0.45,224710.00,2.41
2017-03-30,-0.06,-0.07,0.51,1.32,7.50,-0.05,-0.27,225130.00,1.33
2017-03-31,0.06,0.05,0.55,1.61,8.66,0.57,3.24,267545.00,3.65
2017-04-03,-0.02,-0.02,0.55,0.67,3.67,-0.01,-0.05,271750.00,0.98
2017-04-04,0.01,0.01,0.53,0.57,3.10,-0.10,-0.55,268690.00,0.51
2017-04-05,-0.05,-0.05,0.54,1.25,7.15,0.10,0.54,285220.00,1.64
2017-04-06,-0.02,-0.02,0.54,1.03,5.98,0.16,0.92,291705.00,0.97
2017-04-07,0.05,0.05,0.57,0.77,4.27,0.09,0.52,294990.00,0.62
2017-04-10,-0.01,-0.01,0.57,0.75,4.21,0.04,0.22,302940.00,0.97
2017-04-11,-0.02,-0.02,0.55,0.82,4.69,-0.02,-0.11,294630.00,0.45
2017-04-12,0.04,0.04,0.56,0.93,5.10,0.00,0.00,301895.00,1.16
2017-04-13,0.03,0.03,0.57,0.72,3.83,-0.11,-0.60,305080.00,0.65
2017-04-17,0.02,0.02,0.57,0.64,3.33,0.03,0.16,286955.00,0.49
2017-04-18,0.00,0.00,0.57,0.53,2.75,-0.11,-0.57,289020.00,0.66
2017-04-19,0.05,0.04,0.54,1.11,5.51,0.07,0.36,296750.00,1.72
2017-04-20,0.03,0.03,0.55,0.90,4.33,0.06,0.30,305275.00,1.06
2017-04-21,-0.01,-0.01,0.54,0.90,4.39,-0.08,-0.38,321795.00,1.69
2017-04-24,0.02,0.02,0.55,1.23,5.87,0.32,1.56,328840.00,0.82
2017-04-25,0.03,0.03,0.55,0.80,3.72,0.29,1.38,323455.00,0.60
2017-04-26,0.01,0.01,0.54,0.63,2.91,-0.06,-0.28,322275.00,0.43
2017-04-27,0.00,0.00,0.51,0.36,1.66,-0.01,-0.05,299590.00,0.29
2017-04-28,-0.01,-0.01,0.44,0.51,2.36,0.01,0.05,292035.00,0.51
2017-05-01,0.03,0.03,0.41,0.72,3.25,0.04,0.19,252890.00,0.77
2017-05-02,-0.03,-0.03,0.42,0.91,4.22,0.06,0.27,250900.00,0.90
2017-05-03,-0.01,-0.01,0.42,0.58,2.72,-0.16,-0.74,256530.00,0.97
2017-05-04,-0.01,-0.01,0.37,2.26,10.67,-1.00,-4.68,256385.00,1.81
2017-05-05,-0.07,-0.07,0.47,1.63,8.29,-0.01,-0.05,253670.00,0.90
2017-05-08,-0.04,-0.04,0.47,1.47,7.77,-0.04,-0.20,258675.00,1.10
2017-05-09,0.02,0.02,0.47,0.63,3.28,0.04,0.21,253795.00,0.78
2017-05-10,-0.01,-0.01,0.46,0.50,2.62,-0.08,-0.42,252430.00,0.42
2017-05-11,-0.02,-0.02,0.45,0.55,2.95,-0.05,-0.26,247850.00,1.04
2017-05-12,0.04,0.04,0.45,1.18,6.10,0.00,0.00,249240.00,0.91
2017-05-15,0.01,0.01,0.45,0.44,2.25,0.01,0.05,247880.00,0.46
2017-05-16,0.02,0.02,0.45,0.54,2.71,-0.05,-0.26,242515.00,0.35
2017-05-17,-0.03,-0.03,0.44,0.43,2.22,-0.36,-1.80,228565.00,1.01
2017-05-18,0.01,0.01,0.42,0.63,3.22,0.06,0.31,223545.00,0.99
2017-05-19,-0.02,-0.02,0.42,0.72,3.74,0.01,0.05,204495.00,0.80
2017-05-22,-0.01,-0.01,0.41,0.55,2.88,0.04,0.21,196750.00,0.59
2017-05-23,0.02,0.02,0.41,0.70,3.59,0.00,0.00,194310.00,0.75
2017-05-24,-0.01,-0.01,0.40,0.51,2.65,-0.03,-0.15,193055.00,0.59
2017-05-25,-0.02,-0.02,0.40,0.62,3.27,0.13,0.68,195220.00,0.67
2017-05-26,-0.04,-0.04,0.42,1.31,7.18,-0.07,-0.37,199100.00,1.14
2017-05-30,-0.03,-0.03,0.40,0.90,5.07,-0.02,-0.11,198135.00,0.88
2017-05-31,-0.00,-0.00,0.40,1.19,6.70,-0.01,-0.06,207735.00,2.01
2017-06-01,0.04,0.04,0.44,1.00,5.42,0.08,0.45,205455.00,0.99
2017-06-02,0.05,0.05,0.48,1.28,6.59,0.04,0.22,193820.00,1.19
2017-06-05,0.03,0.03,0.43,1.38,6.88,-0.10,-0.51,199130.00,1.68
2017-06-06,-0.06,-0.06,0.45,1.47,7.75,-0.21,-1.05,196265.00,1.16
2017-06-07,-0.04,-0.04,0.47,1.10,6.03,0.17,0.90,194835.00,0.87
2017-06-08,0.02,0.02,0.48,0.70,3.76,0.05,0.27,195770.00,0.64
2017-06-09,-0.02,-0.02,0.47,0.74,4.05,-0.01,-0.05,190830.00,0.83
2017-06-12,-0.01,-0.01,0.45,1.03,5.71,0.01,0.05,191430.00,1.25
2017-06-13,0.01,0.01,0.45,0.69,3.78,0.24,1.33,195635.00,1.01
2017-06-14,-0.02,-0.02,0.45,0.93,5.20,-0.04,-0.22,199655.00,0.83
2017-06-15,-0.01,-0.01,0.44,0.64,3.60,-0.16,-0.89,199420.00,1.13
2017-06-16,0.03,0.03,0.45,1.14,6.25,-0.22,-1.24,219585.00,2.85
2017-06-19,0.00,0.00,0.44,0.57,3.11,0.09,0.49,227500.00,1.41
2017-06-20,0.01,0.01,0.45,1.25,6.78,0.06,0.33,249600.00,2.23
2017-06-21,0.00,0.00,0.44,0.40,2.17,0.14,0.76,275045.00,2.38
2017-06-22,0.01,0.01,0.44,0.71,3.82,0.11,0.60,299085.00,1.99
2017-06-23,-0.00,-0.00,0.44,0.61,3.30,-0.10,-0.54,359280.00,3.72
2017-06-26,0.00,0.00,0.41,0.57,3.07,0.24,1.30,396400.00,2.44
2017-06-27,-0.05,-0.05,0.44,1.05,5.96,-0.03,-0.16,403375.00,0.78
2017-06-28,-0.00,-0.00,0.44,0.44,2.50,0.18,1.02,395270.00,0.65
2017-06-29,-0.01,-0.01,0.42,0.45,2.57,-0.01,-0.06,397625.00,0.63
2017-06-30,0.00,0.00,0.36,0.58,3.31,0.00,0.00,392650.00,0.34
2017-07-03,0.01,0.01,0.34,0.36,2.03,0.13,0.74,380635.00,0.25
2017-07-05,0.04,0.04,0.33,0.98,5.31,0.04,0.23,382535.00,0.69
2017-07-06,-0.01,-0.01,0.30,0.47,2.58,-0.15,-0.81,381915.00,0.41
2017-07-07,0.02,0.02,0.30,0.25,1.35,0.08,0.44,383030.00,0.38
2017-07-10,-0.05,-0.05,0.35,0.92,5.25,-0.05,-0.27,384795.00,0.51
2017-07-11,0.02,0.02,0.35,0.77,4.31,0.05,0.29,380820.00,0.42
2017-07-12,-0.00,-0.00,0.35,0.42,2.35,0.09,0.50,377600.00,0.35
2017-07-13,0.01,0.01,0.34,0.94,5.20,0.07,0.39,376495.00,0.38
2017-07-14,-0.03,-0.03,0.36,0.76,4.33,-0.05,-0.28,374595.00,0.50
2017-07-17,0.04,0.04,0.37,0.91,5.01,0.10,0.57,352500.00,0.52
2017-07-18,-0.03,-0.03,0.38,0.72,4.07,-0.14,-0.77,344115.00,0.45
2017-07-19,-0.02,-0.02,0.39,1.20,6.92,0.16,0.90,330070.00,0.84
2017-07-20,0.01,0.01,0.39,0.57,3.27,0.00,0.00,309450.00,0.78
2017-07-21,-0.01,-0.01,0.39,0.55,3.17,0.14,0.80,286900.00,0.50
2017-07-24,0.03,0.03,0.41,0.83,4.64,-0.06,-0.35,230845.00,0.93
2017-07-25,-0.02,-0.02,0.41,0.57,3.26,0.01,0.06,191770.00,0.98
2017-07-26,-0.01,-0.01,0.37,0.32,1.84,0.02,0.11,182595.00,0.72
2017-07-27,-0.03,-0.03,0.39,1.00,5.93,0.12,0.69,179400.00,1.07
2017-07-28,0.00,0.00,0.39,0.92,5.45,-0.07,-0.41,175645.00,1.00
2017-07-31,-0.02,-0.02,0.39,0.80,4.84,0.13,0.77,181885.00,1.41
2017-08-01,-0.05,-0.05,0.42,0.89,5.65,0.07,0.42,190130.00,1.36
2017-08-02,-0.03,-0.03,0.39,0.80,5.23,0.22,1.40,187110.00,1.09
2017-08-03,0.10,0.09,0.54,2.56,15.24,-0.35,-2.29,218460.00,3.59
2017-08-04,0.03,0.03,0.55,1.28,7.41,-0.04,-0.24,231350.00,1.75
2017-08-07,-0.01,-0.02,0.52,0.52,3.06,0.01,0.06,234110.00,1.07
2017-08-08,-0.02,-0.02,0.52,0.71,4.24,0.00,0.00,234500.00,0.71
2017-08-09,-0.02,-0.02,0.52,0.62,3.77,-0.12,-0.72,237340.00,0.80
2017-08-10,-0.04,-0.04,0.53,0.69,4.36,-0.16,-0.97,244155.00,1.14
2017-08-11,0.03,0.03,0.53,0.48,2.96,0.08,0.51,241005.00,0.52
2017-08-14,0.02,0.02,0.52,0.55,3.33,0.09,0.55,242625.00,0.89
2017-08-15,0.01,0.01,0.51,0.69,4.15,-0.02,-0.12,240705.00,0.48
2017-08-16,-0.01,-0.01,0.51,1.22,7.44,0.04,0.24,235995.00,0.77
2017-08-17,-0.03,-0.03,0.52,0.65,4.11,-0.06,-0.37,241485.00,1.46
2017-08-18,-0.02,-0.02,0.52,0.32,2.06,-0.16,-1.01,248535.00,1.14
2017-08-21,0.00,0.00,0.50,0.23,1.48,0.00,0.00,244135.00,0.52
2017-08-22,0.05,0.05,0.54,0.96,5.90,0.12,0.77,239195.00,0.37
2017-08-23,0.01,0.01,0.54,0.61,3.72,-0.17,-1.05,237925.00,0.44
2017-08-24,0.07,0.06,0.58,1.22,6.98,0.05,0.30,242990.00,1.21
2017-08-25,-0.03,-0.03,0.59,0.69,4.07,0.04,0.23,243450.00,0.76
2017-08-28,0.01,0.01,0.58,0.75,4.37,0.19,1.12,243730.00,1.08
2017-08-29,0.04,0.04,0.57,0.86,4.82,-0.01,-0.06,239985.00,0.77
2017-08-30,0.01,0.01,0.55,0.68,3.77,-0.05,-0.28,238760.00,0.75
2017-08-31,0.05,0.05,0.47,1.00,5.29,0.08,0.44,213825.00,1.33
2017-09-01,-0.02,-0.02,0.47,1.92,10.34,-1.70,-8.99,214270.00,1.93
2017-09-05,-0.01,-0.01,0.47,0.64,3.49,-0.10,-0.54,212815.00,1.04
2017-09-06,-0.00,-0.00,0.46,0.52,2.85,0.07,0.38,210695.00,0.59
2017-09-07,0.01,0.01,0.45,0.50,2.71,0.04,0.22,205585.00,0.43
2017-09-08,0.03,0.03,0.43,0.62,3.27,0.01,0.05,197815.00,0.63
2017-09-11,-0.04,-0.04,0.46,1.12,6.15,0.25,1.32,200460.00,0.89
2017-09-12,-0.06,-0.06,0.51,1.44,8.39,0.04,0.22,206260.00,1.61
2017-09-13,-0.01,-0.01,0.51,0.51,3.02,0.01,0.06,210695.00,0.97
2017-09-14,0.01,0.01,0.51,0.85,4.97,0.03,0.18,209370.00,0.74
2017-09-15,0.02,0.02,0.49,0.67,3.84,0.04,0.23,207655.00,1.53
2017-09-18,0.01,0.01,0.48,0.42,2.39,-0.02,-0.11,199890.00,0.64
2017-09-19,-0.00,-0.00,0.49,0.47,2.68,0.09,0.51,202400.00,0.87
2017-09-20,-0.01,-0.01,0.46,0.57,3.30,0.07,0.40,209765.00,1.13
2017-09-21,-0.02,-0.02,0.47,0.80,4.74,-0.11,-0.64,210340.00,0.56
2017-09-22,0.01,0.01,0.41,0.39,2.29,0.00,0.00,205540.00,0.96
2017-09-25,0.02,0.02,0.40,0.69,3.98,-0.09,-0.53,209005.00,1.22
2017-09-26,0.01,0.01,0.40,0.49,2.79,0.01,0.06,202345.00,0.64
2017-09-27,0.03,0.03,0.39,1.09,6.03,0.04,0.23,199445.00,0.63
2017-09-28,0.02,0.02,0.40,0.74,4.02,-0.05,-0.28,195815.00,0.55
2017-09-29,0.00,0.00,0.36,0.43,2.33,-0.04,-0.22,187780.00,0.66
2017-10-02,0.01,0.01,0.35,0.47,2.51,0.13,0.70,177635.00,1.19
2017-10-03,-0.04,-0.04,0.37,0.98,5.43,0.07,0.37,175070.00,0.97
2017-10-04,-0.01,-0.01,0.37,0.50,2.78,0.01,0.06,176630.00,0.89
2017-10-05,-0.00,-0.00,0.37,0.57,3.19,0.07,0.39,180525.00,0.92
2017-10-06,0.00,0.00,0.36,0.26,1.45,0.01,0.06,179425.00,0.57
2017-10-09,-0.01,-0.01,0.33,0.40,2.27,-0.06,-0.33,174985.00,0.51
2017-10-10,-0.01,-0.01,0.26,0.48,2.74,0.08,0.45,163510.00,0.63
2017-10-11,-0.01,-0.01,0.26,0.38,2.19,-0.05,-0.29,162410.00,1.12
2017-10-12,0.01,0.01,0.26,0.67,3.82,0.00,0.00,179770.00,2.80
2017-10-13,-0.00,-0.00,0.25,0.32,1.83,0.08,0.46,171030.00,0.83
2017-10-16,-0.01,-0.01,0.25,0.67,3.87,0.12,0.69,171975.00,0.86
2017-10-17,-0.01,-0.01,0.25,0.40,2.33,-0.04,-0.23,167970.00,0.57
2017-10-18,0.01,0.01,0.25,0.36,2.07,0.08,0.47,163680.00,0.92
2017-10-19,0.01,0.01,0.23,0.41,2.33,-0.07,-0.40,168225.00,1.24
2017-10-20,0.01,0.01,0.23,0.54,3.05,0.16,0.91,170685.00,1.45
2017-10-23,-0.05,-0.05,0.29,1.03,6.12,0.13,0.73,169145.00,1.32
2017-10-24,-0.04,-0.04,0.32,0.78,4.82,0.01,0.06,179050.00,1.83
2017-10-25,0.17,0.16,0.70,2.93,15.42,4.37,26.99,354965.00,10.27
2017-10-26,-0.02,-0.02,0.70,1.21,6.47,-0.07,-0.37,369445.00,1.07
2017-10-27,0.04,0.04,0.71,1.01,5.19,0.15,0.80,382945.00,1.03
2017-10-30,0.03,0.03,0.72,1.06,5.27,0.11,0.57,398240.00,1.30
2017-10-31,-0.02,-0.02,0.71,1.25,6.32,0.02,0.10,408290.00,0.91
2017-11-01,-0.02,-0.02,0.72,1.08,5.58,0.21,1.06,412825.00,0.60
2017-11-02,-0.04,-0.04,0.73,1.04,5.57,0.13,0.67,419095.00,0.70
2017-11-03,-0.00,-0.00,0.73,0.60,3.22,-0.12,-0.64,422745.00,0.41
2017-11-06,-0.01,-0.01,0.73,0.44,2.38,0.17,0.91,426255.00,0.37
2017-11-07,-0.03,-0.03,0.74,0.62,3.46,-0.06,-0.33,431495.00,0.48
2017-11-08,-0.00,-0.00,0.74,0.52,2.91,-0.11,-0.61,432250.00,0.46
2017-11-09,-0.01,-0.01,0.74,1.31,7.43,-0.97,-5.43,427340.00,0.95
2017-11-10,0.06,0.06,0.77,1.43,7.66,0.10,0.57,434485.00,0.66
2017-11-13,-0.04,-0.05,0.78,0.81,4.54,-0.19,-1.02,438765.00,0.53
2017-11-14,0.01,0.01,0.78,1.01,5.61,0.04,0.22,445340.00,0.51
2017-11-15,-0.00,-0.00,0.78,0.94,5.23,-0.25,-1.39,449705.00,0.53
2017-11-16,0.01,0.01,0.78,0.73,4.02,0.07,0.39,452415.00,0.58
2017-11-17,0.06,0.05,0.81,1.25,6.51,0.03,0.17,453995.00,0.61
2017-11-20,0.03,0.03,0.78,0.84,4.26,-0.05,-0.26,458535.00,0.69
2017-11-21,0.02,0.02,0.76,0.67,3.34,0.24,1.22,452850.00,0.47
2017-11-22,0.01,0.01,0.46,1.02,5.02,-0.05,-0.25,282480.00,0.84
2017-11-24,-0.02,-0.02,0.47,0.74,3.74,0.12,0.59,266280.00,0.27
2017-11-27,-0.00,-0.00,0.45,1.42,7.18,0.10,0.51,262740.00,1.23
2017-11-28,-0.01,-0.01,0.43,0.99,5.05,0.16,0.81,247225.00,0.83
2017-11-29,-0.01,-0.01,0.43,1.04,5.34,-0.05,-0.25,248620.00,1.60
2017-11-30,-0.01,-0.01,0.42,1.16,6.00,-0.15,-0.77,253475.00,1.36
2017-12-01,0.00,0.00,0.40,1.20,6.19,0.00,0.00,256600.00,1.38
2017-12-04,0.02,0.02,0.41,1.07,5.39,0.11,0.57,265105.00,1.30
2017-12-05,-0.01,-0.01,0.41,1.13,5.77,0.00,0.00,270155.00,0.96
2017-12-06,-0.03,-0.03,0.40,1.04,5.46,0.05,0.26,272205.00,0.91
2017-12-07,-0.00,-0.00,0.40,0.50,2.63,0.18,0.94,273805.00,0.84
2017-12-08,0.02,0.02,0.41,0.67,3.44,0.18,0.95,263775.00,0.77
2017-12-11,-0.04,-0.04,0.38,1.00,5.34,0.10,0.51,264195.00,1.11
2017-12-12,-0.01,-0.01,0.35,1.29,6.98,0.00,0.00,276090.00,1.71
2017-12-13,0.04,0.04,0.37,1.11,5.78,0.08,0.43,280620.00,1.13
2017-12-14,-0.01,-0.01,0.38,0.59,3.10,-0.05,-0.26,281675.00,0.92
2017-12-15,0.01,0.01,0.38,0.56,2.91,-0.02,-0.11,292955.00,1.67
2017-12-18,-0.01,-0.01,0.32,0.31,1.62,0.07,0.36,285740.00,0.47
2017-12-19,-0.01,-0.01,0.31,0.63,3.31,-0.01,-0.05,281845.00,0.84
2017-12-20,0.01,0.01,0.30,0.38,1.99,0.12,0.63,278660.00,0.54
2017-12-21,0.02,0.02,0.30,0.47,2.41,-0.06,-0.31,275430.00,0.62
2017-12-22,-0.01,-0.01,0.29,0.39,2.02,0.07,0.36,279175.00,0.53
2017-12-26,-0.01,-0.01,0.29,0.30,1.56,0.00,0.00,267905.00,0.36
2017-12-27,0.01,0.01,0.30,0.41,2.11,0.09,0.47,262140.00,0.35
2017-12-28,-0.00,-0.00,0.29,0.36,1.86,-0.01,-0.05,246340.00,0.33
2017-12-29,-0.02,-0.02,0.30,0.49,2.58,0.01,0.05,238740.00,0.81
2018-01-02,0.02,0.02,0.31,0.67,3.45,0.15,0.79,231075.00,0.87
2018-01-03,0.03,0.03,0.32,0.88,4.39,-0.05,-0.26,222305.00,0.76
2018-01-04,-0.01,-0.01,0.32,0.98,4.94,-0.04,-0.20,217645.00,0.77
2018-01-05,0.00,0.00,0.30,1.15,5.77,0.38,1.91,213005.00,0.73
2018-01-08,-0.02,-0.02,0.31,0.85,4.35,-0.04,-0.20,207165.00,0.54
2018-01-09,0.00,0.00,0.30,0.62,3.16,0.02,0.10,203960.00,0.69
2018-01-10,0.00,0.00,0.26,0.66,3.35,-0.11,-0.56,194330.00,0.52
2018-01-11,-0.01,-0.01,0.26,0.47,2.42,-0.01,-0.05,177105.00,0.71
2018-01-12,0.06,0.05,0.29,1.34,6.53,0.01,0.05,178935.00,1.98
2018-01-16,-0.04,-0.04,0.32,1.13,5.71,0.18,0.88,177835.00,1.33
2018-01-17,0.00,0.00,0.32,0.39,1.96,0.22,1.11,161535.00,1.00
2018-01-18,-0.05,-0.05,0.36,1.03,5.45,0.04,0.20,173075.00,2.11
2018-01-19,0.02,0.02,0.37,0.87,4.53,-0.11,-0.58,174235.00,1.49
2018-01-22,0.01,0.01,0.37,0.70,3.60,0.10,0.52,185040.00,1.98
2018-01-23,0.04,0.04,0.39,1.28,6.32,0.12,0.62,193565.00,1.77
2018-01-24,0.15,0.14,0.65,3.65,15.71,0.13,0.64,226065.00,3.53
2018-01-25,-0.01,-0.01,0.65,1.31,5.70,0.20,0.86,237075.00,1.34
2018-01-26,-0.02,-0.02,0.65,1.25,5.54,0.03,0.13,243570.00,0.91
2018-01-29,0.02,0.02,0.65,1.02,4.43,-0.22,-0.98,246400.00,0.56
2018-01-30,-0.02,-0.02,0.66,0.79,3.51,-0.14,-0.61,245295.00,0.69
2018-01-31,0.00,0.00,0.66,0.53,2.35,0.11,0.49,243750.00,0.70
2018-02-01,-0.01,-0.01,0.65,0.54,2.42,-0.05,-0.22,247330.00,0.98
2018-02-02,-0.02,-0.02,0.66,0.81,3.71,-0.21,-0.94,246540.00,0.61
2018-02-05,-0.03,-0.03,0.67,0.96,4.55,-0.17,-0.78,249725.00,0.88
2018-02-06,0.03,0.03,0.67,1.87,8.58,-0.48,-2.27,256290.00,0.95
2018-02-07,0.04,0.04,0.68,1.27,5.61,0.00,0.00,258190.00,0.69
2018-02-08,-0.01,-0.01,0.69,1.12,5.01,-0.02,-0.09,266825.00,1.03
2018-02-09,0.01,0.01,0.68,1.45,6.40,0.31,1.39,273665.00,0.96
2018-02-12,0.00,0.00,0.66,0.83,3.65,0.08,0.35,265025.00,0.69
2018-02-13,0.03,0.03,0.65,1.54,6.57,-0.18,-0.79,262895.00,0.74
2018-02-14,0.02,0.02,0.65,1.05,4.40,-0.36,-1.54,264305.00,0.72
2018-02-15,-0.01,-0.01,0.62,0.92,3.91,0.14,0.59,254835.00,0.69
2018-02-16,-0.01,-0.01,0.62,0.83,3.56,-0.10,-0.42,251120.00,0.74
2018-02-20,-0.00,-0.00,0.62,0.84,3.62,0.03,0.13,241865.00,0.75
2018-02-21,-0.01,-0.01,0.61,0.94,4.09,0.11,0.47,234375.00,0.82
2018-02-22,-0.00,-0.00,0.32,0.66,2.87,0.17,0.74,202260.00,0.77
2018-02-23,0.02,0.02,0.32,1.25,5.33,0.18,0.78,194840.00,0.87
2018-02-26,0.05,0.05,0.35,1.31,5.33,0.23,0.98,197195.00,1.36
2018-02-27,-0.03,-0.03,0.37,0.80,3.34,0.02,0.08,201205.00,1.09
2018-02-28,0.05,0.05,0.39,1.63,6.50,0.11,0.46,212715.00,1.88
2018-03-01,0.08,0.07,0.46,2.26,8.36,0.06,0.24,229085.00,2.17
2018-03-02,0.07,0.07,0.51,3.22,11.13,-0.35,-1.29,244475.00,2.25
2018-03-05,0.07,0.07,0.53,2.22,7.16,0.13,0.45,273455.00,2.67
2018-03-06,0.03,0.03,0.49,1.34,4.18,-0.11,-0.35,284270.00,1.53
2018-03-07,0.01,0.01,0.49,1.25,3.85,-0.35,-1.09,288620.00,1.15
2018-03-08,-0.09,-0.09,0.61,3.29,11.09,0.09,0.28,300950.00,1.41
2018-03-09,0.03,0.03,0.61,1.01,3.30,0.33,1.11,302365.00,1.00
2018-03-12,0.02,0.02,0.61,1.49,4.78,-0.26,-0.85,302380.00,0.87
2018-03-13,0.01,0.01,0.61,1.16,3.70,0.03,0.10,305385.00,0.79
2018-03-14,-0.01,-0.01,0.61,1.19,3.82,0.36,1.15,309775.00,0.91
2018-03-15,-0.01,-0.01,0.62,0.96,3.10,0.13,0.42,310470.00,0.66
2018-03-16,-0.04,-0.04,0.64,1.30,4.38,0.02,0.06,330035.00,1.72
2018-03-19,-0.02,-0.02,0.64,1.29,4.42,-0.17,-0.57,336445.00,0.93
2018-03-20,0.00,0.00,0.64,0.91,3.10,0.12,0.41,336055.00,0.52
2018-03-21,-0.00,-0.00,0.64,1.20,4.11,-0.04,-0.14,335920.00,0.57
2018-03-22,-0.02,-0.02,0.65,1.37,4.79,-0.39,-1.33,340385.00,0.72
2018-03-23,-0.02,-0.02,0.66,1.45,5.18,0.19,0.66,345485.00,0.79
2018-03-26,0.03,0.03,0.65,1.39,4.81,0.28,1.00,351355.00,1.10
2018-03-27,-0.18,-0.20,0.94,4.59,19.45,-0.82,-2.84,415985.00,3.63
2018-03-28,-0.00,-0.00,0.92,1.67,7.10,-0.40,-1.69,607395.00,6.96
2018-03-29,0.07,0.07,0.91,2.00,7.95,0.25,1.06,645030.00,1.94
2018-04-02,-0.09,-0.10,0.92,2.74,11.98,-0.36,-1.43,650460.00,1.01
2018-04-03,0.01,0.01,0.88,1.04,4.50,0.16,0.70,635945.00,0.69
2018-04-04,0.04,0.04,0.88,1.58,6.56,-0.44,-1.90,634845.00,0.65
2018-04-05,-0.03,-0.03,0.88,1.96,8.38,0.28,1.16,641255.00,0.72
2018-04-06,-0.03,-0.04,0.84,1.14,5.05,0.00,0.00,637920.00,0.56
2018-04-09,-0.00,-0.00,0.83,0.88,3.90,0.17,0.75,637305.00,0.45
2018-04-10,0.04,0.04,0.84,1.01,4.32,0.20,0.89,648515.00,0.75
2018-04-11,0.02,0.02,0.84,1.01,4.22,-0.12,-0.51,649800.00,0.41
2018-04-12,0.02,0.02,0.85,1.09,4.47,0.11,0.46,651705.00,0.49
2018-04-13,-0.03,-0.03,0.85,1.14,4.82,0.09,0.37,659540.00,0.55
2018-04-16,0.02,0.02,0.86,0.77,3.18,0.24,1.02,644920.00,0.43
2018-04-17,0.02,0.02,0.86,0.68,2.76,0.11,0.45,642200.00,0.40
2018-04-18,-0.02,-0.03,0.86,0.81,3.37,0.05,0.20,648520.00,0.46
2018-04-19,-0.02,-0.02,0.86,0.88,3.74,-0.03,-0.12,651040.00,0.37
2018-04-20,0.00,0.00,0.86,0.61,2.58,-0.07,-0.30,651120.00,0.38
2018-04-23,-0.02,-0.02,0.86,1.05,4.52,0.20,0.85,646455.00,0.28
2018-04-24,-0.01,-0.01,0.85,0.91,3.96,0.03,0.13,634365.00,0.23
2018-04-25,0.00,0.00,0.55,1.24,5.38,0.00,0.00,569150.00,0.36
2018-04-26,0.01,0.01,0.55,0.92,3.97,0.04,0.17,366250.00,0.47
2018-04-27,0.01,0.01,0.48,0.50,2.13,0.14,0.60,314415.00,0.68
2018-04-30,-0.02,-0.02,0.36,0.50,2.17,-0.01,-0.04,291990.00,0.72
2018-05-01,0.00,0.00,0.36,0.71,3.08,-0.04,-0.17,284535.00,1.03
2018-05-02,-0.02,-0.02,0.33,0.40,1.77,-0.15,-0.65,277325.00,0.97
2018-05-03,-0.01,-0.01,0.32,0.69,3.09,0.07,0.31,267325.00,0.97
2018-05-04,-0.01,-0.01,0.29,1.08,4.86,-0.11,-0.49,261970.00,0.96
2018-05-07,0.01,0.01,0.30,0.71,3.16,0.04,0.18,260635.00,1.01
2018-05-08,-0.10,-0.11,0.45,2.11,10.46,-1.13,-5.02,269520.00,2.47
2018-05-09,-0.01,-0.01,0.43,0.57,2.86,0.00,0.00,268625.00,0.93
2018-05-10,-0.01,-0.01,0.42,0.62,3.13,0.10,0.50,270385.00,1.31
2018-05-11,0.04,0.04,0.44,0.75,3.66,-0.01,-0.05,278645.00,1.89
2018-05-14,0.05,0.05,0.48,1.11,5.14,0.05,0.24,278935.00,1.00
2018-05-15,-0.00,-0.00,0.47,0.84,3.91,-0.11,-0.51,285480.00,1.37
2018-05-16,0.03,0.03,0.48,1.07,4.84,-0.12,-0.56,292145.00,1.48
2018-05-17,-0.04,-0.04,0.49,1.01,4.73,-0.07,-0.32,295295.00,1.03
2018-05-18,0.02,0.02,0.50,0.63,2.90,0.09,0.42,292610.00,0.66
2018-05-21,0.00,0.00,0.50,0.49,2.25,0.10,0.46,290840.00,0.49
2018-05-22,-0.00,-0.00,0.50,0.54,2.49,0.00,0.00,290500.00,0.47
2018-05-23,0.00,0.00,0.50,0.76,3.48,-0.16,-0.74,286725.00,0.46
2018-05-24,-0.00,-0.00,0.50,0.96,4.40,-0.11,-0.50,285100.00,0.48
2018-05-25,0.04,0.04,0.52,0.99,4.37,0.26,1.19,288070.00,0.95
2018-05-29,-0.03,-0.04,0.53,1.17,5.34,-0.11,-0.49,287660.00,0.70
2018-05-30,0.03,0.03,0.54,0.80,3.55,0.07,0.32,300840.00,1.85
2018-05-31,0.01,0.01,0.53,0.71,3.12,0.40,1.78,300090.00,0.85
2018-06-01,0.01,0.01,0.53,0.42,1.82,0.27,1.19,295750.00,0.58
2018-06-04,-0.00,-0.00,0.53,1.23,5.33,0.14,0.61,297590.00,0.97
2018-06-05,-0.01,-0.01,0.53,0.44,1.92,-0.13,-0.56,292680.00,0.56
2018-06-06,-0.00,-0.00,0.36,0.62,2.71,0.02,0.09,269835.00,0.77
2018-06-07,-0.03,-0.03,0.38,0.77,3.46,0.12,0.53,268235.00,0.81
2018-06-08,0.04,0.03,0.39,0.83,3.60,0.00,0.00,264620.00,1.07
2018-06-11,-0.04,-0.04,0.41,1.62,7.36,0.07,0.30,260680.00,1.71
2018-06-12,-0.03,-0.03,0.38,0.80,3.73,0.03,0.14,265770.00,1.44
2018-06-13,0.03,0.02,0.39,1.00,4.55,-0.05,-0.23,254770.00,0.67
2018-06-14,0.02,0.02,0.39,0.79,3.51,0.11,0.50,244830.00,0.96
2018-06-15,-0.00,-0.00,0.36,0.79,3.51,-0.08,-0.36,289470.00,4.13
2018-06-18,-0.00,-0.00,0.36,1.69,7.53,-0.16,-0.71,288245.00,0.58
2018-06-19,0.02,0.02,0.37,1.05,4.58,-0.19,-0.85,292010.00,0.75
2018-06-20,0.02,0.02,0.37,0.53,2.25,0.06,0.26,300925.00,1.05
2018-06-21,-0.04,-0.04,0.40,1.04,4.59,0.09,0.38,303885.00,0.63
2018-06-22,0.01,0.01,0.40,0.52,2.26,0.11,0.49,379215.00,4.34
2018-06-25,-0.02,-0.02,0.38,1.04,4.62,-0.09,-0.39,386655.00,1.09
2018-06-26,0.02,0.02,0.37,0.65,2.84,0.09,0.40,385465.00,0.46
2018-06-27,-0.07,-0.07,0.44,1.73,8.14,-0.01,-0.04,370865.00,0.71
2018-06-28,-0.02,-0.02,0.44,1.27,6.12,0.10,0.47,373890.00,0.84
2018-06-29,-0.00,-0.00,0.43,0.79,3.83,0.16,0.77,380385.00,0.79
2018-07-02,0.01,0.01,0.44,0.75,3.58,-0.10,-0.48,373135.00,0.38
2018-07-03,0.01,0.01,0.44,0.69,3.25,-0.03,-0.14,369990.00,0.28
2018-07-05,0.04,0.04,0.47,0.85,3.86,0.12,0.57,367215.00,0.42
2018-07-06,0.01,0.01,0.46,0.62,2.77,0.12,0.54,363930.00,0.42
2018-07-09,-0.01,-0.01,0.44,0.63,2.84,0.16,0.72,359270.00,0.53
2018-07-10,-0.04,-0.04,0.44,0.81,3.79,-0.10,-0.45,345805.00,0.51
2018-07-11,-0.01,-0.01,0.43,0.41,1.94,-0.09,-0.42,336565.00,0.59
2018-07-12,0.05,0.05,0.46,1.23,5.53,0.10,0.47,347545.00,1.12
2018-07-13,-0.01,-0.01,0.46,0.65,2.96,-0.03,-0.13,343995.00,0.47
2018-07-16,-0.01,-0.02,0.46,0.92,4.26,0.00,0.00,292025.00,0.54
2018-07-17,0.00,0.00,0.46,0.56,2.58,-0.06,-0.28,294690.00,0.75
2018-07-18,0.01,0.01,0.45,0.63,2.89,-0.07,-0.32,297095.00,0.90
2018-07-19,0.02,0.02,0.45,1.09,4.90,0.01,0.05,292950.00,0.79
2018-07-20,0.00,0.00,0.43,0.43,1.93,-0.02,-0.09,293325.00,0.68
2018-07-23,-0.03,-0.03,0.44,0.83,3.84,-0.10,-0.45,216420.00,0.49
2018-07-24,0.01,0.01,0.44,0.96,4.39,0.26,1.20,212385.00,1.61
2018-07-25,-0.05,-0.05,0.47,1.63,7.85,-0.25,-1.14,217560.00,1.29
2018-07-26,0.00,0.00,0.40,0.98,4.70,0.20,0.96,211450.00,0.67
2018-07-27,-0.03,-0.03,0.40,1.22,6.01,-0.02,-0.10,208925.00,1.27
2018-07-30,-0.02,-0.02,0.40,0.51,2.55,-0.06,-0.30,202130.00,0.82
2018-07-31,0.03,0.03,0.42,0.84,4.07,0.05,0.25,202975.00,0.79
2018-08-01,-0.05,-0.05,0.45,1.30,6.63,-0.08,-0.39,208275.00,1.00
2018-08-02,-0.02,-0.02,0.42,0.74,3.84,-0.04,-0.20,210030.00,0.90
2018-08-03,0.01,0.01,0.42,1.02,5.27,0.07,0.36,212315.00,0.93
2018-08-06,0.01,0.01,0.42,0.44,2.26,-0.03,-0.15,209070.00,0.60
2018-08-07,0.01,0.01,0.41,0.52,2.65,0.12,0.62,206560.00,0.62
2018-08-08,0.06,0.06,0.46,1.41,6.81,1.24,6.33,212955.00,1.53
2018-08-09,0.01,0.01,0.41,1.23,5.87,-0.07,-0.34,207195.00,1.33
2018-08-10,0.02,0.02,0.42,1.18,5.53,-0.11,-0.52,206415.00,0.71
2018-08-13,-0.03,-0.03,0.43,0.93,4.51,0.10,0.47,209135.00,1.01
2018-08-14,-0.00,-0.00,0.43,1.00,4.88,0.01,0.05,206895.00,0.85
2018-08-15,-0.03,-0.03,0.44,0.97,4.89,-0.03,-0.15,202810.00,0.91
2018-08-16,0.02,0.02,0.45,0.81,3.99,0.14,0.71,201610.00,1.03
2018-08-17,-0.01,-0.01,0.45,1.05,5.25,-0.02,-0.10,202790.00,1.10
2018-08-20,-0.00,-0.00,0.44,0.83,4.15,0.03,0.15,207470.00,0.96
2018-08-21,0.03,0.03,0.45,0.73,3.53,0.00,0.00,197560.00,0.72
2018-08-22,0.01,0.01,0.41,0.39,1.87,-0.04,-0.19,192160.00,0.90
2018-08-23,-0.01,-0.01,0.42,0.40,1.95,-0.06,-0.29,190255.00,0.54
2018-08-24,0.00,0.00,0.40,0.44,2.14,0.03,0.15,183660.00,0.72
2018-08-27,0.01,0.01,0.40,0.48,2.30,0.09,0.44,187310.00,1.28
2018-08-28,0.06,0.06,0.43,1.53,6.95,-0.02,-0.10,192390.00,1.36
2018-08-29,-0.01,-0.01,0.39,0.86,3.94,-0.01,-0.05,192980.00,1.14
2018-08-30,0.02,0.02,0.38,0.67,3.00,-0.01,-0.05,194480.00,1.12
2018-08-31,-0.02,-0.02,0.40,1.58,7.22,-0.33,-1.48,208480.00,2.29
2018-09-04,-0.00,-0.00,0.40,1.10,5.05,0.00,0.00,214830.00,1.17
2018-09-05,-0.02,-0.02,0.41,1.07,5.02,-0.06,-0.28,241465.00,2.73
2018-09-06,0.01,0.01,0.36,0.76,3.51,0.01,0.05,235135.00,0.84
2018-09-07,-0.01,-0.01,0.36,0.34,1.58,-0.07,-0.32,228695.00,0.64
2018-09-10,-0.01,-0.01,0.36,1.07,5.03,0.43,2.00,232205.00,0.94
2018-09-11,0.03,0.03,0.35,1.04,4.73,-0.01,-0.05,232850.00,0.96
2018-09-12,-0.01,-0.01,0.36,0.55,2.54,-0.06,-0.27,232570.00,0.74
2018-09-13,0.07,0.06,0.39,1.52,6.58,0.10,0.46,237100.00,1.16
2018-09-14,0.01,0.01,0.39,0.66,2.82,-0.02,-0.09,243115.00,1.35
2018-09-17,-0.01,-0.01,0.39,0.90,3.89,-0.01,-0.04,244045.00,0.99
2018-09-18,0.02,0.01,0.39,0.59,2.51,0.17,0.74,244440.00,0.85
2018-09-19,-0.02,-0.03,0.39,0.99,4.33,-0.01,-0.04,245870.00,0.70
2018-09-20,-0.01,-0.01,0.40,0.65,2.86,0.11,0.48,249760.00,1.00
2018-09-21,-0.02,-0.02,0.40,1.14,5.13,0.03,0.13,289090.00,3.08
2018-09-24,-0.01,-0.01,0.41,0.53,2.41,-0.04,-0.18,293030.00,0.72
2018-09-25,-0.04,-0.04,0.43,1.06,5.00,0.02,0.09,289205.00,0.56
2018-09-26,-0.01,-0.01,0.37,0.69,3.29,0.14,0.66,285985.00,0.69
2018-09-27,0.02,0.02,0.38,1.06,4.96,0.09,0.43,286910.00,0.83
2018-09-28,0.00,0.00,0.37,0.55,2.57,-0.06,-0.28,284920.00,0.63
2018-10-01,-0.02,-0.02,0.36,1.02,4.83,0.02,0.09,271420.00,0.77
2018-10-02,-0.00,-0.00,0.36,0.43,2.05,-0.04,-0.19,269830.00,0.81
2018-10-03,-0.01,-0.01,0.36,0.53,2.54,0.00,0.00,250420.00,1.09
2018-10-04,0.03,0.03,0.37,1.17,5.46,0.01,0.05,258240.00,1.37
2018-10-05,-0.03,-0.03,0.38,1.61,7.76,0.11,0.51,268890.00,1.33
2018-10-08,-0.03,-0.03,0.39,0.99,4.90,-0.01,-0.05,267155.00,0.68
2018-10-09,-0.01,-0.01,0.37,0.59,2.96,0.01,0.05,265855.00,0.75
2018-10-10,-0.04,-0.04,0.40,0.90,4.73,0.00,0.00,270245.00,0.96
2018-10-11,-0.02,-0.02,0.30,0.80,4.31,-0.14,-0.74,271790.00,1.13
2018-10-12,0.02,0.02,0.30,0.53,2.80,0.37,1.99,265255.00,0.75
2018-10-15,-0.01,-0.01,0.30,0.77,4.13,-0.03,-0.16,260375.00,0.55
2018-10-16,0.04,0.04,0.35,1.18,6.05,0.16,0.86,258390.00,0.65
2018-10-17,0.01,0.01,0.35,0.75,3.82,-0.06,-0.31,257650.00,0.61
2018-10-18,-0.02,-0.02,0.35,0.55,2.86,-0.06,-0.31,251340.00,0.49
2018-10-19,-0.03,-0.03,0.36,0.88,4.70,-0.01,-0.05,214195.00,0.68
2018-10-22,-0.03,-0.03,0.37,1.10,6.07,0.10,0.53,225290.00,1.92
2018-10-23,0.01,0.01,0.36,1.43,7.82,-0.34,-1.88,225655.00,0.75
2018-10-24,-0.06,-0.06,0.40,1.33,7.72,0.01,0.05,230725.00,1.29
2018-10-25,0.02,0.02,0.40,1.03,5.89,0.07,0.41,228375.00,0.84
2018-10-26,-0.00,-0.00,0.40,0.63,3.62,-0.32,-1.83,225460.00,0.53
2018-10-29,-0.02,-0.02,0.40,1.50,8.81,0.32,1.84,222950.00,0.71
2018-10-30,0.02,0.02,0.41,0.85,4.91,-0.01,-0.06,219455.00,0.68
2018-10-31,-0.05,-0.05,0.44,2.54,15.43,0.21,1.21,228405.00,1.97
2018-11-01,0.06,0.05,0.48,0.88,5.06,0.04,0.24,225855.00,1.35
2018-11-02,-0.02,-0.02,0.47,1.49,8.77,0.12,0.69,224945.00,1.51
2018-11-05,-0.03,-0.03,0.47,1.10,6.65,0.06,0.35,224400.00,0.77
2018-11-06,0.02,0.02,0.48,0.64,3.81,-0.06,-0.36,253865.00,3.10
2018-11-07,-0.01,-0.01,0.46,1.36,8.19,0.16,0.95,259770.00,1.45
2018-11-08,0.10,0.09,0.59,2.46,13.48,1.16,6.99,297280.00,3.55
2018-11-09,-0.05,-0.05,0.61,1.19,6.85,-0.15,-0.82,317380.00,1.89
2018-11-12,-0.04,-0.04,0.63,1.07,6.44,0.08,0.46,326320.00,0.99
2018-11-13,0.01,0.01,0.60,0.66,3.93,0.13,0.78,329775.00,0.72
2018-11-14,-0.01,-0.01,0.60,0.93,5.60,-0.09,-0.54,339210.00,1.02
2018-11-15,0.05,0.05,0.63,0.93,5.32,0.12,0.72,345410.00,0.72
2018-11-16,0.00,0.00,0.63,0.70,4.00,-0.16,-0.92,347885.00,0.56
2018-11-19,-0.04,-0.04,0.63,0.91,5.39,0.11,0.63,337435.00,0.66
2018-11-20,-0.01,-0.01,0.63,0.63,3.77,-0.18,-1.07,339660.00,0.63
2018-11-21,0.03,0.03,0.61,0.64,3.72,0.12,0.72,329760.00,0.30
2018-11-23,0.00,0.00,0.60,0.85,4.94,-0.20,-1.16,323770.00,0.22
2018-11-26,-0.01,-0.01,0.60,1.03,6.02,0.19,1.10,325570.00,0.48
2018-11-27,-0.05,-0.05,0.62,0.80,4.90,-0.11,-0.64,324560.00,0.42
2018-11-28,0.07,0.07,0.67,1.29,7.38,-0.01,-0.06,327345.00,0.63
2018-11-29,-0.04,-0.04,0.66,1.12,6.69,-0.20,-1.14,314490.00,0.62
2018-11-30,0.03,0.03,0.64,0.49,2.85,0.25,1.49,311810.00,0.80
2018-12-03,-0.01,-0.01,0.63,1.07,6.29,0.34,1.98,307455.00,0.82
2018-12-04,-0.08,-0.08,0.69,1.86,11.87,-0.02,-0.12,311970.00,0.84
2018-12-06,0.06,0.06,0.72,1.37,8.25,-0.18,-1.15,287170.00,1.02
2018-12-07,-0.01,-0.01,0.72,0.82,5.00,-0.04,-0.24,282400.00,1.00
2018-12-10,-0.18,-0.20,0.88,2.35,17.50,-3.40,-20.72,439630.00,9.56
2018-12-11,0.06,0.06,0.91,0.94,6.62,0.30,2.23,431070.00,0.99
2018-12-12,0.01,0.01,0.90,0.38,2.65,0.03,0.21,435010.00,0.92
2018-12-13,0.03,0.03,0.91,0.63,4.27,0.11,0.77,440480.00,0.79
2018-12-14,-0.07,-0.08,0.94,1.05,7.67,-0.17,-1.15,439650.00,0.75
2018-12-17,-0.02,-0.02,0.91,0.75,5.60,-0.10,-0.73,450345.00,1.03
2018-12-18,-0.02,-0.02,0.91,0.87,6.62,0.15,1.12,456475.00,0.70
2018-12-19,-0.03,-0.03,0.91,1.15,9.00,0.13,0.99,466940.00,0.93
2018-12-20,-0.02,-0.02,0.91,0.57,4.57,0.09,0.70,469265.00,0.56
2018-12-21,-0.06,-0.06,0.90,1.07,9.08,0.08,0.64,501990.00,1.50
2018-12-24,-0.00,-0.00,0.90,0.40,3.40,-0.06,-0.51,505085.00,0.26
2018-12-26,0.06,0.06,0.95,0.68,5.44,0.13,1.11,514100.00,0.65
2018-12-27,0.01,0.01,0.94,0.68,5.40,-0.16,-1.28,522880.00,0.60
2018-12-28,0.00,0.00,0.89,0.54,4.28,0.00,0.00,525805.00,0.50
2018-12-31,0.01,0.01,0.89,0.36,2.83,0.09,0.71,526065.00,0.38
2019-01-02,-0.00,-0.00,0.88,0.80,6.32,-0.17,-1.34,537325.00,0.88
2019-01-03,-0.00,-0.00,0.88,0.57,4.52,0.02,0.16,572200.00,1.66
2019-01-04,0.06,0.05,0.88,0.93,6.99,0.19,1.51,577705.00,0.64
2019-01-07,0.06,0.05,0.87,0.85,6.05,0.09,0.68,585990.00,0.78
2019-01-08,0.02,0.02,0.88,0.71,4.98,0.10,0.71,591575.00,0.66
2019-01-09,-0.03,-0.03,0.59,0.62,4.48,-0.11,-0.77,400780.00,0.96
2019-01-10,0.00,0.00,0.55,0.71,5.12,-0.10,-0.72,416875.00,1.80
2019-01-11,0.03,0.03,0.57,1.01,7.06,-0.09,-0.65,425885.00,1.36
2019-01-14,-0.06,-0.06,0.59,0.75,5.55,-0.14,-0.98,428790.00,0.94
2019-01-15,0.00,0.00,0.53,0.60,4.43,0.15,1.11,430555.00,0.85
2019-01-16,-0.05,-0.05,0.55,0.97,7.56,0.01,0.07,439530.00,1.46
2019-01-17,-0.02,-0.02,0.56,0.64,5.10,0.00,0.00,449635.00,1.16
2019-01-18,-0.02,-0.02,0.55,0.60,4.87,0.04,0.32,442790.00,0.67
2019-01-22,-0.06,-0.07,0.59,1.12,9.71,-0.09,-0.73,466020.00,1.56
2019-01-23,-0.01,-0.01,0.56,0.73,6.40,-0.03,-0.26,461760.00,1.45
2019-01-24,0.00,0.00,0.56,0.51,4.46,-0.08,-0.70,473865.00,0.79
2019-01-25,0.02,0.02,0.51,1.47,12.56,0.06,0.52,533575.00,2.87
2019-01-28,-0.03,-0.03,0.52,0.57,5.02,-0.11,-0.94,539220.00,0.79
2019-01-29,0.02,0.02,0.52,0.86,7.45,0.04,0.35,551410.00,0.92
2019-01-30,-0.01,-0.01,0.52,0.58,5.07,-0.08,-0.69,564295.00,0.81
2019-01-31,0.03,0.03,0.53,0.44,3.75,-0.03,-0.26,557610.00,0.61
2019-02-01,-0.03,-0.03,0.54,0.53,4.64,0.01,0.09,529925.00,0.75
2019-02-04,-0.01,-0.01,0.49,1.98,17.44,-0.86,-7.52,589580.00,2.66
2019-02-05,-0.02,-0.02,0.43,0.64,5.76,0.00,0.00,585425.00,0.64
2019-02-06,1.30,0.83,4.69,7.72,30.16,18.26,164.36,1863255.00,13.93
2019-02-07,-0.11,-0.11,4.72,3.53,15.44,0.55,2.15,2030765.00,1.84
2019-02-08,-0.02,-0.02,4.72,1.87,8.33,-0.11,-0.48,2105350.00,1.07
2019-02-11,-0.05,-0.05,4.73,2.50,11.70,0.00,0.00,2155205.00,0.73
2019-02-12,-0.02,-0.02,4.73,1.53,7.29,0.05,0.23,2193975.00,0.54
2019-02-13,0.01,0.01,4.72,1.41,6.62,1.37,6.53,2458770.00,2.30
2019-02-14,-0.01,-0.01,4.72,0.80,3.79,-0.02,-0.09,2488675.00,0.50
2019-02-15,0.03,0.03,4.71,1.34,6.14,0.04,0.19,2531915.00,0.55
2019-02-19,0.01,0.01,4.70,0.80,3.61,-0.04,-0.18,2634500.00,0.89
2019-02-20,0.00,0.00,4.69,0.93,4.18,-0.09,-0.41,2666625.00,0.51
2019-02-21,-0.02,-0.02,4.69,1.12,5.12,-0.01,-0.04,2672170.00,0.29
2019-02-22,-0.03,-0.03,4.69,0.85,4.01,0.00,0.00,2719000.00,0.48
2019-02-25,0.02,0.02,4.69,0.87,4.00,0.35,1.65,2710380.00,0.50
2019-02-26,-0.04,-0.04,4.70,0.94,4.51,-0.11,-0.51,2755590.00,0.48
2019-02-27,0.01,0.01,4.70,1.56,7.38,-0.19,-0.91,2793190.00,0.45
2019-02-28,-0.05,-0.06,4.71,1.36,6.80,-0.01,-0.05,2852885.00,0.58
2019-03-01,0.02,0.02,4.71,0.77,3.76,0.20,1.00,2872090.00,0.25
2019-03-04,-0.01,-0.01,4.71,1.73,8.54,0.28,1.37,2906080.00,0.37
2019-03-05,-0.01,-0.01,4.71,0.93,4.63,-0.04,-0.20,2864850.00,0.26
2019-03-06,-0.04,-0.04,4.71,1.14,5.93,0.07,0.35,2910220.00,0.44
2019-03-07,-0.01,-0.01,0.53,0.76,3.99,-0.08,-0.42,1662990.00,0.60
2019-03-08,0.01,0.01,0.41,0.84,4.35,-0.13,-0.68,1501960.00,0.34
2019-03-11,0.02,0.02,0.42,0.65,3.29,-0.06,-0.31,1496410.00,1.42
2019-03-12,-0.01,-0.01,0.39,0.46,2.34,-0.01,-0.05,1432970.00,0.22
2019-03-13,0.03,0.03,0.40,1.02,5.05,0.09,0.46,1546880.00,2.24
2019-03-14,-0.05,-0.05,0.43,1.55,8.05,0.07,0.35,1290880.00,0.42
2019-03-15,-0.01,-0.01,0.43,0.52,2.72,0.07,0.36,1366335.00,2.01
2019-03-18,-0.00,-0.00,0.40,0.41,2.15,0.04,0.21,1330085.00,0.50
2019-03-19,-0.01,-0.01,0.39,0.50,2.65,0.00,0.00,1250560.00,0.61
2019-03-20,0.02,0.02,0.40,1.04,5.41,0.02,0.11,1224465.00,0.69
2019-03-21,0.03,0.03,0.42,1.01,5.10,-0.20,-1.04,1210105.00,0.41
2019-03-22,-0.04,-0.04,0.43,0.95,5.01,-0.15,-0.76,1179275.00,0.59
2019-03-25,0.03,0.03,0.44,0.83,4.23,0.00,0.00,1139890.00,0.50
2019-03-26,0.02,0.02,0.43,0.42,2.11,0.09,0.46,1092225.00,0.35
2019-03-27,-0.06,-0.07,0.48,1.30,6.97,-0.02,-0.10,1074925.00,0.85
2019-03-28,-0.06,-0.06,0.49,1.38,7.88,-0.11,-0.59,1044060.00,0.99
2019-03-29,0.03,0.03,0.49,1.22,6.79,0.20,1.14,1057850.00,0.95
2019-04-01,0.03,0.03,0.51,0.98,5.29,0.17,0.95,1043010.00,0.75
2019-04-02,0.01,0.01,0.51,0.61,3.25,0.05,0.27,1031815.00,0.50
2019-04-03,0.01,0.01,0.49,0.47,2.47,0.14,0.75,988695.00,0.42
2019-04-04,0.01,0.01,0.49,0.60,3.12,0.04,0.21,964340.00,0.54
2019-04-05,0.03,0.02,0.50,0.62,3.15,0.14,0.73,965270.00,0.55
2019-04-08,-0.02,-0.02,0.50,0.39,2.01,-0.08,-0.41,881515.00,0.52
2019-04-09,-0.04,-0.04,0.51,0.93,4.99,-0.01,-0.05,892940.00,0.60
2019-04-10,-0.01,-0.02,0.50,0.64,3.49,0.06,0.32,760935.00,1.08
2019-04-11,-0.03,-0.03,0.49,1.23,6.93,0.18,0.98,761840.00,0.73
2019-04-12,-0.02,-0.02,0.49,0.54,3.10,-0.08,-0.45,658025.00,1.02
2019-04-15,0.00,0.00,0.49,0.39,2.23,0.09,0.52,644480.00,0.60
2019-04-16,-0.03,-0.04,0.51,0.79,4.68,0.10,0.57,622575.00,0.51
2019-04-17,-0.03,-0.03,0.51,1.57,9.60,0.66,3.91,622560.00,1.36
2019-04-18,-0.01,-0.01,0.49,0.82,5.06,0.05,0.31,619820.00,0.71
2019-04-22,0.01,0.01,0.47,0.39,2.39,-0.08,-0.49,607365.00,0.73
2019-04-23,0.03,0.03,0.47,0.76,4.52,-0.02,-0.12,601305.00,0.75
2019-04-24,-0.02,-0.02,0.46,0.70,4.24,0.13,0.77,616795.00,1.11
2019-04-25,0.01,0.01,0.42,0.63,3.78,-0.02,-0.12,587240.00,0.55
2019-04-26,0.01,0.01,0.36,0.69,4.09,-0.07,-0.42,572655.00,1.30
2019-04-29,0.02,0.02,0.36,0.76,4.41,-0.01,-0.06,585180.00,2.14
2019-04-30,-0.03,-0.03,0.35,0.76,4.53,-0.14,-0.81,593435.00,1.59
2019-05-01,0.00,0.00,0.34,0.86,5.13,-0.06,-0.36,596740.00,0.98
2019-05-02,0.03,0.03,0.36,1.89,10.90,-1.20,-7.15,614150.00,1.25
2019-05-03,0.03,0.03,0.38,0.87,4.86,1.06,6.11,635925.00,1.50
2019-05-06,0.03,0.03,0.39,0.94,5.11,-0.29,-1.62,661235.00,1.57
2019-05-07,-0.03,-0.03,0.40,1.00,5.61,-0.26,-1.41,686765.00,1.41
2019-05-08,-0.02,-0.02,0.38,0.84,4.79,-0.15,-0.84,708405.00,1.37
2019-05-09,-0.01,-0.01,0.37,0.58,3.33,-0.12,-0.68,697925.00,0.87
2019-05-10,-0.00,-0.00,0.36,0.78,4.48,-0.17,-0.98,698315.00,0.81
2019-05-13,-0.07,-0.07,0.42,0.98,6.03,-0.41,-2.35,690160.00,0.74
2019-05-14,0.02,0.02,0.43,0.89,5.38,0.00,0.00,705765.00,0.99
2019-05-15,-0.02,-0.02,0.42,1.16,7.13,-0.13,-0.79,791365.00,2.57
2019-05-16,0.11,0.10,0.55,1.49,8.28,2.00,12.29,877260.00,2.92
2019-05-17,0.04,0.04,0.56,1.02,5.45,-0.19,-1.06,907915.00,1.16
2019-05-20,-0.03,-0.03,0.57,0.52,2.85,-0.21,-1.12,929540.00,0.95
2019-05-21,0.03,0.03,0.57,0.72,3.84,0.01,0.05,931210.00,0.52
2019-05-22,-0.02,-0.02,0.57,1.05,5.70,0.03,0.16,966505.00,1.44
2019-05-23,0.01,0.01,0.57,0.86,4.62,-0.19,-1.03,975440.00,0.51
2019-05-24,0.01,0.01,0.57,0.61,3.24,0.00,0.00,965520.00,0.56
2019-05-28,-0.02,-0.02,0.58,0.73,3.97,-0.06,-0.32,942010.00,0.83
2019-05-29,0.01,0.01,0.56,1.03,5.57,0.02,0.11,918100.00,0.51
2019-05-30,-0.05,-0.06,0.60,1.02,5.83,-0.15,-0.81,913455.00,0.54
2019-05-31,0.05,0.05,0.61,1.53,8.34,-0.14,-0.80,988965.00,2.30
2019-06-03,0.02,0.02,0.61,0.89,4.76,0.00,0.00,979565.00,0.78
2019-06-04,-0.17,-0.18,0.85,4.59,29.46,0.03,0.16,1168185.00,4.12
2019-06-05,-0.06,-0.06,0.86,1.29,8.80,0.03,0.19,1188740.00,1.16
2019-06-06,-0.01,-0.01,0.86,1.06,7.31,-0.04,-0.27,1181340.00,0.70
2019-06-07,0.03,0.03,0.87,0.68,4.56,-0.07,-0.48,1181850.00,0.52
2019-06-10,0.03,0.03,0.88,0.66,4.31,0.15,1.01,1189105.00,0.60
2019-06-11,-0.03,-0.03,0.86,0.77,5.17,0.11,0.72,1188640.00,0.42
2019-06-12,0.01,0.01,0.85,0.57,3.80,-0.04,-0.27,1168180.00,0.25
2019-06-13,0.02,0.02,0.86,0.47,3.07,0.02,0.13,1082760.00,0.30
2019-06-14,-0.01,-0.01,0.76,0.46,3.02,-0.06,-0.39,980695.00,0.53
2019-06-17,0.06,0.05,0.77,0.88,5.48,0.06,0.39,960420.00,0.67
2019-06-18,0.04,0.04,0.79,0.99,5.91,-0.07,-0.44,947065.00,0.65
2019-06-19,-0.00,-0.00,0.78,0.51,3.05,0.08,0.48,941730.00,0.40
2019-06-20,-0.02,-0.02,0.78,0.65,3.97,0.08,0.48,891760.00,0.44
2019-06-21,0.02,0.02,0.78,1.47,8.83,-0.11,-0.67,993415.00,2.55
2019-06-24,-0.02,-0.02,0.78,0.55,3.39,-0.05,-0.30,1003890.00,0.75
2019-06-25,0.01,0.01,0.78,0.77,4.69,0.13,0.80,984365.00,0.40
2019-06-26,-0.01,-0.01,0.78,0.62,3.83,-0.02,-0.12,980275.00,0.39
2019-06-27,0.03,0.03,0.77,0.52,3.12,0.06,0.37,976955.00,0.43
2019-06-28,0.02,0.02,0.75,0.56,3.30,0.04,0.24,977705.00,2.34
2019-07-01,0.02,0.02,0.75,0.64,3.70,0.29,1.71,960105.00,0.43
2019-07-02,-0.03,-0.03,0.45,1.31,7.81,0.04,0.23,744670.00,0.68
2019-07-03,0.04,0.04,0.40,0.64,3.66,0.17,1.01,690485.00,0.43
2019-07-05,-0.06,-0.07,0.47,1.16,7.09,-0.18,-1.03,670635.00,0.63
2019-07-08,-0.01,-0.01,0.47,0.48,2.96,-0.11,-0.67,664830.00,0.76
2019-07-09,0.01,0.01,0.46,0.66,4.02,-0.13,-0.80,655305.00,0.79
2019-07-10,-0.02,-0.02,0.46,0.63,3.92,-0.03,-0.18,647220.00,0.52
2019-07-11,-0.02,-0.02,0.46,0.74,4.69,0.17,1.06,658770.00,0.79
2019-07-12,0.01,0.01,0.46,0.39,2.46,0.00,0.00,655620.00,0.40
2019-07-15,0.00,0.00,0.46,0.39,2.45,-0.07,-0.44,640065.00,0.33
2019-07-16,-0.04,-0.05,0.44,0.87,5.72,0.00,0.00,626060.00,0.58
2019-07-17,-0.00,-0.00,0.41,0.63,4.15,-0.01,-0.07,618135.00,0.73
2019-07-18,-0.00,-0.00,0.41,0.44,2.91,0.28,1.85,621310.00,0.71
2019-07-19,-0.03,-0.03,0.41,0.52,3.54,0.03,0.20,618435.00,0.54
2019-07-22,-0.01,-0.01,0.41,0.41,2.83,0.11,0.75,510550.00,0.74
2019-07-23,-0.03,-0.03,0.41,0.60,4.27,0.05,0.35,505705.00,1.30
2019-07-24,-0.02,-0.02,0.41,0.48,3.50,0.01,0.07,516055.00,1.16
2019-07-25,-0.02,-0.02,0.41,0.49,3.65,-0.06,-0.44,535300.00,1.44
2019-07-26,0.06,0.06,0.46,0.87,6.11,0.08,0.60,531650.00,0.66
2019-07-29,-0.02,-0.02,0.45,0.78,5.57,0.00,0.00,433060.00,0.74
2019-07-30,0.05,0.05,0.49,0.86,5.85,0.00,0.00,431915.00,0.90
2019-07-31,-0.02,-0.02,0.48,0.53,3.68,0.08,0.54,427250.00,0.96
2019-08-01,0.02,0.02,0.46,1.30,8.86,-0.31,-2.15,450635.00,1.69
2019-08-02,-0.05,-0.05,0.44,0.99,7.11,-0.03,-0.20,449710.00,0.91
2019-08-05,-0.04,-0.04,0.45,0.71,5.31,-0.34,-2.44,459620.00,1.53
2019-08-06,0.05,0.05,0.50,0.84,5.97,0.13,0.97,453130.00,0.86
2019-08-07,0.01,0.01,0.50,0.57,4.02,-0.01,-0.07,451845.00,0.69
2019-08-08,0.03,0.03,0.51,0.58,3.98,0.13,0.92,445215.00,0.88
2019-08-09,-0.02,-0.02,0.51,0.51,3.56,-0.06,-0.41,446595.00,0.64
2019-08-12,-0.03,-0.03,0.51,0.43,3.08,-0.18,-1.26,447640.00,0.52
2019-08-13,0.03,0.03,0.51,0.60,4.17,-0.04,-0.29,439405.00,0.46
2019-08-14,0.04,0.04,0.53,1.25,8.38,-0.20,-1.39,450395.00,1.49
2019-08-15,-0.03,-0.03,0.54,1.05,7.25,0.07,0.47,446545.00,0.81
2019-08-16,0.04,0.04,0.54,0.60,3.98,0.02,0.14,445055.00,0.69
2019-08-19,0.01,0.01,0.54,0.26,1.71,0.16,1.06,440295.00,0.64
2019-08-20,0.01,0.01,0.53,0.53,3.46,-0.03,-0.20,421430.00,0.66
2019-08-21,0.00,0.00,0.52,0.27,1.76,0.08,0.52,403515.00,0.60
2019-08-22,-0.02,-0.02,0.51,0.31,2.05,-0.02,-0.13,383645.00,0.97
2019-08-23,-0.06,-0.06,0.52,1.04,7.28,-0.06,-0.40,385815.00,1.02
2019-08-26,0.00,0.00,0.52,0.40,2.79,0.12,0.84,383865.00,0.73
2019-08-27,-0.03,-0.03,0.49,0.90,6.45,0.01,0.07,376455.00,0.64
2019-08-28,0.03,0.03,0.50,0.50,3.49,-0.09,-0.65,364865.00,0.49
2019-08-29,0.01,0.01,0.49,0.54,3.73,0.17,1.19,337520.00,0.64
2019-08-30,-0.01,-0.01,0.46,0.45,3.14,0.06,0.41,323095.00,0.37
2019-09-03,-0.04,-0.04,0.46,0.88,6.42,0.00,0.00,310055.00,1.42
2019-09-04,0.01,0.01,0.43,0.74,5.33,0.13,0.95,313555.00,1.47
2019-09-05,-0.02,-0.02,0.43,0.52,3.81,0.05,0.36,312445.00,0.93
2019-09-06,-0.03,-0.03,0.42,0.50,3.76,0.08,0.59,313590.00,1.32
2019-09-09,0.01,0.01,0.42,0.57,4.25,0.05,0.38,310485.00,0.73
2019-09-10,0.07,0.07,0.49,1.07,7.42,-0.06,-0.45,325930.00,1.66
2019-09-11,-0.00,-0.00,0.48,0.58,4.04,0.00,0.00,334785.00,1.13
2019-09-12,-0.05,-0.05,0.50,0.84,6.18,-0.02,-0.14,329200.00,1.71
2019-09-13,-0.04,-0.04,0.50,1.01,7.72,-0.04,-0.29,333235.00,1.33
2019-09-16,0.02,0.02,0.48,0.67,5.03,-0.07,-0.54,369435.00,2.79
2019-09-17,-0.01,-0.02,0.48,0.43,3.27,-0.03,-0.23,371195.00,0.85
2019-09-18,-0.02,-0.02,0.48,0.65,5.04,-0.01,-0.08,390250.00,1.69
2019-09-19,0.01,0.01,0.48,0.97,7.46,-0.06,-0.47,397210.00,0.96
2019-09-20,-0.01,-0.01,0.48,0.62,4.81,-0.04,-0.31,483065.00,4.33
2019-09-23,0.03,0.03,0.47,0.67,5.03,0.00,0.00,480345.00,0.71
2019-09-24,-0.02,-0.02,0.47,0.70,5.36,0.08,0.60,485880.00,0.81
2019-09-25,-0.01,-0.01,0.46,0.48,3.70,0.02,0.15,485680.00,0.49
2019-09-26,-0.04,-0.04,0.46,0.71,5.68,-0.07,-0.54,490935.00,0.58
2019-09-27,-0.01,-0.01,0.46,1.11,8.92,-0.09,-0.72,497370.00,0.69
2019-09-30,0.03,0.03,0.47,0.70,5.49,0.08,0.64,505815.00,0.57
2019-10-01,-0.06,-0.06,0.49,1.14,9.48,-0.03,-0.24,503545.00,0.78
2019-10-02,-0.02,-0.02,0.49,0.67,5.67,-0.13,-1.08,499430.00,0.76
2019-10-03,0.04,0.04,0.51,0.88,7.17,0.06,0.51,497120.00,0.49
2019-10-04,-0.01,-0.01,0.51,0.83,6.81,0.10,0.81,493035.00,0.67
2019-10-07,-0.03,-0.03,0.51,0.46,3.88,-0.11,-0.90,490570.00,0.36
2019-10-08,-0.03,-0.03,0.42,0.34,2.95,-0.13,-1.10,480800.00,0.72
2019-10-09,-0.06,-0.06,0.45,0.78,7.17,0.08,0.69,477605.00,0.66
2019-10-10,0.04,0.04,0.46,0.63,5.57,0.00,0.00,461145.00,0.50
2019-10-11,0.01,0.01,0.45,0.33,2.90,-0.01,-0.09,456165.00,0.75
2019-10-14,-0.01,-0.01,0.44,0.55,4.89,-0.12,-1.05,416280.00,0.56
2019-10-15,0.02,0.02,0.45,0.43,3.74,0.00,0.00,414535.00,0.68
2019-10-16,-0.03,-0.03,0.46,0.52,4.66,-0.01,-0.09,392355.00,0.55
2019-10-17,0.03,0.03,0.47,0.34,2.97,0.07,0.63,386815.00,0.69
2019-10-18,-0.04,-0.04,0.49,0.53,4.82,-0.12,-1.05,309790.00,1.77
2019-10-21,0.03,0.03,0.49,1.00,8.79,0.01,0.09,325780.00,2.02
2019-10-22,-0.03,-0.03,0.49,0.71,6.44,0.03,0.26,316760.00,0.67
2019-10-23,-0.15,-0.17,0.71,0.90,9.63,-1.03,-9.34,422995.00,5.59
2019-10-24,-0.04,-0.04,0.71,0.80,8.89,0.06,0.64,448900.00,1.78
2019-10-25,-0.03,-0.03,0.71,0.43,4.94,-0.08,-0.89,471990.00,1.71
2019-10-28,0.02,0.02,0.71,0.30,3.38,0.13,1.49,485540.00,1.15
2019-10-29,-0.01,-0.01,0.69,0.45,5.12,0.03,0.34,491030.00,1.03
2019-10-30,-0.02,-0.02,0.69,0.41,4.74,0.00,0.00,493265.00,0.86
2019-10-31,-0.02,-0.02,0.66,0.46,5.41,0.00,0.00,503425.00,0.89
2019-11-01,0.04,0.04,0.69,0.44,4.98,0.06,0.71,505515.00,0.74
2019-11-04,-0.03,-0.03,0.69,0.33,3.85,0.03,0.34,522630.00,0.99
2019-11-05,-0.01,-0.01,0.69,0.33,3.88,0.02,0.23,532590.00,1.02
2019-11-06,-0.02,-0.02,0.67,0.23,2.75,0.03,0.35,545775.00,1.06
2019-11-07,0.01,0.01,0.65,0.48,5.70,-0.06,-0.72,565920.00,1.12
2019-11-08,-0.02,-0.02,0.64,0.37,4.48,0.00,0.00,575485.00,0.93
2019-11-11,-0.04,-0.04,0.65,0.52,6.54,-0.02,-0.24,624010.00,1.93
2019-11-12,0.04,0.04,0.66,0.54,6.55,0.05,0.63,643295.00,1.04
2019-11-13,-0.01,-0.01,0.66,0.41,5.00,-0.06,-0.73,650155.00,0.54
2019-11-14,0.02,0.02,0.66,0.45,5.37,-0.04,-0.49,662195.00,0.77
2019-11-15,0.03,0.03,0.67,0.36,4.17,0.06,0.72,654985.00,0.62
2019-11-18,-0.02,-0.02,0.65,0.54,6.39,0.00,0.00,637000.00,0.47
2019-11-19,0.03,0.03,0.66,0.34,3.92,0.06,0.71,641440.00,0.47
2019-11-20,-0.00,-0.00,0.39,0.37,4.29,-0.14,-1.61,547505.00,0.89
2019-11-21,0.00,0.00,0.37,1.21,14.00,-1.04,-12.05,574200.00,2.32
2019-11-22,0.00,0.00,0.35,0.44,5.08,-0.08,-0.93,553140.00,0.69
2019-11-25,0.07,0.07,0.43,0.63,6.80,0.14,1.62,563385.00,1.35
2019-11-26,0.00,0.00,0.43,0.48,5.16,0.00,0.00,565470.00,0.97
2019-11-27,0.01,0.01,0.42,0.22,2.34,0.05,0.54,559150.00,0.53
2019-11-29,0.01,0.01,0.41,0.34,3.59,-0.05,-0.53,544835.00,0.30
2019-12-02,-0.02,-0.02,0.41,0.54,5.82,-0.04,-0.42,548590.00,0.82
2019-12-03,0.00,0.00,0.39,0.32,3.44,-0.04,-0.43,536480.00,0.52
2019-12-04,0.04,0.04,0.41,0.48,4.96,0.00,0.00,539975.00,1.14
2019-12-05,-0.04,-0.04,0.44,0.53,5.72,0.05,0.52,549320.00,1.39
2019-12-06,0.05,0.04,0.46,0.44,4.55,0.07,0.76,531135.00,0.51
2019-12-09,0.02,0.02,0.45,0.23,2.34,0.08,0.83,525715.00,0.81
2019-12-10,-0.05,-0.05,0.47,0.83,8.90,0.02,0.20,524765.00,2.26
2019-12-11,0.04,0.04,0.47,2.61,26.93,0.14,1.50,581090.00,3.09
2019-12-12,0.07,0.06,0.51,1.05,10.16,-0.11,-1.14,597225.00,1.13
2019-12-13,0.03,0.02,0.51,0.52,4.91,-0.02,-0.19,595340.00,0.79
2019-12-16,-0.05,-0.06,0.56,0.90,8.98,0.06,0.57,601475.00,0.88
2019-12-17,0.01,0.01,0.54,0.27,2.66,-0.01,-0.10,627755.00,1.32
2019-12-18,0.04,0.04,0.55,0.64,6.05,-0.06,-0.59,641260.00,0.89
2019-12-19,0.04,0.04,0.56,0.49,4.47,0.42,3.97,641760.00,0.77
2019-12-20,-0.01,-0.01,0.56,0.38,3.49,0.04,0.36,608085.00,1.09
2019-12-23,0.01,0.01,0.56,0.43,3.90,0.10,0.92,606285.00,0.57
2019-12-24,0.02,0.02,0.52,0.41,3.65,-0.13,-1.18,578530.00,0.36
2019-12-26,-0.03,-0.03,0.54,0.45,4.14,0.00,0.00,565440.00,0.50
2019-12-27,-0.01,-0.01,0.54,0.36,3.35,0.10,0.92,565615.00,0.53
2019-12-30,-0.03,-0.03,0.55,0.35,3.34,-0.04,-0.37,570000.00,0.44
2019-12-31,0.04,0.04,0.56,0.58,5.33,-0.06,-0.57,583035.00,1.22
2020-01-02,-0.01,-0.01,0.56,0.60,5.57,0.12,1.10,600020.00,1.03
2020-01-03,0.01,0.01,0.55,0.48,4.39,-0.26,-2.41,587670.00,0.63
2020-01-06,-0.02,-0.02,0.52,0.33,3.07,-0.28,-2.56,568815.00,0.68
2020-01-07,-0.02,-0.02,0.51,0.31,2.93,-0.08,-0.74,590610.00,1.20
2020-01-08,0.04,0.03,0.52,0.54,4.94,0.02,0.19,586535.00,0.59
2020-01-09,0.04,0.04,0.49,0.39,3.43,0.11,1.01,545520.00,0.67
2020-01-10,-0.03,-0.03,0.49,0.76,6.87,-0.17,-1.49,510715.00,2.15
2020-01-13,0.04,0.04,0.46,0.99,8.58,0.06,0.54,524320.00,1.81
2020-01-14,0.03,0.03,0.47,0.72,6.05,-0.07,-0.61,528545.00,1.05
2020-01-15,-0.02,-0.02,0.42,0.47,4.01,0.04,0.34,525445.00,0.89
2020-01-16,-0.01,-0.01,0.42,0.58,5.00,0.13,1.11,504525.00,0.81
2020-01-17,-0.03,-0.03,0.42,0.66,5.86,0.07,0.60,496050.00,0.81
2020-01-21,0.08,0.07,0.48,0.66,5.45,0.32,2.84,496975.00,1.03
2020-01-22,-0.03,-0.03,0.50,0.79,6.73,0.10,0.83,478955.00,0.63
2020-01-23,-0.03,-0.03,0.51,0.59,5.18,-0.01,-0.09,479520.00,0.75
2020-01-24,-0.05,-0.05,0.54,0.90,8.33,0.06,0.53,488350.00,0.79
2020-01-27,-0.05,-0.05,0.56,0.51,4.98,-0.22,-2.04,483335.00,0.38
2020-01-28,0.02,0.02,0.56,0.32,3.07,0.10,0.98,480810.00,0.52
2020-01-29,-0.05,-0.05,0.58,0.60,6.02,0.07,0.67,478505.00,0.42
2020-01-30,-0.03,-0.03,0.56,0.34,3.51,-0.11,-1.10,455660.00,0.56
2020-01-31,-0.05,-0.05,0.58,0.58,6.27,-0.06,-0.62,439780.00,0.68
2020-02-03,0.04,0.04,0.60,0.35,3.63,0.09,0.97,432295.00,0.50
2020-02-04,0.02,0.02,0.61,0.34,3.47,0.15,1.56,427220.00,0.67
2020-02-05,0.02,0.02,0.61,0.39,3.89,0.17,1.73,408510.00,0.82
2020-02-06,-0.03,-0.03,0.60,0.55,5.66,0.08,0.80,403555.00,0.61
2020-02-07,-0.02,-0.02,0.58,0.35,3.68,-0.14,-1.44,399380.00,0.70
2020-02-10,0.06,0.06,0.62,0.47,4.67,0.19,2.00,358580.00,0.79
2020-02-11,0.02,0.02,0.60,0.59,5.76,0.05,0.50,329280.00,1.10
2020-02-12,-0.02,-0.02,0.59,0.65,6.47,0.12,1.17,312510.00,0.71
2020-02-13,0.02,0.02,0.59,0.49,4.79,-0.09,-0.90,304175.00,0.98
2020-02-14,-0.01,-0.01,0.59,0.28,2.76,0.01,0.10,294760.00,0.74
2020-02-18,0.03,0.03,0.60,0.43,4.10,-0.06,-0.59,287895.00,0.92
2020-02-19,0.03,0.03,0.55,0.71,6.55,0.00,0.00,280435.00,1.30
2020-02-20,0.06,0.06,0.58,0.91,7.91,0.00,0.00,288410.00,1.60
2020-02-21,-0.00,-0.00,0.58,0.57,4.98,-0.02,-0.17,291740.00,1.46
2020-02-24,-0.03,-0.03,0.55,0.47,4.25,-0.48,-4.19,298230.00,1.73
2020-02-25,-0.01,-0.01,0.52,0.55,5.00,0.05,0.45,311950.00,1.47
2020-02-26,0.09,0.09,0.61,1.75,14.57,-0.04,-0.36,341130.00,2.44
2020-02-27,-0.16,-0.17,0.82,1.83,18.07,-0.07,-0.58,354385.00,1.32
2020-02-28,-0.13,-0.14,0.95,1.63,18.59,-0.44,-4.34,370765.00,1.57
2020-03-02,0.01,0.01,0.94,0.58,6.52,0.19,2.17,381730.00,1.36
2020-03-03,-0.03,-0.03,0.93,0.77,8.90,-0.06,-0.67,408740.00,1.86
2020-03-04,-0.02,-0.02,0.93,0.49,5.76,-0.06,-0.69,422305.00,1.32
2020-03-05,-0.08,-0.09,0.96,0.63,8.10,-0.40,-4.71,460740.00,2.39
2020-03-06,-0.05,-0.05,0.97,0.81,10.92,-0.31,-3.98,477820.00,1.23
2020-03-09,-0.12,-0.13,1.04,0.51,7.80,-0.55,-7.41,487925.00,0.99
2020-03-10,0.11,0.10,1.10,0.56,7.73,0.43,6.57,526250.00,1.99
2020-03-11,-0.10,-0.11,1.14,0.75,11.56,-0.19,-2.62,535760.00,1.03
2020-03-12,-0.09,-0.10,1.17,0.82,13.95,-0.48,-7.40,558960.00,1.23
2020-03-13,0.06,0.06,1.20,1.63,26.08,0.40,6.80,614735.00,2.30
2020-03-16,-0.28,-0.33,1.51,0.93,20.67,-1.27,-20.32,663685.00,1.80
2020-03-17,0.04,0.04,1.51,0.49,10.43,0.10,2.22,702125.00,1.47
2020-03-18,-0.09,-0.09,1.51,0.90,21.03,-0.36,-7.66,711295.00,0.77
2020-03-19,0.12,0.11,1.57,0.87,18.20,-0.04,-0.93,717355.00,0.81
2020-03-20,0.02,0.02,1.57,0.60,12.35,-0.03,-0.63,741320.00,1.22
2020-03-23,0.00,0.00,1.58,0.56,11.52,0.14,2.88,745550.00,0.80
2020-03-24,0.13,0.12,1.68,0.46,8.38,0.25,5.14,751320.00,0.76
2020-03-25,0.02,0.02,1.63,0.47,8.41,0.03,0.55,734005.00,0.66
2020-03-26,0.08,0.08,1.61,0.81,13.43,0.04,0.72,749360.00,1.03
2020-03-27,-0.03,-0.04,1.55,0.56,9.62,-0.23,-3.81,738440.00,0.49
2020-03-30,0.01,0.01,1.55,0.39,6.62,0.07,1.20,736030.00,0.64
2020-03-31,-0.01,-0.01,1.55,0.42,7.22,-0.03,-0.51,736960.00,1.05
2020-04-01,-0.09,-0.09,1.57,0.59,11.13,-0.13,-2.23,745400.00,0.97
2020-04-02,0.02,0.02,1.56,0.36,6.65,-0.01,-0.19,715980.00,0.72
2020-04-03,-0.03,-0.03,1.56,0.37,7.06,0.00,0.00,705150.00,0.53
2020-04-06,0.06,0.06,1.52,0.38,6.85,0.30,5.73,722780.00,1.15
2020-04-07,-0.05,-0.05,1.47,0.63,11.91,0.21,3.78,702655.00,0.92
2020-04-08,0.01,0.01,1.43,0.45,8.41,0.12,2.27,732685.00,1.57
2020-04-09,0.08,0.07,1.42,0.43,7.47,0.14,2.62,738430.00,1.08
2020-04-13,-0.01,-0.01,1.40,0.21,3.66,0.01,0.17,691545.00,0.69
2020-04-14,0.02,0.02,0.93,0.35,6.01,0.00,0.00,665660.00,1.02
2020-04-15,-0.05,-0.05,0.95,0.34,6.14,-0.23,-3.95,636540.00,0.71
2020-04-16,-0.06,-0.06,0.92,0.68,13.08,0.03,0.54,650275.00,1.26
2020-04-17,0.24,0.22,1.18,1.25,19.38,0.26,5.00,669925.00,1.45
2020-04-20,0.09,0.08,1.20,1.13,16.14,-0.15,-2.33,652095.00,0.84
2020-04-21,0.03,0.03,1.20,0.72,9.99,-0.15,-2.14,664200.00,1.27
2020-04-22,-0.02,-0.02,1.14,0.49,6.91,0.21,2.91,662055.00,0.80
2020-04-23,0.01,0.01,1.13,0.76,10.57,0.03,0.42,669345.00,0.95
2020-04-24,0.01,0.01,1.11,0.60,8.23,0.09,1.25,652450.00,0.67
2020-04-27,0.04,0.04,1.10,0.39,5.14,0.15,2.06,654220.00,0.61
2020-04-28,-0.05,-0.05,1.12,0.63,8.71,0.15,1.98,650525.00,0.61
2020-04-29,0.01,0.01,1.12,0.46,6.29,0.29,4.01,636830.00,0.79
2020-04-30,-0.01,-0.02,1.06,0.38,5.28,-0.07,-0.96,619565.00,0.62
2020-05-01,-0.07,-0.07,1.10,0.67,10.03,0.00,0.00,626340.00,1.04
2020-05-04,0.07,0.07,1.11,0.66,9.23,-0.08,-1.20,650635.00,1.32
2020-05-05,0.06,0.06,1.11,0.40,5.26,0.17,2.38,627880.00,0.60
2020-05-06,2.31,1.20,8.19,19.03,75.67,1.40,18.42,4879365.00,17.56
2020-05-07,-0.18,-0.19,8.26,5.15,24.84,-2.39,-9.50,5941305.00,3.77
2020-05-08,-0.02,-0.02,8.27,3.22,15.83,0.86,4.15,6171295.00,0.87
2020-05-11,0.29,0.26,8.28,7.93,30.13,-0.31,-1.52,7143955.00,2.79
2020-05-12,0.03,0.03,8.28,3.18,11.71,2.41,9.16,7582325.00,1.25
2020-05-13,-0.02,-0.02,8.27,2.81,10.60,-0.07,-0.26,7719635.00,0.41
2020-05-14,-0.06,-0.06,8.27,5.20,20.82,-5.48,-20.68,7871795.00,0.49
2020-05-15,0.03,0.03,8.27,1.78,6.90,-0.42,-1.68,7869810.00,0.12
2020-05-18,0.01,0.01,8.28,1.64,6.28,0.83,3.22,7891155.00,0.12
2020-05-19,-0.04,-0.04,8.29,1.91,7.62,-0.10,-0.38,7893935.00,0.11
2020-05-20,0.03,0.03,8.28,1.42,5.50,0.42,1.68,7913845.00,0.12
2020-05-21,-0.03,-0.03,8.29,1.10,4.37,0.35,1.36,7920960.00,0.10
2020-05-22,0.01,0.01,8.29,0.94,3.71,0.01,0.04,7936815.00,0.10
2020-05-26,-0.07,-0.07,8.31,3.38,14.30,1.19,4.69,7975355.00,0.15
2020-05-27,-0.02,-0.02,8.31,1.40,6.05,-0.61,-2.58,8024805.00,0.17
2020-05-28,-0.01,-0.01,8.31,2.57,11.17,1.71,7.39,8064845.00,0.16
2020-05-29,-0.16,-0.18,8.36,2.78,14.45,-2.02,-8.78,8221285.00,0.43
2020-06-01,0.10,0.09,8.33,3.57,16.92,1.17,6.08,8336605.00,0.35
2020-06-02,0.04,0.04,8.33,1.54,7.01,0.49,2.32,8343570.00,0.12
2020-06-03,-0.04,-0.04,8.35,1.29,6.14,-0.58,-2.64,8375640.00,0.12
2020-06-04,-0.03,-0.03,1.51,2.56,12.50,-0.40,-1.90,4248510.00,0.74
2020-06-05,-0.02,-0.03,1.37,2.25,11.27,0.57,2.78,3180140.00,0.32
2020-06-08,0.01,0.01,1.37,1.48,7.37,-0.11,-0.55,2963065.00,0.36
2020-06-09,-0.00,-0.00,0.83,1.66,8.30,-0.27,-1.35,2010535.00,0.44
2020-06-10,-0.01,-0.01,0.82,1.22,6.16,0.19,0.95,1585705.00,0.60
2020-06-11,0.00,0.00,0.82,1.53,7.72,-0.56,-2.83,1483965.00,0.78
2020-06-12,0.01,0.01,0.80,1.43,7.14,0.38,1.92,1326725.00,0.54
2020-06-15,0.11,0.10,0.89,2.62,11.81,-0.11,-0.55,1320615.00,0.62
2020-06-16,0.03,0.03,0.90,1.58,6.95,0.39,1.76,1316900.00,0.68
2020-06-17,0.11,0.10,0.98,3.07,12.17,0.18,0.79,1354885.00,1.22
2020-06-18,0.04,0.04,0.98,1.75,6.69,-0.33,-1.31,1356540.00,0.71
2020-06-19,0.10,0.10,1.03,3.05,10.59,0.40,1.53,1466960.00,2.03
2020-06-22,-0.01,-0.01,1.04,3.83,13.47,0.00,0.00,1570310.00,1.80
2020-06-23,0.00,0.00,1.00,1.56,5.47,0.43,1.51,1555775.00,0.56
2020-06-24,-0.02,-0.02,1.00,2.10,7.49,-0.03,-0.11,1516610.00,0.40
2020-06-25,0.04,0.04,1.00,2.06,7.07,-0.22,-0.78,1491655.00,0.54
2020-06-26,-0.04,-0.04,0.78,1.29,4.61,-0.33,-1.13,1359360.00,0.64
2020-06-29,0.01,0.01,0.72,1.62,5.73,0.19,0.68,1230420.00,0.31
2020-06-30,-0.01,-0.01,0.72,1.04,3.72,-0.21,-0.74,1206615.00,0.43
2020-07-01,0.03,0.03,0.69,1.31,4.54,0.26,0.93,1205645.00,0.83
2020-07-02,0.02,0.02,0.68,1.88,6.37,0.58,2.01,1100060.00,0.93
2020-07-06,-0.02,-0.02,0.67,1.76,6.10,0.65,2.20,1072210.00,0.44
2020-07-07,0.05,0.05,0.68,2.06,6.79,0.37,1.28,1064885.00,0.86
2020-07-08,0.04,0.04,0.68,1.87,5.93,0.20,0.66,1069885.00,0.92
2020-07-09,-0.03,-0.03,0.69,1.45,4.73,-0.03,-0.10,1045525.00,0.44
2020-07-10,-0.01,-0.01,0.69,1.85,6.06,-0.42,-1.37,1008590.00,0.42
2020-07-13,-0.06,-0.06,0.75,2.78,9.69,-0.28,-0.92,995990.00,0.47
2020-07-14,-0.01,-0.01,0.68,1.84,6.49,0.12,0.42,1004640.00,0.98
2020-07-15,0.02,0.02,0.68,1.58,5.49,0.97,3.42,987835.00,0.57
2020-07-16,-0.04,-0.04,0.60,1.46,5.27,-0.33,-1.15,920100.00,0.33
2020-07-17,0.01,0.01,0.59,1.21,4.33,0.15,0.54,887340.00,0.35
2020-07-20,0.01,0.01,0.46,0.98,3.47,0.37,1.32,751155.00,0.35
2020-07-21,-0.06,-0.06,0.51,1.85,6.97,-0.13,-0.46,635715.00,0.81
2020-07-22,0.00,0.00,0.51,1.40,5.26,-0.69,-2.60,604950.00,0.43
2020-07-23,-0.02,-0.02,0.51,1.68,6.46,-0.14,-0.53,587970.00,0.45
2020-07-24,-0.03,-0.03,0.49,1.34,5.30,-0.51,-1.96,569925.00,0.78
2020-07-27,0.04,0.04,0.51,1.86,7.07,-0.02,-0.08,549790.00,0.84
2020-07-28,-0.02,-0.02,0.51,0.99,3.84,-0.18,-0.68,549070.00,0.66
2020-07-29,0.00,0.00,0.51,0.72,2.79,0.05,0.19,540400.00,0.64
2020-07-30,0.04,0.04,0.51,2.12,7.93,0.02,0.08,516335.00,1.01
2020-07-31,-0.05,-0.05,0.53,2.18,8.58,-1.53,-5.72,513995.00,1.90
2020-08-03,0.05,0.05,0.56,3.17,11.87,-0.58,-2.28,516155.00,0.99
2020-08-04,-0.00,-0.00,0.52,1.13,4.25,-0.45,-1.69,486555.00,0.66
2020-08-05,0.02,0.02,0.51,1.88,6.93,0.62,2.33,448990.00,0.51
2020-08-06,0.01,0.01,0.51,1.07,3.90,-0.07,-0.26,438395.00,0.57
2020-08-07,-0.00,-0.00,0.51,2.28,8.32,0.19,0.69,443035.00,1.16
2020-08-10,0.01,0.01,0.47,1.66,5.97,0.28,1.02,437580.00,0.82
2020-08-11,-0.04,-0.04,0.48,2.85,10.66,0.72,2.59,414090.00,1.25
2020-08-12,-0.00,-0.00,0.48,0.73,2.74,0.04,0.15,406380.00,1.01
2020-08-13,0.04,0.04,0.49,1.30,4.68,0.19,0.71,405095.00,0.68
2020-08-14,-0.05,-0.05,0.52,1.87,7.09,0.10,0.36,407175.00,0.86
2020-08-17,0.02,0.02,0.53,1.29,4.77,0.03,0.11,446965.00,2.36
2020-08-18,-0.03,-0.03,0.49,1.91,7.26,0.03,0.11,440580.00,0.87
2020-08-19,0.03,0.03,0.50,1.89,6.96,0.31,1.18,448135.00,0.92
2020-08-20,-0.01,-0.01,0.49,0.99,3.67,-0.24,-0.88,445070.00,0.45
2020-08-21,-0.02,-0.02,0.49,1.35,5.11,-0.17,-0.63,440670.00,0.81
2020-08-24,-0.02,-0.02,0.47,1.01,3.90,0.06,0.23,432935.00,0.71
2020-08-25,0.05,0.05,0.50,2.01,7.35,0.08,0.31,429315.00,0.67
2020-08-26,-0.01,-0.01,0.50,1.37,5.07,0.06,0.22,428235.00,0.76
2020-08-27,-0.01,-0.01,0.49,1.05,3.93,-0.06,-0.22,414340.00,0.59
2020-08-28,0.02,0.02,0.46,1.02,3.74,-0.12,-0.45,375360.00,0.52
2020-08-31,0.06,0.06,0.47,2.16,7.46,0.42,1.54,403020.00,2.64
2020-09-01,-0.09,-0.09,0.58,4.13,15.69,-0.33,-1.14,439540.00,2.39
2020-09-02,0.01,0.01,0.57,1.51,5.67,-0.22,-0.84,442355.00,0.64
2020-09-03,-0.03,-0.03,0.58,1.44,5.55,-0.08,-0.30,449865.00,0.89
2020-09-04,0.02,0.02,0.58,2.23,8.43,0.24,0.93,444460.00,0.92
2020-09-08,-0.00,-0.00,0.58,1.83,6.92,-0.30,-1.13,441460.00,0.68
2020-09-09,0.02,0.02,0.57,1.34,4.95,0.11,0.42,443740.00,1.27
2020-09-10,-0.00,-0.00,0.57,1.63,6.05,0.14,0.52,440775.00,0.80
2020-09-11,-0.00,-0.00,0.55,2.17,8.08,-0.19,-0.70,449885.00,1.02
2020-09-14,0.08,0.08,0.59,2.39,8.22,1.14,4.24,482015.00,2.06
2020-09-15,-0.03,-0.03,0.60,1.54,5.44,0.22,0.76,449970.00,0.92
2020-09-16,0.02,0.02,0.59,1.13,3.92,0.15,0.53,455420.00,1.08
2020-09-17,0.08,0.08,0.65,3.06,9.80,-0.15,-0.52,525055.00,3.44
2020-09-18,0.01,0.01,0.65,1.28,4.05,0.48,1.54,614195.00,3.23
2020-09-21,-0.13,-0.14,0.81,3.38,12.28,-1.46,-4.62,643045.00,1.45
2020-09-22,-0.06,-0.06,0.84,2.38,9.23,0.02,0.07,668810.00,1.23
2020-09-23,-0.04,-0.04,0.83,1.68,6.80,-0.16,-0.62,688670.00,1.00
2020-09-24,-0.00,-0.00,0.83,1.69,6.84,-0.05,-0.20,693530.00,0.61
2020-09-25,0.01,0.01,0.83,0.71,2.84,-0.18,-0.73,697315.00,0.46
2020-09-28,0.02,0.02,0.82,0.96,3.78,0.25,1.00,706105.00,0.53
2020-09-29,-0.01,-0.01,0.79,1.31,5.20,0.02,0.08,666280.00,0.40
2020-09-30,0.00,0.00,0.73,1.07,4.25,-0.04,-0.16,629415.00,0.50
2020-10-01,0.02,0.02,0.73,1.23,4.78,0.24,0.95,634350.00,0.60
2020-10-02,-0.06,-0.06,0.75,1.62,6.67,-0.27,-1.05,632915.00,0.59
2020-10-05,0.07,0.07,0.79,1.57,6.04,0.25,1.03,629445.00,0.54
2020-10-06,-0.01,-0.01,0.79,1.14,4.42,0.14,0.54,628040.00,0.43
2020-10-07,0.01,0.01,0.79,1.12,4.32,0.16,0.62,640450.00,1.26
2020-10-08,-0.01,-0.01,0.79,0.81,3.15,0.21,0.81,638440.00,0.49
2020-10-09,-0.01,-0.01,0.79,2.18,8.56,0.32,1.24,634060.00,0.58
2020-10-12,-0.00,-0.00,0.72,0.80,3.15,0.24,0.94,600285.00,0.53
2020-10-13,0.01,0.01,0.72,0.81,3.15,-0.09,-0.35,598675.00,0.64
2020-10-14,-0.02,-0.02,0.72,0.99,3.91,0.09,0.35,623450.00,1.59
2020-10-15,-0.03,-0.03,0.64,1.59,6.48,-0.18,-0.71,549430.00,0.59
2020-10-16,-0.00,-0.00,0.64,0.98,4.01,-0.14,-0.57,471945.00,0.92
2020-10-19,-0.03,-0.03,0.47,1.32,5.59,0.13,0.53,441235.00,0.72
2020-10-20,-0.02,-0.02,0.43,0.97,4.18,0.09,0.38,415895.00,0.76
2020-10-21,-0.05,-0.05,0.44,1.37,6.21,-0.01,-0.04,396495.00,0.75
2020-10-22,0.03,0.03,0.45,1.25,5.51,-0.01,-0.05,396090.00,1.05
2020-10-23,-0.03,-0.03,0.45,1.46,6.61,0.07,0.31,394825.00,0.74
2020-10-26,-0.02,-0.02,0.45,1.05,4.83,-0.44,-1.99,400335.00,1.20
2020-10-27,-0.02,-0.02,0.45,0.85,3.99,-0.14,-0.64,401495.00,0.72
2020-10-28,-0.04,-0.04,0.46,0.66,3.23,-0.58,-2.72,414345.00,1.37
2020-10-29,-0.03,-0.03,0.45,1.76,8.86,0.02,0.10,430550.00,1.64
2020-10-30,-0.02,-0.02,0.42,0.76,3.92,-0.22,-1.11,437445.00,1.17
2020-11-02,0.00,0.00,0.29,0.83,4.28,-0.07,-0.36,441920.00,0.97
2020-11-03,0.03,0.03,0.33,0.91,4.55,0.05,0.26,465960.00,1.61
2020-11-04,0.05,0.05,0.40,2.32,11.02,-0.06,-0.30,469710.00,1.88
2020-11-05,-0.00,-0.00,0.40,1.85,8.81,0.29,1.38,525105.00,2.70
2020-11-06,-0.06,-0.06,0.44,2.24,11.32,-0.12,-0.57,529775.00,0.88
2020-11-09,0.02,0.02,0.45,1.68,8.32,0.65,3.28,559815.00,1.64
2020-11-10,0.05,0.05,0.49,1.58,7.45,0.23,1.14,567775.00,0.95
2020-11-11,-0.00,-0.00,0.49,0.89,4.20,-0.04,-0.19,537955.00,0.73
2020-11-12,-0.00,-0.00,0.49,0.69,3.26,0.05,0.24,534825.00,0.49
2020-11-13,0.02,0.01,0.49,0.59,2.75,0.25,1.18,523350.00,0.39
2020-11-16,-0.01,-0.01,0.48,1.10,5.19,0.27,1.26,520320.00,0.50
2020-11-17,0.02,0.01,0.49,0.86,4.00,-0.07,-0.33,518545.00,0.54
2020-11-18,0.03,0.03,0.47,1.02,4.59,0.25,1.16,527870.00,0.92
2020-11-19,-0.02,-0.02,0.47,1.01,4.65,-0.14,-0.63,523740.00,0.63
2020-11-20,0.03,0.03,0.47,1.38,6.14,-0.13,-0.60,530375.00,0.80
2020-11-23,-0.02,-0.02,0.48,1.02,4.64,0.23,1.02,525255.00,0.72
2020-11-24,0.02,0.02,0.47,1.27,5.67,0.05,0.23,532525.00,0.82
2020-11-25,0.02,0.02,0.45,1.06,4.64,0.06,0.27,523145.00,0.73
2020-11-27,0.01,0.01,0.43,1.03,4.46,-0.04,-0.18,502450.00,0.58
2020-11-30,0.00,0.00,0.42,1.80,7.80,0.28,1.21,502950.00,1.04
2020-12-01,0.03,0.03,0.42,1.64,6.92,0.39,1.69,508625.00,1.06
2020-12-02,-0.06,-0.06,0.48,2.72,12.20,-0.25,-1.06,501165.00,1.20
2020-12-03,0.01,0.01,0.45,1.40,6.20,0.12,0.54,484175.00,1.13
2020-12-04,0.06,0.06,0.49,1.48,6.17,0.25,1.11,441385.00,1.28
2020-12-07,-0.04,-0.04,0.46,2.32,10.02,0.69,2.88,442480.00,1.10
2020-12-08,0.01,0.01,0.46,0.99,4.25,-0.12,-0.52,439005.00,1.93
2020-12-09,-0.03,-0.04,0.45,3.18,14.13,0.36,1.54,459385.00,2.07
2020-12-10,0.01,0.01,0.45,1.60,7.05,0.00,0.00,472040.00,1.37
2020-12-11,-0.02,-0.02,0.46,1.37,6.17,-0.19,-0.84,477950.00,0.80
2020-12-14,0.07,0.07,0.52,1.70,7.16,1.31,5.90,524985.00,2.18
2020-12-15,0.04,0.04,0.53,2.34,9.46,0.86,3.62,557620.00,1.63
2020-12-16,-0.00,-0.00,0.53,1.03,4.17,0.46,1.86,632695.00,2.82
2020-12-17,-0.00,-0.00,0.52,5.44,22.07,2.83,11.45,764805.00,4.09
2020-12-18,0.03,0.02,0.51,1.51,5.98,-0.30,-1.22,856300.00,2.52
2020-12-21,-0.01,-0.01,0.51,1.42,5.66,-0.63,-2.49,879230.00,1.01
2020-12-22,0.02,0.02,0.50,2.06,8.07,0.13,0.52,909455.00,1.08
2020-12-23,-0.01,-0.01,0.50,1.55,6.14,-0.10,-0.39,932220.00,0.96
2020-12-24,-0.04,-0.04,0.52,1.12,4.61,-0.03,-0.12,928280.00,0.33
2020-12-28,0.01,0.01,0.52,1.35,5.51,0.15,0.62,958745.00,0.94
2020-12-29,-0.07,-0.07,0.58,2.32,10.16,-0.05,-0.20,978200.00,0.93
2020-12-30,0.04,0.04,0.59,1.16,4.88,0.16,0.70,980225.00,0.59
2020-12-31,-0.04,-0.04,0.57,1.24,5.42,-0.15,-0.63,978615.00,0.58
2021-01-04,-0.03,-0.03,0.57,1.58,7.12,0.18,0.79,981675.00,0.62
2021-01-05,-0.03,-0.04,0.54,0.93,4.34,-0.04,-0.18,980885.00,0.56
2021-01-06,-0.00,-0.00,0.52,0.84,3.94,0.02,0.09,996645.00,0.80
2021-01-07,-0.01,-0.01,0.52,0.87,4.13,0.00,0.00,1002355.00,0.96
2021-01-08,-0.03,-0.03,0.52,1.17,5.70,0.20,0.95,988915.00,0.69
2021-01-11,-0.00,-0.00,0.51,0.84,4.10,-0.31,-1.51,1000195.00,0.87
2021-01-12,-0.00,-0.00,0.51,0.83,4.07,0.13,0.64,1014325.00,0.65
2021-01-13,-0.00,-0.00,0.43,0.40,1.96,-0.14,-0.69,1000645.00,0.87
2021-01-14,0.01,0.01,0.40,0.79,3.83,0.13,0.64,1012600.00,1.14
2021-01-15,-0.00,-0.00,0.40,0.88,4.27,-0.04,-0.19,946735.00,0.49
2021-01-19,0.08,0.07,0.50,1.76,7.94,0.15,0.73,837255.00,1.12
2021-01-20,0.07,0.07,0.56,1.81,7.63,0.02,0.09,765500.00,0.95
2021-01-21,-0.06,-0.06,0.59,1.70,7.61,0.17,0.72,755865.00,0.91
2021-01-22,0.01,0.01,0.59,1.11,4.92,-0.04,-0.18,730980.00,0.66
2021-01-25,0.06,0.06,0.63,1.52,6.36,0.05,0.22,717755.00,0.87
2021-01-26,-0.07,-0.07,0.67,2.05,9.24,0.21,0.88,731755.00,0.80
2021-01-27,-0.10,-0.10,0.74,2.29,11.42,-0.52,-2.34,733575.00,1.28
2021-01-28,0.03,0.03,0.72,0.99,4.82,0.01,0.05,712115.00,0.68
2021-01-29,-0.01,-0.01,0.70,1.80,8.81,0.28,1.36,702470.00,0.55
2021-02-01,0.04,0.04,0.71,1.50,7.06,0.35,1.71,708825.00,0.98
2021-02-02,0.06,0.06,0.73,1.29,5.73,0.34,1.60,703275.00,0.70
2021-02-03,0.03,0.03,0.72,1.48,6.40,-0.04,-0.18,704080.00,0.80
2021-02-04,-0.02,-0.02,0.73,1.15,5.09,0.07,0.30,688315.00,0.71
2021-02-05,0.01,0.01,0.73,1.19,5.21,0.32,1.42,668790.00,0.85
2021-02-08,0.01,0.01,0.72,0.56,2.44,0.26,1.14,668605.00,1.01
2021-02-09,-0.03,-0.03,0.73,1.39,6.23,0.25,1.09,644925.00,0.62
2021-02-10,-0.04,-0.04,0.74,1.36,6.33,0.18,0.81,631460.00,0.63
2021-02-11,-0.03,-0.03,0.75,1.43,6.87,0.31,1.44,623670.00,1.15
2021-02-12,-0.03,-0.03,0.76,1.62,8.02,0.02,0.10,597640.00,1.05
2021-02-16,-0.02,-0.02,0.76,0.99,4.99,0.22,1.09,647830.00,2.27
2021-02-17,-0.01,-0.01,0.71,0.73,3.72,-0.08,-0.40,642415.00,1.29
2021-02-18,-0.03,-0.03,0.65,1.71,9.00,-0.01,-0.05,645905.00,1.23
2021-02-19,0.05,0.05,0.66,1.99,9.95,0.07,0.37,660140.00,1.48
2021-02-22,-0.04,-0.04,0.67,1.20,6.26,-0.36,-1.80,659920.00,0.73
2021-02-23,0.06,0.06,0.67,2.70,13.31,-0.54,-2.82,697845.00,1.98
2021-02-24,0.04,0.04,0.64,1.75,8.31,-0.15,-0.74,717180.00,1.35
2021-02-25,0.04,0.04,0.55,2.06,9.41,0.26,1.23,741110.00,1.91
2021-02-26,0.14,0.13,0.74,3.77,15.07,0.15,0.69,835210.00,2.83
2021-03-01,-0.00,-0.00,0.74,1.68,6.73,0.24,0.96,868390.00,1.21
2021-03-02,-0.02,-0.02,0.74,1.53,6.25,0.15,0.60,864595.00,0.72
2021-03-03,-0.04,-0.04,0.73,1.42,6.05,-0.03,-0.12,863395.00,0.55
2021-03-04,0.03,0.03,0.73,2.55,10.59,-0.67,-2.85,875745.00,0.93
2021-03-05,0.08,0.08,0.77,2.63,10.11,0.34,1.41,920160.00,1.49
2021-03-08,0.01,0.01,0.77,1.18,4.50,0.09,0.35,952355.00,1.28
2021-03-09,0.03,0.03,0.77,1.21,4.48,0.60,2.29,951875.00,0.70
2021-03-10,0.02,0.02,0.76,0.89,3.22,0.34,1.26,970150.00,0.79
2021-03-11,0.03,0.02,0.74,0.90,3.18,0.37,1.34,996530.00,0.93
2021-03-12,0.07,0.06,0.74,1.84,6.09,0.91,3.21,1095250.00,2.46
2021-03-15,0.01,0.01,0.72,1.71,5.60,-0.51,-1.69,1090195.00,0.48
2021-03-16,0.02,0.02,0.70,1.43,4.61,-0.52,-1.70,1049275.00,0.62
2021-03-17,0.01,0.01,0.69,1.18,3.77,0.06,0.19,1032500.00,0.48
2021-03-18,-0.07,-0.07,0.74,2.31,7.91,-0.56,-1.79,1023715.00,0.61
2021-03-19,0.04,0.04,0.74,2.37,7.78,-0.10,-0.34,1029670.00,1.06
2021-03-22,0.07,0.07,0.72,3.04,9.30,-0.37,-1.21,1078125.00,1.35
2021-03-23,-0.06,-0.06,0.77,1.72,5.57,-0.38,-1.16,1041465.00,0.63
2021-03-24,-0.06,-0.06,0.81,3.54,12.12,1.42,4.60,1032165.00,0.76
2021-03-25,0.13,0.12,0.90,3.47,10.55,2.41,8.25,1019820.00,1.15
2021-03-26,0.01,0.01,0.77,1.63,4.91,-0.06,-0.18,937560.00,0.77
2021-03-29,-0.04,-0.05,0.80,1.88,5.93,-0.54,-1.63,917090.00,0.70
2021-03-30,-0.02,-0.02,0.80,1.31,4.21,-0.20,-0.63,905740.00,0.44
2021-03-31,0.02,0.02,0.78,1.22,3.83,0.22,0.71,909700.00,0.61
2021-04-01,0.01,0.01,0.78,1.36,4.22,0.10,0.31,888565.00,0.44
2021-04-05,0.01,0.01,0.74,1.34,4.13,0.39,1.21,843685.00,0.57
2021-04-06,-0.02,-0.02,0.74,1.82,5.71,0.21,0.65,800600.00,0.44
2021-04-07,-0.01,-0.01,0.75,0.99,3.14,-0.32,-1.00,787830.00,0.52
2021-04-08,0.00,0.00,0.74,1.11,3.52,-0.12,-0.38,780035.00,0.78
2021-04-09,-0.01,-0.01,0.74,0.94,3.02,0.02,0.06,760320.00,0.69
2021-04-12,-0.04,-0.04,0.72,1.57,5.22,0.14,0.45,689550.00,1.85
2021-04-13,-0.02,-0.02,0.72,2.50,8.45,-0.09,-0.30,702785.00,1.13
2021-04-14,0.06,0.06,0.75,2.54,8.12,0.27,0.91,696995.00,0.77
2021-04-15,0.04,0.04,0.76,2.33,7.15,-0.08,-0.26,701335.00,0.83
2021-04-16,-0.02,-0.02,0.73,1.89,5.94,0.26,0.80,690275.00,0.58
2021-04-19,0.00,0.00,0.71,1.42,4.46,-0.69,-2.17,659610.00,0.73
2021-04-20,0.06,0.05,0.69,2.30,6.83,0.27,0.85,634965.00,1.51
2021-04-21,0.00,0.00,0.66,1.98,5.88,-0.23,-0.68,660590.00,1.76
2021-04-22,-0.00,-0.00,0.62,1.19,3.54,0.00,0.00,656415.00,1.07
2021-04-23,0.03,0.03,0.45,1.64,4.71,0.03,0.09,625260.00,0.88
2021-04-26,0.00,0.00,0.45,1.14,3.26,0.05,0.14,615455.00,0.85
2021-04-27,-0.02,-0.02,0.42,1.58,4.62,0.05,0.14,618570.00,1.14
2021-04-28,0.03,0.03,0.42,2.36,6.69,-0.08,-0.23,630185.00,1.00
2021-04-29,0.01,0.01,0.42,1.07,3.00,0.47,1.33,629705.00,0.86
2021-04-30,-0.09,-0.10,0.54,3.25,10.04,-1.54,-4.32,679155.00,2.03
2021-05-03,0.02,0.02,0.55,1.64,4.95,0.08,0.25,682440.00,0.79
2021-05-04,-0.04,-0.04,0.56,1.88,5.91,-0.50,-1.51,711715.00,1.32
2021-05-05,0.03,0.03,0.57,1.67,5.09,0.47,1.48,716865.00,0.72
2021-05-06,-0.03,-0.03,0.58,1.34,4.21,-0.14,-0.43,731665.00,1.23
2021-05-07,-0.00,-0.00,0.58,1.29,4.05,0.35,1.10,728250.00,0.63
2021-05-10,-0.04,-0.04,0.59,1.94,6.37,-0.19,-0.60,696980.00,0.93
2021-05-11,0.00,0.00,0.58,2.20,7.20,-0.97,-3.18,682620.00,0.74
2021-05-12,-0.05,-0.05,0.58,1.71,5.91,-0.53,-1.73,705025.00,1.39
2021-05-13,-0.00,-0.00,0.55,1.83,6.34,0.28,0.97,709370.00,0.94
2021-05-14,0.02,0.02,0.55,1.08,3.66,0.35,1.21,721040.00,0.88
2021-05-17,0.03,0.03,0.56,1.64,5.41,-0.12,-0.41,723170.00,0.73
2021-05-18,0.02,0.02,0.53,1.41,4.58,0.40,1.32,718125.00,1.19
2021-05-19,0.02,0.02,0.53,1.61,5.14,-0.46,-1.49,699015.00,1.12
2021-05-20,-0.04,-0.04,0.54,3.32,11.01,-0.25,-0.80,751085.00,2.32
2021-05-21,-0.01,-0.01,0.53,0.84,2.81,0.34,1.13,745660.00,0.59
2021-05-24,0.00,0.00,0.52,0.86,2.87,0.17,0.57,738525.00,0.51
2021-05-25,-0.01,-0.01,0.52,1.02,3.45,0.31,1.03,723665.00,0.56
2021-05-26,0.05,0.05,0.54,1.37,4.42,0.10,0.34,707210.00,0.42
2021-05-27,0.02,0.02,0.55,1.19,3.77,0.37,1.19,700595.00,0.58
2021-05-28,0.02,0.02,0.45,1.70,5.28,0.14,0.44,645770.00,0.43
2021-06-01,0.00,0.00,0.44,0.71,2.20,0.11,0.34,636565.00,0.56
2021-06-02,-0.04,-0.04,0.44,1.79,5.76,0.14,0.43,607320.00,0.58
2021-06-03,-0.02,-0.02,0.43,1.51,4.97,-0.15,-0.48,591160.00,0.32
2021-06-04,-0.11,-0.12,0.57,4.52,16.73,0.30,0.99,661740.00,3.50
2021-06-07,-0.13,-0.13,0.70,3.70,15.66,0.05,0.19,762255.00,3.24
2021-06-08,-0.04,-0.04,0.70,1.84,8.13,0.09,0.38,803425.00,1.83
2021-06-09,-0.03,-0.03,0.70,1.11,5.07,0.03,0.13,835425.00,1.37
2021-06-10,0.00,0.00,0.69,0.78,3.56,0.25,1.14,834365.00,1.15
2021-06-11,-0.03,-0.03,0.69,0.79,3.70,-0.01,-0.05,840630.00,0.94
2021-06-14,-0.02,-0.03,0.68,1.10,5.29,0.08,0.38,897280.00,1.97
2021-06-15,-0.01,-0.01,0.66,0.69,3.37,0.01,0.05,922170.00,1.11
2021-06-16,0.02,0.02,0.66,1.07,5.13,0.04,0.20,956375.00,1.61
2021-06-17,0.04,0.03,0.68,1.07,4.96,0.15,0.72,968415.00,1.06
2021-06-18,0.01,0.01,0.68,0.71,3.24,-0.29,-1.34,989630.00,2.19
2021-06-21,0.01,0.01,0.69,1.36,6.15,0.13,0.59,1021310.00,1.05
2021-06-22,0.06,0.06,0.74,2.75,11.70,0.05,0.23,1083835.00,1.50
2021-06-23,0.09,0.08,0.82,2.61,10.20,0.01,0.04,1150225.00,1.51
2021-06-24,0.02,0.02,0.80,1.30,4.98,-0.02,-0.08,1179095.00,0.74
2021-06-25,0.04,0.04,0.81,1.92,7.07,0.00,0.00,1255520.00,1.54
2021-06-28,-0.03,-0.03,0.81,1.76,6.70,0.21,0.77,1266940.00,0.40
2021-06-29,0.02,0.02,0.81,1.17,4.38,-0.20,-0.76,1281610.00,0.51
2021-06-30,0.01,0.01,0.81,1.13,4.21,-0.01,-0.04,1281050.00,0.27
2021-07-01,0.05,0.05,0.83,1.39,4.93,-0.02,-0.07,1292935.00,0.33
2021-07-02,0.02,0.02,0.72,1.16,4.04,-0.01,-0.04,1198855.00,0.36
2021-07-06,-0.01,-0.01,0.54,1.38,4.85,-0.13,-0.45,1109500.00,0.62
2021-07-07,-0.02,-0.02,0.52,1.92,6.87,0.26,0.91,1071620.00,0.67
2021-07-08,-0.02,-0.02,0.50,0.99,3.61,-0.53,-1.90,1049715.00,0.67
2021-07-09,0.02,0.02,0.50,0.79,2.83,0.17,0.62,1022165.00,0.40
2021-07-12,-0.08,-0.08,0.58,2.45,9.49,-0.02,-0.07,1009570.00,0.54
2021-07-13,-0.02,-0.02,0.57,1.30,5.13,-0.05,-0.19,941260.00,0.42
2021-07-14,-0.04,-0.04,0.59,1.23,5.04,-0.03,-0.12,923390.00,0.72
2021-07-15,0.01,0.01,0.59,0.74,3.00,-0.16,-0.66,866685.00,0.47
2021-07-16,-0.00,-0.00,0.59,0.79,3.22,0.23,0.93,829530.00,0.34
2021-07-19,0.01,0.01,0.59,1.49,5.98,-0.50,-2.04,736350.00,0.41
2021-07-20,0.03,0.03,0.59,1.24,4.82,-0.02,-0.08,712320.00,0.83
2021-07-21,-0.01,-0.01,0.56,0.85,3.33,-0.08,-0.31,641760.00,0.34
2021-07-22,-0.01,-0.01,0.47,0.94,3.73,-0.23,-0.90,570295.00,0.54
2021-07-23,0.02,0.02,0.47,0.99,3.84,0.23,0.91,538640.00,0.45
2021-07-26,-0.01,-0.01,0.45,0.93,3.66,0.00,0.00,453555.00,0.52
2021-07-27,-0.01,-0.01,0.43,1.42,5.66,0.11,0.43,448555.00,0.91
2021-07-28,0.05,0.05,0.47,1.76,6.66,0.35,1.39,447490.00,1.41
2021-07-29,-0.01,-0.01,0.47,1.11,4.26,0.01,0.04,445745.00,0.69
2021-07-30,-0.04,-0.04,0.45,2.30,9.21,-0.82,-3.14,457260.00,1.44
2021-08-02,0.01,0.01,0.45,0.96,3.79,-0.05,-0.20,451920.00,0.72
2021-08-03,-0.02,-0.02,0.45,1.19,4.78,0.02,0.08,435680.00,0.82
2021-08-04,-0.00,-0.00,0.45,1.53,6.17,-0.23,-0.92,417305.00,0.83
2021-08-05,0.03,0.03,0.47,1.51,5.91,0.24,0.97,412540.00,1.48
2021-08-06,-0.04,-0.04,0.47,1.35,5.50,0.05,0.20,409795.00,0.87
2021-08-09,-0.01,-0.01,0.40,0.83,3.40,0.09,0.37,389840.00,0.36
2021-08-10,0.01,0.01,0.39,1.18,4.80,0.11,0.45,388350.00,0.95
2021-08-11,0.01,0.01,0.37,0.75,3.04,-0.08,-0.33,364750.00,0.53
2021-08-12,-0.01,-0.01,0.37,0.53,2.16,-0.12,-0.49,360975.00,0.92
2021-08-13,-0.05,-0.06,0.41,1.48,6.38,0.02,0.08,369095.00,1.20
2021-08-16,-0.01,-0.01,0.41,0.96,4.18,-0.13,-0.56,371435.00,0.94
2021-08-17,0.04,0.04,0.42,1.68,7.04,-0.27,-1.17,357625.00,0.88
2021-08-18,-0.08,-0.08,0.49,2.23,10.13,0.09,0.38,365320.00,1.02
2021-08-19,-0.02,-0.02,0.49,1.14,5.26,-0.11,-0.50,380190.00,1.59
2021-08-20,0.01,0.01,0.48,0.96,4.37,-0.17,-0.78,391490.00,1.20
2021-08-23,0.06,0.06,0.55,1.70,7.27,0.36,1.64,416955.00,1.79
2021-08-24,-0.00,-0.00,0.55,1.11,4.77,0.15,0.64,423950.00,1.30
2021-08-25,-0.03,-0.03,0.51,1.69,7.49,0.16,0.69,451200.00,2.61
2021-08-26,0.01,0.01,0.51,0.61,2.68,-0.08,-0.35,448475.00,0.56
2021-08-27,0.04,0.04,0.52,1.46,6.16,0.20,0.88,430230.00,0.68
2021-08-30,-0.02,-0.02,0.52,1.53,6.57,0.16,0.68,427235.00,0.62
2021-08-31,0.01,0.01,0.52,0.54,2.29,0.34,1.46,424445.00,0.71
2021-09-01,0.01,0.01,0.53,0.59,2.48,0.17,0.72,424215.00,0.81
2021-09-02,-0.02,-0.02,0.52,1.20,5.14,0.26,1.09,412820.00,0.93
2021-09-03,-0.04,-0.04,0.51,1.02,4.53,-0.01,-0.04,422295.00,1.29
2021-09-07,-0.03,-0.03,0.52,1.06,4.87,0.00,0.00,451020.00,1.59
2021-09-08,-0.03,-0.03,0.53,1.58,7.48,-1.53,-7.02,467170.00,1.48
2021-09-09,0.09,0.09,0.63,3.06,13.30,0.48,2.27,527675.00,2.66
2021-09-10,0.09,0.09,0.71,3.06,12.19,-0.07,-0.30,602010.00,3.02
2021-09-13,0.09,0.08,0.74,2.90,10.62,0.11,0.44,689065.00,3.17
2021-09-14,-0.00,-0.00,0.74,0.94,3.46,0.01,0.04,714040.00,1.19
2021-09-15,0.01,0.01,0.73,1.18,4.29,0.26,0.96,757685.00,1.57
2021-09-16,-0.24,-0.27,1.11,7.55,35.97,-0.63,-2.29,953055.00,4.49
2021-09-17,-0.02,-0.02,1.11,1.95,9.52,0.00,0.00,1065315.00,2.67
2021-09-20,0.04,0.04,1.11,1.90,8.96,-0.24,-1.17,1097650.00,1.02
2021-09-21,0.02,0.02,1.09,1.45,6.69,0.16,0.75,1115585.00,0.99
2021-09-22,-0.01,-0.01,1.09,0.70,3.25,0.05,0.23,1103950.00,0.29
2021-09-23,-0.05,-0.05,1.10,1.70,8.28,-0.01,-0.05,1099175.00,0.98
2021-09-24,-0.04,-0.04,1.11,1.14,5.78,-0.03,-0.15,1103770.00,0.31
2021-09-27,0.05,0.05,1.11,1.31,6.33,0.28,1.42,1116635.00,0.49
2021-09-28,-0.00,-0.00,1.11,0.81,3.93,-0.27,-1.31,1130765.00,0.49
2021-09-29,-0.01,-0.01,1.11,0.85,4.15,0.11,0.53,1140920.00,0.44
2021-09-30,0.02,0.02,1.11,1.09,5.21,0.18,0.88,1154860.00,0.54
2021-10-01,0.02,0.02,1.11,1.56,7.28,0.05,0.24,1162145.00,0.46
2021-10-04,-0.05,-0.06,1.12,1.26,6.22,-0.09,-0.42,1154860.00,0.34
2021-10-05,-0.01,-0.01,1.12,0.87,4.34,-0.09,-0.44,1151935.00,0.57
2021-10-06,0.00,0.00,1.11,0.97,4.83,-0.19,-0.95,1132980.00,0.28
2021-10-07,0.02,0.02,1.06,1.09,5.32,-0.15,-0.75,1074855.00,0.22
2021-10-08,0.01,0.01,1.00,0.71,3.44,-0.08,-0.39,994975.00,0.22
2021-10-11,0.01,0.01,0.94,0.47,2.27,0.14,0.68,898405.00,0.28
2021-10-12,0.02,0.02,0.95,1.00,4.72,-0.13,-0.63,872140.00,0.37
2021-10-13,-0.01,-0.01,0.94,0.86,4.11,0.04,0.19,822910.00,0.25
2021-10-14,0.01,0.01,0.42,0.68,3.23,0.12,0.57,621695.00,0.41
2021-10-15,-0.06,-0.06,0.47,2.04,10.33,0.73,3.47,511330.00,1.26
2021-10-18,0.00,0.00,0.45,0.66,3.34,0.01,0.05,474030.00,0.78
2021-10-19,-0.01,-0.01,0.44,0.76,3.88,0.57,2.89,436810.00,0.82
2021-10-20,-0.01,-0.01,0.44,0.76,3.93,-0.07,-0.36,432165.00,0.52
2021-10-21,0.01,0.01,0.42,0.44,2.26,-0.01,-0.05,391445.00,0.68
2021-10-22,-0.02,-0.02,0.40,0.65,3.40,-0.05,-0.26,391375.00,0.88
2021-10-25,0.01,0.01,0.36,0.64,3.31,-0.11,-0.58,378950.00,0.80
2021-10-26,-0.01,-0.01,0.36,0.52,2.73,0.03,0.16,368690.00,0.93
2021-10-27,0.03,0.03,0.37,1.01,5.17,-0.05,-0.26,365855.00,1.23
2021-10-28,0.02,0.02,0.37,0.86,4.32,0.06,0.31,361520.00,1.48
2021-10-29,-0.02,-0.02,0.36,0.73,3.74,-0.16,-0.80,348535.00,0.78
2021-11-01,0.07,0.06,0.39,1.74,8.36,-0.10,-0.51,355290.00,1.50
2021-11-02,-0.02,-0.02,0.39,0.71,3.47,-0.10,-0.48,334945.00,0.75
2021-11-03,0.06,0.06,0.44,2.46,11.35,-1.00,-4.88,350565.00,1.79
2021-11-04,-0.01,-0.01,0.44,0.85,3.96,-0.32,-1.48,353990.00,0.87
2021-11-05,0.02,0.02,0.44,1.40,6.40,0.13,0.61,362255.00,1.06
2021-11-08,-0.05,-0.05,0.48,1.47,7.06,-0.01,-0.05,365425.00,0.86
2021-11-09,0.02,0.02,0.48,1.11,5.22,0.10,0.48,362430.00,0.73
2021-11-10,-0.04,-0.04,0.50,1.49,7.30,-0.07,-0.33,365115.00,0.71
2021-11-11,-0.02,-0.02,0.50,0.81,4.04,0.05,0.25,364695.00,0.68
2021-11-12,-0.00,-0.00,0.45,0.88,4.40,0.09,0.45,347545.00,0.86
2021-11-15,-0.02,-0.02,0.46,0.78,3.99,0.15,0.75,345015.00,0.92
2021-11-16,-0.01,-0.01,0.46,0.66,3.43,-0.09,-0.46,350715.00,1.35
2021-11-17,-0.01,-0.01,0.46,1.05,5.49,0.37,1.92,357590.00,1.01
2021-11-18,0.01,0.01,0.46,0.85,4.42,0.11,0.58,367640.00,1.27
2021-11-19,-0.04,-0.04,0.47,1.99,10.73,-0.14,-0.73,548315.00,7.22
2021-11-22,-0.01,-0.01,0.47,1.32,7.22,0.08,0.43,561870.00,1.02
2021-11-23,0.03,0.03,0.49,1.54,8.14,-0.08,-0.44,580125.00,1.22
2021-11-24,0.04,0.04,0.50,1.26,6.41,-0.29,-1.53,578480.00,0.72
2021-11-26,-0.04,-0.05,0.52,1.38,7.35,-0.31,-1.58,569375.00,0.62
2021-11-29,-0.05,-0.05,0.54,1.29,7.20,0.07,0.37,572590.00,0.58
2021-11-30,-0.02,-0.02,0.47,1.30,7.39,-0.08,-0.45,570385.00,0.86
2021-12-01,-0.06,-0.06,0.50,1.62,9.75,0.22,1.25,580530.00,0.78
2021-12-02,0.04,0.04,0.48,1.37,7.91,0.03,0.18,571745.00,0.79
2021-12-03,-0.05,-0.06,0.50,2.06,12.56,0.12,0.69,585390.00,0.99
2021-12-06,0.02,0.02,0.50,1.23,7.35,0.13,0.79,587760.00,0.74
2021-12-07,0.03,0.03,0.51,0.91,5.29,0.08,0.48,593715.00,0.73
2021-12-08,0.02,0.02,0.51,0.90,5.11,0.07,0.41,593040.00,0.42
2021-12-09,-0.05,-0.05,0.51,1.26,7.53,-0.19,-1.08,595275.00,0.51
2021-12-10,-0.02,-0.02,0.51,0.97,5.90,0.25,1.49,598090.00,0.51
2021-12-13,-0.01,-0.01,0.51,0.87,5.37,-0.16,-0.97,601670.00,0.62
2021-12-14,0.00,0.00,0.51,0.84,5.18,-0.30,-1.85,606515.00,0.68
2021-12-15,0.07,0.07,0.58,1.63,9.39,-0.04,-0.25,610625.00,0.91
2021-12-16,-0.05,-0.05,0.60,1.42,8.59,-0.20,-1.15,614910.00,0.73
2021-12-17,0.00,0.00,0.60,1.58,9.54,0.14,0.85,680915.00,2.62
2021-12-20,0.03,0.03,0.61,1.68,9.80,0.19,1.15,505835.00,0.90
2021-12-21,-0.02,-0.02,0.61,0.85,5.04,0.11,0.64,494120.00,0.69
2021-12-22,0.02,0.02,0.60,0.92,5.36,0.07,0.41,472040.00,0.57
2021-12-23,0.01,0.01,0.58,0.72,4.14,-0.08,-0.47,464190.00,0.56
2021-12-27,-0.04,-0.04,0.57,1.09,6.50,-0.13,-0.75,461830.00,0.66
2021-12-28,-0.03,-0.03,0.56,1.08,6.64,0.03,0.18,456950.00,0.52
2021-12-29,-0.02,-0.02,0.56,0.62,3.90,-0.06,-0.37,445530.00,0.59
2021-12-30,0.02,0.02,0.53,1.02,6.27,0.16,1.01,441180.00,0.83
2021-12-31,-0.01,-0.01,0.51,0.73,4.55,-0.04,-0.25,440730.00,1.00
2022-01-03,0.05,0.05,0.51,1.29,7.63,0.00,0.00,437645.00,1.19
2022-01-04,-0.04,-0.04,0.53,1.26,7.80,-0.07,-0.41,431655.00,0.73
2022-01-05,-0.05,-0.05,0.55,1.38,9.01,0.10,0.62,433730.00,1.10
2022-01-06,0.02,0.02,0.55,1.28,8.18,0.00,0.00,440195.00,0.86
2022-01-07,-0.06,-0.06,0.55,1.35,9.13,-0.08,-0.51,440005.00,0.68
2022-01-10,0.00,0.00,0.55,0.76,5.12,-0.22,-1.49,449710.00,1.11
2022-01-11,0.00,0.00,0.55,0.75,5.05,0.00,0.00,449090.00,0.80
2022-01-12,-0.05,-0.05,0.57,0.90,6.36,0.13,0.87,447110.00,0.84
2022-01-13,-0.01,-0.01,0.50,0.52,3.71,0.06,0.42,433890.00,0.67
2022-01-14,0.03,0.03,0.50,1.02,7.06,-0.17,-1.21,434240.00,1.04
2022-01-18,-0.07,-0.08,0.55,0.87,6.50,-0.28,-1.94,368630.00,1.29
2022-01-19,-0.01,-0.01,0.53,0.77,5.81,0.15,1.12,362575.00,0.92
2022-01-20,-0.03,-0.03,0.53,1.06,8.22,0.20,1.51,364830.00,1.06
2022-01-21,-0.01,-0.01,0.52,0.72,5.66,-0.18,-1.40,373305.00,1.17
2022-01-24,0.01,0.01,0.51,1.59,12.42,-0.09,-0.71,395740.00,1.79
2022-01-25,-0.00,-0.00,0.51,0.90,7.05,-0.19,-1.48,400225.00,0.99
2022-01-26,-0.06,-0.06,0.53,1.37,11.40,0.20,1.57,412920.00,1.19
2022-01-27,-0.06,-0.06,0.55,1.09,9.64,0.13,1.08,419790.00,0.95
2022-01-28,0.05,0.05,0.59,0.99,8.34,-0.07,-0.62,427225.00,1.21
2022-01-31,0.04,0.04,0.62,1.04,8.42,0.18,1.52,428305.00,1.08
2022-02-01,-0.03,-0.03,0.57,1.14,9.53,0.01,0.08,437105.00,1.59
2022-02-02,-0.05,-0.05,0.57,1.06,9.29,0.02,0.17,447740.00,1.17
2022-02-03,-0.04,-0.04,0.56,0.71,6.45,-0.10,-0.88,451440.00,1.22
2022-02-04,0.05,0.05,0.59,0.74,6.40,0.57,5.18,465670.00,1.43
2022-02-07,0.03,0.03,0.59,0.65,5.47,-0.13,-1.12,469600.00,0.80
2022-02-08,-0.03,-0.03,0.59,0.72,6.26,0.14,1.18,460675.00,0.69
2022-02-09,0.02,0.02,0.61,0.44,3.74,0.12,1.04,459905.00,0.75
2022-02-10,-0.02,-0.02,0.59,1.06,9.23,-0.34,-2.89,482345.00,1.71
2022-02-11,-0.07,-0.07,0.63,1.37,12.79,0.34,2.96,511945.00,1.72
2022-02-14,-0.03,-0.03,0.61,0.59,5.67,0.01,0.09,514020.00,0.96
2022-02-15,0.07,0.07,0.64,0.68,6.09,0.24,2.31,521455.00,1.19
2022-02-16,0.00,0.00,0.65,0.51,4.55,-0.07,-0.63,520455.00,0.60
2022-02-17,-0.06,-0.07,0.67,0.74,7.05,-0.19,-1.70,533215.00,1.20
2022-02-18,-0.03,-0.03,0.68,0.59,5.82,0.12,1.14,569435.00,2.04
2022-02-22,0.00,0.00,0.68,0.80,7.88,-0.10,-0.99,569755.00,1.25
2022-02-23,-0.01,-0.01,0.68,0.66,6.58,0.06,0.59,593465.00,1.47
2022-02-24,0.05,0.04,0.68,0.92,8.77,-0.42,-4.19,608875.00,1.31
2022-02-25,-0.08,-0.08,0.70,1.39,14.37,-1.18,-11.25,680250.00,2.68
2022-02-28,-0.03,-0.03,0.68,0.95,10.16,0.23,2.38,707415.00,1.50
2022-03-01,-0.01,-0.01,0.65,0.57,6.18,-0.09,-0.96,733105.00,1.33
2022-03-02,0.01,0.01,0.65,0.55,5.91,0.13,1.41,743730.00,1.22
2022-03-03,-0.08,-0.08,0.68,1.13,13.19,0.01,0.11,794365.00,1.94
2022-03-04,-0.04,-0.04,0.68,0.52,6.30,-0.14,-1.63,798920.00,0.80
2022-03-07,0.03,0.03,0.66,0.39,4.59,0.01,0.12,804690.00,0.97
2022-03-08,-0.02,-0.02,0.64,0.63,7.57,-0.03,-0.35,850420.00,1.52
2022-03-09,0.06,0.06,0.69,0.56,6.34,0.15,1.80,872805.00,0.88
2022-03-10,0.01,0.01,0.69,0.41,4.61,-0.19,-2.15,880555.00,0.57
2022-03-11,-0.04,-0.05,0.70,0.61,7.18,-0.02,-0.22,862775.00,0.54
2022-03-14,-0.04,-0.04,0.68,0.68,8.37,0.11,1.30,856245.00,0.88
2022-03-15,0.01,0.01,0.68,0.32,3.90,0.01,0.12,878760.00,1.08
2022-03-16,0.06,0.06,0.66,0.49,5.64,0.19,2.31,874535.00,0.62
2022-03-17,0.03,0.03,0.67,0.55,6.16,-0.13,-1.50,884035.00,0.57
2022-03-18,0.04,0.04,0.66,1.02,10.96,-0.21,-2.35,897430.00,1.01
2022-03-21,-0.06,-0.06,0.68,0.61,6.96,-0.05,-0.54,874290.00,0.80
2022-03-22,0.04,0.04,0.70,0.44,4.81,0.00,0.00,857560.00,0.44
2022-03-23,-0.02,-0.02,0.70,0.44,4.91,-0.12,-1.31,832405.00,0.44
2022-03-24,0.02,0.02,0.69,0.27,2.94,0.14,1.56,809430.00,0.42
2022-03-25,-0.05,-0.05,0.65,0.46,5.25,-0.04,-0.44,740595.00,0.61
2022-03-28,-0.04,-0.04,0.65,0.65,7.71,0.06,0.68,710925.00,0.66
2022-03-29,0.07,0.07,0.71,0.51,5.63,0.29,3.44,690205.00,0.81
2022-03-30,-0.02,-0.02,0.71,0.51,5.76,-0.24,-2.65,673900.00,0.86
2022-03-31,-0.01,-0.01,0.65,0.35,3.97,0.03,0.34,621370.00,0.79
2022-04-01,0.08,0.08,0.70,0.90,9.43,0.01,0.11,629755.00,1.28
2022-04-04,0.05,0.05,0.71,0.73,7.31,0.08,0.84,626755.00,1.15
2022-04-05,-0.04,-0.04,0.72,0.52,5.43,-0.06,-0.60,593760.00,1.07
2022-04-06,0.02,0.02,0.69,0.94,9.63,-0.26,-2.71,571050.00,0.55
2022-04-07,-0.04,-0.04,0.71,0.71,7.59,-0.04,-0.41,568400.00,0.78
2022-04-08,-0.04,-0.04,0.71,0.52,5.79,0.11,1.18,558820.00,0.50
2022-04-11,-0.08,-0.08,0.75,0.57,6.89,-0.18,-2.00,544815.00,0.87
2022-04-12,0.01,0.01,0.75,0.54,6.49,0.10,1.21,524720.00,1.04
2022-04-13,0.04,0.04,0.74,0.42,4.84,0.07,0.84,521580.00,0.91
2022-04-14,-0.01,-0.01,0.73,0.29,3.37,-0.03,-0.35,517415.00,0.81
2022-04-18,-0.07,-0.08,0.75,0.75,9.41,-0.05,-0.58,502660.00,1.22
2022-04-19,0.03,0.03,0.74,0.50,6.08,0.08,1.00,487370.00,0.81
2022-04-20,-0.00,-0.00,0.72,0.39,4.76,0.07,0.85,486170.00,0.73
2022-04-21,-0.05,-0.05,0.74,0.52,6.69,0.08,0.98,497765.00,1.20
2022-04-22,0.01,0.01,0.73,0.44,5.63,0.04,0.51,502195.00,0.85
2022-04-25,0.05,0.05,0.74,0.47,5.73,0.09,1.15,502010.00,0.89
2022-04-26,-0.08,-0.09,0.79,0.80,10.64,-0.15,-1.83,504905.00,1.04
2022-04-27,-0.01,-0.01,0.73,0.46,6.19,-0.01,-0.13,493035.00,0.66
2022-04-28,-0.00,-0.00,0.73,0.70,9.46,0.17,2.29,485960.00,0.91
2022-04-29,-0.03,-0.03,0.74,0.48,6.71,-0.11,-1.49,482385.00,0.86
2022-05-02,0.06,0.06,0.70,0.53,6.98,0.00,0.00,532680.00,3.41
2022-05-03,0.02,0.02,0.68,0.38,4.90,-0.10,-1.32,513385.00,0.65
2022-05-04,-0.17,-0.19,0.88,0.97,15.06,-1.19,-15.35,632905.00,4.78
2022-05-05,-0.20,-0.22,1.07,1.23,23.75,-0.23,-3.57,709870.00,2.61
2022-05-06,-0.09,-0.10,1.09,0.66,14.07,0.08,1.54,759970.00,1.90
2022-05-09,-0.09,-0.10,1.11,0.60,14.08,-0.23,-4.90,803745.00,1.43
2022-05-10,0.09,0.08,1.18,0.41,8.86,0.33,7.75,831945.00,1.25
2022-05-11,-0.11,-0.12,1.21,0.65,15.85,-0.08,-1.73,857495.00,1.23
2022-05-12,0.02,0.02,1.20,0.39,9.31,-0.07,-1.71,876745.00,0.98
2022-05-13,-0.01,-0.01,1.20,0.20,4.81,0.09,2.15,897990.00,0.94
2022-05-16,-0.01,-0.01,1.19,0.42,10.17,0.02,0.48,903340.00,0.80
2022-05-17,0.04,0.04,1.20,0.20,4.64,0.10,2.42,927540.00,0.95
2022-05-18,-0.09,-0.09,1.21,0.42,10.71,-0.15,-3.48,939060.00,0.62
2022-05-19,-0.01,-0.01,1.22,0.26,6.67,0.05,1.28,950160.00,0.86
2022-05-20,0.02,0.02,1.22,0.35,8.79,0.09,2.31,969520.00,0.84
2022-05-23,-0.01,-0.01,1.19,0.20,5.05,0.00,0.00,981305.00,0.69
2022-05-24,-0.06,-0.06,1.18,0.30,8.04,-0.15,-3.79,1012450.00,1.13
2022-05-25,-0.04,-0.04,1.18,0.21,5.88,0.01,0.27,1024940.00,0.56
2022-05-26,-0.04,-0.04,1.17,0.21,6.12,-0.01,-0.28,1027495.00,0.48
2022-05-27,0.02,0.02,1.19,0.27,7.71,0.01,0.29,1047600.00,0.78
2022-05-31,-0.01,-0.01,1.14,0.25,7.20,0.01,0.29,1036635.00,1.54
2022-06-01,-0.04,-0.04,1.12,0.26,7.78,0.02,0.58,1064730.00,0.84
2022-06-02,-0.01,-0.01,1.01,0.14,4.24,-0.03,-0.90,947685.00,0.72
2022-06-03,0.01,0.01,0.81,0.32,9.58,0.02,0.61,910640.00,1.22
2022-06-06,-0.08,-0.09,0.80,0.56,18.30,0.05,1.50,875900.00,0.86
2022-06-07,0.07,0.07,0.81,0.30,9.17,0.00,0.00,867805.00,1.14
2022-06-08,0.01,0.01,0.73,0.34,10.27,-0.04,-1.22,849055.00,0.78
2022-06-09,-0.07,-0.08,0.67,0.22,7.17,-0.03,-0.91,827325.00,0.75
2022-06-10,-0.09,-0.09,0.70,0.32,11.43,0.01,0.33,816285.00,0.78
2022-06-13,-0.13,-0.14,0.80,0.37,15.16,-0.06,-2.14,831180.00,1.38
2022-06-14,-0.01,-0.01,0.80,0.27,11.16,0.01,0.41,852605.00,1.35
2022-06-15,-0.03,-0.03,0.76,0.23,9.79,0.02,0.83,1060360.00,4.75
2022-06-16,-0.04,-0.04,0.73,0.25,11.11,-0.03,-1.28,1128910.00,1.73
2022-06-17,0.02,0.02,0.74,0.22,9.57,-0.01,-0.44,1666845.00,6.95
2022-06-21,0.25,0.22,1.23,0.56,19.44,0.25,10.87,1835720.00,2.28
2022-06-22,0.12,0.11,1.32,0.55,17.03,-0.08,-2.78,1935670.00,1.38
2022-06-23,0.03,0.03,1.31,0.25,7.51,0.00,0.00,1938205.00,0.62
2022-06-24,0.00,0.00,1.30,0.27,8.08,-0.02,-0.60,2034725.00,1.23
2022-06-27,-0.03,-0.03,1.30,0.29,8.95,0.03,0.90,2049515.00,0.38
2022-06-28,-0.07,-0.07,1.32,0.27,8.97,-0.01,-0.31,2038020.00,0.29
2022-06-29,0.00,0.00,1.32,0.13,4.30,0.01,0.33,1999005.00,0.41
2022-06-30,-0.02,-0.02,1.32,0.17,5.76,0.05,1.66,1987405.00,0.33
2022-07-01,0.03,0.03,1.32,0.18,5.90,0.00,0.00,1986400.00,0.33
2022-07-05,0.09,0.08,1.36,0.34,10.27,-0.06,-1.97,1975550.00,0.45
2022-07-06,0.03,0.03,1.32,0.31,9.06,-0.01,-0.30,1985040.00,0.47
2022-07-07,0.03,0.03,1.30,0.14,3.98,0.02,0.58,1972235.00,0.37
2022-07-08,-0.01,-0.01,1.30,0.17,4.86,-0.04,-1.14,1969775.00,0.31
2022-07-11,0.01,0.01,1.27,0.60,16.90,-0.54,-15.43,2058035.00,1.16
2022-07-12,0.03,0.03,1.22,0.43,11.72,-0.16,-4.51,2133545.00,1.01
2022-07-13,0.14,0.13,1.17,0.68,16.19,-0.14,-3.81,2164285.00,0.81
2022-07-14,0.01,0.01,1.17,0.33,7.80,-0.14,-3.33,2234335.00,1.14
2022-07-15,-0.00,-0.00,1.15,0.33,7.84,0.10,2.36,2054140.00,0.70
2022-07-18,-0.17,-0.18,1.33,0.85,24.29,-0.09,-2.14,2148900.00,1.79
2022-07-19,-0.01,-0.01,1.34,0.43,12.46,0.00,0.00,1692070.00,1.44
2022-07-20,0.01,0.01,1.04,0.25,7.18,-0.02,-0.58,1529620.00,0.62
2022-07-21,0.09,0.09,1.00,0.38,10.03,0.01,0.29,1426390.00,0.43
2022-07-22,-0.04,-0.04,1.01,0.25,6.89,0.00,0.00,1390410.00,0.34
2022-07-25,-0.02,-0.02,1.01,0.30,8.40,0.07,1.93,1291215.00,0.40
2022-07-26,0.02,0.02,1.01,0.25,6.85,-0.02,-0.56,1273700.00,0.34
2022-07-27,0.01,0.01,0.96,0.21,5.71,0.04,1.10,1264985.00,0.33
2022-07-28,-0.13,-0.14,1.09,0.49,15.31,-0.01,-0.27,1247340.00,0.37
2022-07-29,-0.02,-0.02,1.09,0.20,6.39,-0.04,-1.25,1240840.00,0.43
2022-08-01,-0.00,-0.00,1.08,0.17,5.45,-0.02,-0.64,1235815.00,0.45
2022-08-02,0.07,0.07,1.07,0.26,7.78,-0.02,-0.64,1212845.00,0.36
2022-08-03,0.12,0.12,1.15,0.47,12.53,0.08,2.40,1196945.00,0.52
2022-08-04,0.05,0.05,1.15,0.17,4.31,0.07,1.87,1184275.00,0.41
2022-08-05,0.11,0.11,1.21,0.66,15.03,0.01,0.25,1196035.00,0.71
2022-08-08,0.04,0.04,1.21,0.52,11.43,0.00,0.00,1126605.00,0.88
2022-08-09,0.12,0.11,1.27,0.86,16.86,0.05,1.10,1084285.00,1.20
2022-08-10,-0.02,-0.02,1.19,0.56,11.24,0.10,1.96,1105545.00,1.98
2022-08-11,0.02,0.02,1.19,0.37,7.27,0.05,1.00,1035340.00,1.11
2022-08-12,0.03,0.03,1.19,0.30,5.75,0.03,0.59,1022060.00,1.14
2022-08-15,-0.05,-0.05,1.01,0.53,10.66,-0.06,-1.15,878550.00,1.12
2022-08-16,-0.09,-0.10,1.08,0.49,10.86,-0.01,-0.20,792010.00,0.90
2022-08-17,-0.00,-0.00,1.08,0.16,3.56,0.01,0.22,771135.00,0.68
2022-08-18,-0.02,-0.02,1.05,0.26,5.91,0.00,0.00,765410.00,0.65
2022-08-19,-0.08,-0.08,1.08,0.40,9.85,-0.05,-1.14,764215.00,0.59
2022-08-22,-0.06,-0.07,1.11,0.28,7.37,-0.06,-1.48,755620.00,0.46
2022-08-23,0.00,0.00,1.10,0.17,4.47,-0.04,-1.05,788605.00,1.39
2022-08-24,0.02,0.02,1.11,0.20,5.15,0.00,0.00,844160.00,1.81
2022-08-25,0.01,0.01,0.98,0.20,5.10,0.03,0.77,846240.00,0.60
2022-08-26,-0.05,-0.05,1.00,0.28,7.53,0.04,1.02,841000.00,0.51
2022-08-29,0.05,0.05,1.01,0.20,5.10,0.24,6.45,837855.00,0.59
2022-08-30,0.02,0.02,0.99,0.17,4.25,0.03,0.77,844005.00,0.66
2022-08-31,-0.01,-0.01,0.90,0.14,3.53,-0.03,-0.75,834920.00,0.53
2022-09-01,0.04,0.03,0.89,0.27,6.57,-0.02,-0.50,850000.00,0.92
2022-09-02,0.03,0.03,0.80,0.21,4.95,0.07,1.70,858080.00,1.18
2022-09-06,-0.04,-0.04,0.80,0.34,8.37,0.07,1.65,848265.00,0.94
2022-09-07,0.04,0.04,0.67,0.23,5.44,0.04,0.99,816435.00,0.82
2022-09-08,0.00,0.00,0.67,0.11,2.59,-0.03,-0.71,727260.00,0.55
2022-09-09,-0.00,-0.00,0.66,0.10,2.36,0.04,0.94,711680.00,1.17
2022-09-12,-0.08,-0.09,0.70,0.31,7.97,-0.08,-1.89,684495.00,0.90
2022-09-13,-0.10,-0.10,0.75,0.32,9.09,-0.09,-2.31,659980.00,0.74
2022-09-14,-0.02,-0.02,0.69,0.17,4.93,0.00,0.00,641665.00,0.54
2022-09-15,0.03,0.03,0.70,0.21,5.93,0.10,2.90,636765.00,0.67
2022-09-16,-0.03,-0.03,0.71,0.18,5.22,-0.06,-1.69,644455.00,1.02
2022-09-19,0.01,0.01,0.66,0.26,7.49,-0.04,-1.16,647950.00,0.81
2022-09-20,-0.05,-0.06,0.65,0.25,7.62,-0.05,-1.44,649195.00,0.58
2022-09-21,-0.04,-0.04,0.66,0.22,6.96,0.00,0.00,613070.00,0.61
2022-09-22,-0.05,-0.05,0.66,0.15,4.98,-0.04,-1.27,590385.00,1.82
2022-09-23,0.01,0.01,0.66,0.14,4.61,-0.01,-0.33,587745.00,0.77
2022-09-26,0.06,0.05,0.69,0.28,8.72,-0.04,-1.32,595720.00,0.99
2022-09-27,0.09,0.09,0.74,0.32,9.14,0.04,1.25,619525.00,1.57
2022-09-28,0.04,0.04,0.75,0.14,3.85,0.07,2.00,615610.00,0.78
2022-09-29,-0.06,-0.07,0.78,0.20,5.87,-0.06,-1.65,611075.00,0.58
2022-09-30,0.01,0.01,0.77,0.23,6.65,-0.01,-0.29,590690.00,0.64
2022-10-03,0.01,0.01,0.76,0.22,6.29,0.11,3.18,555765.00,0.56
2022-10-04,0.06,0.06,0.79,0.17,4.58,0.06,1.71,532600.00,0.63
2022-10-05,-0.07,-0.07,0.80,0.27,7.83,-0.10,-2.70,515775.00,0.64
2022-10-06,0.09,0.08,0.87,0.34,9.07,-0.01,-0.29,538515.00,1.59
2022-10-07,-0.06,-0.06,0.89,0.27,7.67,-0.07,-1.87,517510.00,0.80
2022-10-10,-0.02,-0.02,0.85,0.18,5.23,-0.05,-1.42,499395.00,0.51
2022-10-11,-0.02,-0.02,0.79,0.31,9.23,0.06,1.74,488340.00,0.55
2022-10-12,-0.01,-0.01,0.78,0.29,8.68,0.02,0.60,484135.00,0.54
2022-10-13,0.02,0.02,0.78,0.27,7.92,-0.12,-3.59,480965.00,0.76
2022-10-14,0.03,0.03,0.78,0.18,5.11,0.04,1.17,469185.00,0.89
2022-10-17,0.12,0.12,0.90,0.82,20.71,0.27,7.67,729985.00,7.86
2022-10-18,-0.01,-0.01,0.87,0.30,7.65,0.12,3.03,755935.00,1.18
2022-10-19,-0.03,-0.03,0.86,0.65,17.02,0.00,0.00,789900.00,1.33
2022-10-20,0.05,0.05,0.84,0.25,6.22,0.17,4.45,803755.00,1.68
2022-10-21,0.19,0.18,1.05,0.86,17.92,0.00,0.00,883975.00,2.33
2022-10-24,-0.08,-0.09,1.11,0.76,17.27,0.05,1.04,924225.00,1.51
2022-10-25,0.12,0.12,1.15,0.70,14.14,-0.01,-0.23,938165.00,1.34
2022-10-26,-0.07,-0.07,1.19,0.51,11.04,0.04,0.81,964180.00,1.04
2022-10-27,0.03,0.03,1.15,0.39,8.16,0.01,0.22,972715.00,0.54
2022-10-28,0.04,0.04,1.16,0.31,6.22,0.04,0.84,981435.00,0.56
2022-10-31,0.03,0.03,1.16,0.29,5.66,-0.01,-0.20,996700.00,0.62
2022-11-01,0.01,0.01,1.15,0.29,5.60,0.13,2.54,1009540.00,0.59
2022-11-02,-0.06,-0.07,1.14,0.36,7.42,-0.04,-0.77,1022680.00,0.58
2022-11-03,-0.00,-0.00,1.11,0.37,7.64,-0.01,-0.21,1006310.00,0.52
2022-11-04,0.22,0.20,1.30,1.28,21.62,0.36,7.44,1065785.00,1.50
2022-11-07,0.08,0.08,1.30,0.71,11.06,0.09,1.52,1142615.00,1.57
2022-11-08,-0.02,-0.02,1.29,0.39,6.18,0.00,0.00,1187185.00,0.98
2022-11-09,-0.05,-0.05,1.32,0.53,8.82,-0.07,-1.11,1221430.00,0.77
2022-11-10,0.08,0.08,1.33,0.74,11.37,0.35,5.82,1268285.00,1.03
2022-11-11,0.03,0.03,1.33,0.55,8.17,-0.09,-1.38,1302775.00,0.85
2022-11-14,0.04,0.04,1.29,0.86,12.32,0.47,6.98,1093010.00,1.41
2022-11-15,-0.05,-0.05,1.31,0.72,10.86,0.16,2.29,1094190.00,0.84
2022-11-16,0.02,0.02,1.30,0.55,8.16,-0.10,-1.51,1082555.00,0.76
2022-11-17,-0.03,-0.03,1.31,0.53,8.08,-0.12,-1.78,1068030.00,0.99
2022-11-18,-0.01,-0.01,1.16,1.04,16.05,0.11,1.68,1064565.00,1.87
2022-11-21,-0.02,-0.02,1.11,0.48,7.54,-0.04,-0.62,1038680.00,0.84
2022-11-22,-0.03,-0.03,1.05,1.25,20.23,-0.38,-5.97,1088535.00,2.07
2022-11-23,-0.00,-0.00,1.01,0.49,7.94,-0.06,-0.97,1108225.00,1.26
2022-11-25,-0.04,-0.04,1.02,0.48,8.11,-0.21,-3.40,1118330.00,0.65
2022-11-28,0.10,0.09,1.06,0.94,14.48,0.02,0.34,1161795.00,1.22
2022-11-29,0.06,0.06,1.07,0.64,9.29,0.02,0.31,1194650.00,1.07
2022-11-30,-0.07,-0.07,1.11,0.63,9.80,0.12,1.74,1270865.00,1.67
2022-12-01,0.08,0.07,1.10,0.72,10.40,0.16,2.49,1314130.00,1.11
2022-12-02,-0.00,-0.00,1.10,0.49,7.10,-0.19,-2.75,1324720.00,0.56
2022-12-05,-0.08,-0.08,0.85,0.72,11.29,0.01,0.14,1286150.00,0.65
2022-12-06,-0.05,-0.05,0.81,0.44,7.25,0.01,0.16,1237810.00,0.67
2022-12-07,-0.00,-0.01,0.81,0.30,4.97,-0.04,-0.66,1200035.00,0.34
2022-12-08,0.03,0.03,0.80,0.36,5.79,0.05,0.83,1177225.00,0.42
2022-12-09,0.00,0.00,0.74,0.38,6.09,-0.04,-0.64,1142885.00,0.54
2022-12-12,0.01,0.01,0.73,0.37,5.86,0.01,0.16,1106985.00,0.35
2022-12-13,0.03,0.03,0.72,0.26,4.01,0.22,3.49,1053365.00,0.45
2022-12-14,-0.02,-0.02,0.70,0.29,4.55,-0.01,-0.15,1027665.00,0.39
2022-12-15,-0.03,-0.03,0.71,0.29,4.70,-0.15,-2.35,1004555.00,0.36
2022-12-16,0.04,0.04,0.72,0.35,5.48,-0.02,-0.32,998695.00,0.94
2022-12-19,-0.09,-0.09,0.78,0.61,10.48,0.01,0.16,920540.00,0.46
2022-12-20,0.01,0.01,0.78,0.32,5.47,-0.05,-0.86,911670.00,0.77
2022-12-21,0.02,0.02,0.78,0.25,4.17,0.01,0.17,817115.00,0.44
2022-12-22,-0.01,-0.02,0.78,0.32,5.42,-0.05,-0.83,761915.00,0.38
2022-12-23,0.01,0.01,0.77,0.42,7.07,0.04,0.68,750225.00,0.65
2022-12-27,-0.05,-0.06,0.70,0.56,9.96,-0.01,-0.17,704370.00,0.71
2022-12-28,0.01,0.01,0.66,0.29,5.10,-0.02,-0.36,674465.00,1.00
2022-12-29,0.14,0.13,0.82,0.74,11.38,0.11,1.93,595510.00,0.91
2022-12-30,0.03,0.03,0.78,0.43,6.41,-0.03,-0.46,566335.00,1.55
2023-01-03,-0.05,-0.05,0.80,0.82,12.89,0.11,1.64,565115.00,1.27
2023-01-04,-0.03,-0.03,0.76,0.31,5.04,0.06,0.94,541625.00,0.67
2023-01-05,-0.07,-0.07,0.78,0.55,9.62,-0.01,-0.16,518770.00,0.71
2023-01-06,-0.00,-0.00,0.78,0.47,8.25,0.02,0.35,515640.00,0.67
2023-01-09,-0.03,-0.03,0.78,0.24,4.33,0.04,0.70,509250.00,0.71
2023-01-10,-0.03,-0.03,0.78,0.54,10.06,-0.01,-0.18,512815.00,1.34
2023-01-11,-0.04,-0.04,0.79,0.40,7.74,0.01,0.19,513090.00,0.77
2023-01-12,0.01,0.01,0.78,0.31,5.95,0.11,2.13,529490.00,1.51
2023-01-13,0.02,0.02,0.78,0.34,6.43,-0.11,-2.11,537615.00,1.05
2023-01-17,0.02,0.02,0.78,0.31,5.74,0.03,0.57,547580.00,1.02
2023-01-18,-0.00,-0.00,0.77,0.20,3.71,-0.02,-0.37,531835.00,1.18
2023-01-19,-0.03,-0.03,0.71,0.72,13.71,-0.14,-2.60,567130.00,1.99
2023-01-20,0.10,0.10,0.81,0.63,10.88,0.09,1.71,565755.00,1.19
2023-01-23,0.01,0.01,0.80,0.23,3.92,0.00,0.00,573990.00,0.91
2023-01-24,0.06,0.06,0.83,0.39,6.26,0.17,2.90,589445.00,1.02
2023-01-25,-0.00,-0.00,0.83,0.40,6.43,-0.10,-1.61,587520.00,0.77
2023-01-26,-0.05,-0.05,0.82,0.64,10.81,0.17,2.73,579895.00,0.60
2023-01-27,-0.03,-0.03,0.83,0.30,5.23,-0.02,-0.34,565575.00,0.69
2023-01-30,-0.02,-0.02,0.65,0.25,4.45,-0.04,-0.70,557240.00,0.67
2023-01-31,0.03,0.03,0.64,0.28,4.85,0.00,0.00,541505.00,1.04
2023-02-01,0.03,0.03,0.63,0.32,5.38,0.02,0.35,523965.00,0.70
2023-02-02,-0.01,-0.01,0.62,0.30,5.07,-0.03,-0.50,522995.00,0.66
2023-02-03,-0.06,-0.06,0.60,0.48,8.59,-0.22,-3.72,533090.00,1.07
2023-02-06,0.04,0.04,0.62,0.59,10.19,-0.03,-0.54,546460.00,1.12
2023-02-07,-0.01,-0.01,0.61,0.24,4.20,0.00,0.00,542135.00,0.51
2023-02-08,-0.03,-0.03,0.61,0.26,4.70,0.00,0.00,526075.00,0.69
2023-02-09,0.02,0.02,0.60,0.39,6.90,0.05,0.90,533905.00,1.04
2023-02-10,-0.02,-0.03,0.61,0.16,2.90,-0.06,-1.06,510350.00,0.64
2023-02-13,0.15,0.14,0.80,1.09,17.17,-0.02,-0.36,535730.00,2.00
2023-02-14,-0.17,-0.19,1.04,1.68,32.06,-0.14,-2.20,660445.00,4.62
2023-02-15,-0.08,-0.08,1.08,0.44,9.13,-0.07,-1.34,665765.00,1.10
2023-02-16,0.09,0.09,1.12,0.72,13.69,-0.11,-2.28,649765.00,1.24
2023-02-17,0.26,0.23,1.40,1.49,22.54,0.13,2.47,761300.00,3.81
2023-02-21,-0.06,-0.06,1.42,0.57,9.13,-0.07,-1.06,774890.00,1.03
2023-02-22,0.05,0.05,1.42,0.51,7.79,0.08,1.28,790380.00,1.15
2023-02-23,-0.04,-0.04,1.42,1.00,15.85,0.13,1.98,829665.00,1.49
2023-02-24,-0.02,-0.02,1.41,0.55,8.91,-0.12,-1.90,837885.00,0.61
2023-02-27,-0.03,-0.03,1.42,0.56,9.36,0.05,0.81,840505.00,0.52
2023-02-28,0.02,0.02,1.41,0.27,4.43,-0.01,-0.17,841895.00,0.48
2023-03-01,0.02,0.02,1.41,0.30,4.82,-0.01,-0.16,831455.00,0.42
2023-03-02,-0.01,-0.01,1.41,0.39,6.31,-0.13,-2.09,843175.00,0.71
2023-03-03,-0.02,-0.02,1.41,0.48,7.91,0.04,0.65,849150.00,0.54
2023-03-06,-0.06,-0.06,1.42,0.46,8.08,-0.06,-0.99,843915.00,0.55
2023-03-07,0.03,0.03,1.41,0.44,7.50,-0.10,-1.76,825210.00,0.29
2023-03-08,-0.06,-0.07,1.43,0.51,9.27,0.01,0.17,827970.00,0.40
2023-03-09,0.12,0.12,1.49,0.67,10.86,0.60,10.91,893620.00,1.88
2023-03-10,-0.14,-0.15,1.58,1.02,19.17,0.01,0.16,911915.00,1.01
2023-03-13,0.11,0.10,1.61,0.52,8.84,0.34,6.39,941255.00,0.97
2023-03-14,0.10,0.09,1.56,0.61,9.46,0.17,2.89,925755.00,0.82
2023-03-15,-0.02,-0.02,1.41,0.40,6.31,-0.12,-1.86,799460.00,0.66
2023-03-16,0.10,0.10,1.40,1.20,17.17,0.51,8.04,863465.00,2.33
2023-03-17,-0.05,-0.05,1.40,0.94,14.14,-0.64,-9.16,871610.00,1.11
2023-03-20,0.01,0.01,1.07,0.42,6.28,0.15,2.26,756355.00,0.79
2023-03-21,0.06,0.06,1.06,0.56,7.87,0.18,2.69,756670.00,1.06
2023-03-22,-0.06,-0.06,1.08,0.45,6.71,0.04,0.56,742360.00,0.84
2023-03-23,0.04,0.04,1.07,0.68,9.78,0.44,6.56,717290.00,1.03
2023-03-24,-0.04,-0.04,1.08,0.33,4.94,-0.07,-1.01,707495.00,0.45
2023-03-27,0.01,0.01,1.07,0.25,3.70,0.00,0.00,719330.00,0.94
2023-03-28,-0.01,-0.01,1.07,0.32,4.81,0.01,0.15,714560.00,0.43
2023-03-29,0.09,0.09,1.11,0.71,9.81,0.10,1.50,718605.00,0.60
2023-03-30,-0.02,-0.02,1.11,0.47,6.60,0.03,0.41,710370.00,0.61
2023-03-31,0.01,0.01,1.11,0.27,3.77,0.02,0.28,707820.00,0.58
2023-04-03,0.05,0.05,1.08,0.57,7.56,-0.03,-0.42,714110.00,0.83
2023-04-04,-0.01,-0.01,1.09,0.34,4.57,0.00,0.00,718990.00,0.47
2023-04-05,-0.01,-0.01,1.05,0.39,5.31,-0.01,-0.13,727895.00,0.70
2023-04-06,-0.00,-0.00,0.98,0.26,3.54,0.03,0.41,657940.00,0.42
2023-04-10,-0.11,-0.11,0.92,0.79,12.04,-0.07,-0.95,637490.00,0.80
2023-04-11,-0.04,-0.04,0.87,0.48,7.62,-0.11,-1.68,621890.00,0.97
2023-04-12,0.01,0.01,0.80,0.33,5.19,0.05,0.79,608375.00,0.81
2023-04-13,0.07,0.07,0.83,0.56,8.21,0.01,0.16,597225.00,0.51
2023-04-14,-0.05,-0.05,0.77,0.43,6.63,-0.05,-0.73,509500.00,0.51
2023-04-17,0.05,0.05,0.77,0.58,8.50,0.09,1.39,482325.00,0.89
2023-04-18,-0.01,-0.01,0.77,0.36,5.33,0.04,0.59,465405.00,0.55
2023-04-19,0.01,0.01,0.74,0.35,5.12,-0.07,-1.04,443980.00,0.84
2023-04-20,0.01,0.01,0.71,0.29,4.22,-0.03,-0.44,431465.00,0.86
2023-04-21,0.01,0.01,0.70,0.42,6.04,-0.04,-0.58,406035.00,0.56
2023-04-24,-0.04,-0.04,0.69,0.38,5.67,-0.03,-0.43,406215.00,0.79
2023-04-25,-0.01,-0.01,0.69,0.39,5.87,0.00,0.00,388230.00,0.82
2023-04-26,0.03,0.03,0.70,0.31,4.55,0.01,0.15,426740.00,2.52
2023-04-27,0.03,0.03,0.63,0.35,4.98,0.12,1.76,422590.00,0.83
2023-04-28,-0.02,-0.02,0.63,0.30,4.35,0.07,1.00,419290.00,0.88
2023-05-01,0.08,0.07,0.69,0.63,8.50,0.05,0.73,422840.00,1.14
2023-05-02,-0.08,-0.08,0.72,0.80,11.75,-0.12,-1.62,416170.00,1.10
2023-05-03,0.01,0.01,0.72,0.31,4.50,-0.04,-0.59,418390.00,0.91
2023-05-04,0.04,0.04,0.73,0.63,8.82,-0.02,-0.29,407565.00,0.72
2023-05-05,-0.00,-0.00,0.73,0.41,5.77,0.04,0.56,407530.00,0.68
2023-05-08,0.02,0.02,0.62,0.36,4.97,0.07,0.98,397590.00,0.78
2023-05-09,-0.01,-0.01,0.60,0.40,5.57,-0.11,-1.52,383530.00,0.84
2023-05-10,0.00,0.00,0.60,1.03,14.29,-0.31,-4.32,393505.00,1.76
2023-05-11,-0.05,-0.05,0.58,0.57,8.30,0.07,0.97,401575.00,1.16
2023-05-12,-0.04,-0.04,0.57,0.49,7.45,-0.04,-0.58,405840.00,0.85
2023-05-15,-0.01,-0.01,0.54,0.32,4.91,0.01,0.15,401995.00,0.87
2023-05-16,-0.07,-0.07,0.59,0.40,6.59,-0.08,-1.23,409015.00,0.97
2023-05-17,0.00,0.00,0.59,0.22,3.61,0.01,0.16,406155.00,0.78
2023-05-18,-0.05,-0.05,0.61,0.45,7.75,-0.06,-0.98,407830.00,0.99
2023-05-19,-0.01,-0.01,0.60,0.33,5.74,0.09,1.55,414185.00,0.86
2023-05-22,-0.01,-0.01,0.59,0.34,5.96,-0.03,-0.52,412325.00,0.69
2023-05-23,-0.01,-0.01,0.59,0.30,5.32,0.00,0.00,411770.00,0.74
2023-05-24,-0.05,-0.05,0.60,0.37,6.92,-0.03,-0.53,375535.00,0.93
2023-05-25,-0.04,-0.04,0.58,0.23,4.47,0.01,0.19,377880.00,1.05
2023-05-26,-0.01,-0.01,0.58,0.23,4.51,-0.05,-0.97,389540.00,1.54
2023-05-30,-0.08,-0.09,0.53,0.59,12.63,-0.01,-0.20,413915.00,2.34
2023-05-31,0.00,0.00,0.49,0.29,6.21,0.01,0.21,431755.00,1.89
2023-06-01,-0.01,-0.01,0.48,0.19,4.11,0.00,0.00,433710.00,0.96
2023-06-02,0.05,0.05,0.50,0.24,4.94,0.02,0.43,438495.00,0.89
2023-06-05,0.03,0.03,0.53,0.32,6.37,-0.01,-0.21,446105.00,0.97
2023-06-06,0.03,0.03,0.55,0.28,5.39,0.00,0.00,470680.00,1.71
2023-06-07,0.01,0.01,0.56,0.27,5.14,-0.01,-0.19,495515.00,1.65
2023-06-08,-0.01,-0.01,0.55,0.17,3.27,-0.02,-0.38,473770.00,0.54
2023-06-09,0.07,0.07,0.62,0.42,7.55,0.06,1.15,481875.00,1.30
2023-06-12,0.04,0.04,0.63,0.27,4.67,0.07,1.26,495910.00,1.26
2023-06-13,0.04,0.04,0.65,0.33,5.46,0.02,0.35,511100.00,1.28
2023-06-14,0.01,0.01,0.60,0.18,2.97,0.03,0.50,512555.00,0.83
2023-06-15,-0.01,-0.01,0.60,0.11,1.83,-0.04,-0.66,511810.00,0.59
2023-06-16,0.02,0.02,0.58,0.26,4.25,0.10,1.66,537920.00,1.72
2023-06-20,-0.06,-0.06,0.62,0.48,8.35,-0.04,-0.65,551445.00,1.13
2023-06-21,-0.01,-0.01,0.62,0.28,4.90,-0.06,-1.04,562600.00,0.90
2023-06-22,-0.03,-0.03,0.63,0.28,5.05,0.00,0.00,562180.00,0.53
2023-06-23,0.03,0.03,0.61,0.39,6.79,-0.04,-0.72,655815.00,3.39
2023-06-26,-0.06,-0.06,0.63,0.37,6.84,-0.02,-0.35,662875.00,0.81
2023-06-27,-0.03,-0.03,0.64,0.38,7.21,-0.01,-0.18,724005.00,2.52
2023-06-28,0.00,0.00,0.55,0.26,4.92,-0.03,-0.57,719035.00,1.21
2023-06-29,-0.01,-0.01,0.55,0.22,4.22,-0.03,-0.57,697435.00,0.55
2023-06-30,0.03,0.03,0.56,0.43,8.04,-0.02,-0.38,714335.00,1.06
2023-07-03,0.01,0.01,0.53,0.13,2.42,0.01,0.19,702850.00,0.23
2023-07-05,-0.02,-0.02,0.53,0.20,3.78,-0.04,-0.74,698965.00,0.51
2023-07-06,-0.08,-0.08,0.59,0.44,9.03,-0.05,-0.95,679330.00,0.60
2023-07-07,0.03,0.03,0.60,0.24,4.78,0.00,0.00,659030.00,0.63
2023-07-10,-0.01,-0.01,0.60,0.15,3.02,0.02,0.40,661405.00,0.46
2023-07-11,0.02,0.02,0.55,0.29,5.70,0.00,0.00,654315.00,0.74
2023-07-12,0.02,0.02,0.53,0.11,2.12,0.06,1.18,635620.00,0.39
2023-07-13,-0.03,-0.03,0.50,0.23,4.57,0.04,0.77,612710.00,0.32
2023-07-14,-0.02,-0.02,0.50,0.23,4.67,0.01,0.20,602100.00,0.36
2023-07-17,0.03,0.03,0.52,0.18,3.56,0.05,1.02,603080.00,0.53
2023-07-18,0.00,0.00,0.51,0.18,3.56,-0.02,-0.40,570640.00,0.49
2023-07-19,-0.00,-0.00,0.47,0.16,3.17,0.03,0.59,549920.00,0.38
2023-07-20,-0.04,-0.04,0.48,0.19,3.91,-0.02,-0.40,537660.00,0.49
2023-07-21,0.01,0.01,0.48,0.13,2.65,0.05,1.03,536445.00,0.51
2023-07-24,-0.01,-0.01,0.46,0.17,3.52,0.00,0.00,440360.00,0.68
2023-07-25,-0.03,-0.03,0.43,0.26,5.57,-0.01,-0.21,428075.00,0.68
2023-07-26,0.00,0.00,0.43,0.15,3.20,-0.03,-0.64,350270.00,0.76
2023-07-27,-0.04,-0.05,0.45,0.26,5.80,0.01,0.21,328440.00,1.32
2023-07-28,0.04,0.04,0.48,0.30,6.42,0.06,1.34,334830.00,1.53
2023-07-31,0.02,0.02,0.48,0.18,3.77,0.04,0.86,322375.00,1.57
2023-08-01,0.02,0.02,0.49,0.27,5.53,0.00,0.00,343890.00,1.71
2023-08-02,0.00,0.00,0.48,0.32,6.53,-0.07,-1.43,391835.00,3.35
2023-08-03,0.07,0.07,0.46,0.57,10.90,0.02,0.41,393165.00,1.11
2023-08-04,-0.04,-0.04,0.48,0.40,8.00,0.02,0.38,384650.00,0.63
2023-08-07,-0.04,-0.04,0.50,0.38,7.92,0.02,0.40,385905.00,0.85
2023-08-08,0.02,0.02,0.49,0.28,5.73,0.00,0.00,374505.00,0.69
2023-08-09,0.02,0.02,0.49,0.17,3.41,0.00,0.00,378280.00,0.86
2023-08-10,0.24,0.22,0.99,1.33,21.49,0.14,2.81,630550.00,8.31
2023-08-11,-0.04,-0.04,1.00,0.58,9.78,-0.01,-0.16,662055.00,1.28
2023-08-14,-0.06,-0.06,1.03,0.47,8.45,-0.01,-0.17,677105.00,0.92
2023-08-15,-0.04,-0.04,1.04,0.31,5.78,0.00,0.00,678445.00,0.45
2023-08-16,-0.02,-0.02,1.05,0.16,3.06,-0.05,-0.93,676575.00,0.26
2023-08-17,-0.06,-0.06,1.06,0.34,6.90,-0.01,-0.19,674920.00,0.34
2023-08-18,0.00,0.00,1.06,0.26,5.26,-0.06,-1.22,673795.00,0.37
2023-08-21,0.04,0.04,1.07,0.43,8.37,-0.01,-0.20,678760.00,0.59
2023-08-22,0.02,0.02,1.06,0.20,3.83,0.01,0.19,678370.00,0.42
2023-08-23,0.01,0.01,1.06,0.21,4.00,0.03,0.57,677510.00,0.37
2023-08-24,-0.04,-0.04,1.05,0.24,4.74,0.00,0.00,664375.00,0.26
2023-08-25,-0.00,-0.00,1.04,0.16,3.17,0.01,0.20,647620.00,0.27
2023-08-28,0.00,0.00,1.04,0.13,2.57,0.06,1.19,634850.00,0.40
2023-08-29,-0.02,-0.02,1.04,0.17,3.42,0.01,0.20,614650.00,0.30
2023-08-30,-0.01,-0.01,1.04,0.12,2.45,-0.02,-0.40,563245.00,0.50
2023-08-31,-0.05,-0.05,1.03,0.26,5.58,-0.01,-0.20,558355.00,0.61
2023-09-01,0.04,0.04,1.03,0.17,3.50,0.10,2.15,559285.00,0.47
2023-09-05,0.05,0.04,1.03,0.30,5.91,0.15,3.09,618600.00,2.45
2023-09-06,0.02,0.02,1.03,0.20,3.85,0.01,0.20,623625.00,0.57
2023-09-07,0.02,0.02,1.03,0.48,9.09,-0.01,-0.19,645620.00,1.19
2023-09-08,-0.03,-0.03,0.53,0.38,7.42,0.00,0.00,398240.00,0.74
2023-09-11,0.06,0.06,0.56,0.42,7.75,0.00,0.00,385110.00,1.51
2023-09-12,-0.09,-0.09,0.61,0.53,10.73,0.00,0.00,382315.00,1.48
2023-09-13,-0.02,-0.02,0.60,0.29,5.98,0.00,0.00,385885.00,0.98
2023-09-14,0.00,0.00,0.59,0.19,3.92,-0.01,-0.21,392165.00,0.76
2023-09-15,-0.04,-0.04,0.57,0.25,5.36,0.03,0.62,410520.00,1.45
2023-09-18,-0.02,-0.02,0.58,0.16,3.49,-0.01,-0.21,414100.00,0.78
2023-09-19,0.00,0.00,0.55,0.15,3.28,-0.01,-0.22,407400.00,0.65
2023-09-20,-0.01,-0.01,0.55,0.14,3.08,0.02,0.44,403415.00,0.51
2023-09-21,0.03,0.03,0.56,0.22,4.70,0.01,0.22,406220.00,0.76
2023-09-22,-0.00,-0.00,0.55,0.14,3.00,0.03,0.64,412195.00,0.71
2023-09-25,-0.01,-0.01,0.55,0.17,3.70,-0.02,-0.43,420400.00,0.81
2023-09-26,0.04,0.04,0.57,0.24,5.03,0.00,0.00,425730.00,0.84
2023-09-27,-0.01,-0.01,0.57,0.21,4.46,0.03,0.63,432205.00,0.73
2023-09-28,-0.01,-0.01,0.57,0.12,2.56,0.00,0.00,433720.00,0.72
2023-09-29,-0.00,-0.00,0.54,0.17,3.65,0.01,0.21,456665.00,1.75
2023-10-02,-0.04,-0.04,0.53,0.35,7.81,-0.01,-0.21,479315.00,1.49
2023-10-03,0.00,0.00,0.50,0.23,5.11,-0.03,-0.67,424235.00,0.98
2023-10-04,0.04,0.04,0.51,0.46,9.85,0.00,0.00,525060.00,4.52
2023-10-05,0.02,0.02,0.52,0.28,5.86,0.05,1.07,521125.00,1.32
2023-10-06,0.00,0.00,0.51,0.28,5.86,0.00,0.00,529190.00,0.86
2023-10-09,-0.01,-0.01,0.45,0.15,3.17,-0.07,-1.46,518395.00,0.71
2023-10-10,0.06,0.06,0.40,0.32,6.37,-0.01,-0.21,509050.00,0.75
2023-10-11,0.01,0.01,0.40,0.16,3.15,-0.02,-0.40,502125.00,0.47
2023-10-12,-0.03,-0.03,0.41,0.24,4.85,0.00,0.00,508980.00,0.86
2023-10-13,0.02,0.02,0.39,0.20,3.94,0.03,0.61,495605.00,0.66
2023-10-16,0.02,0.02,0.38,0.30,5.80,0.03,0.59,493585.00,0.57
2023-10-17,0.02,0.02,0.39,0.21,3.98,-0.03,-0.58,502445.00,0.88
2023-10-18,-0.03,-0.03,0.40,0.22,4.30,-0.02,-0.38,514190.00,0.85
2023-10-19,-0.11,-0.11,0.55,0.59,12.88,0.03,0.59,546850.00,1.76
2023-10-20,0.06,0.06,0.59,0.64,13.22,0.07,1.53,648525.00,3.58
2023-10-23,0.02,0.02,0.59,0.26,5.25,-0.07,-1.45,662215.00,0.93
2023-10-24,0.00,0.00,0.58,0.25,5.04,0.00,0.00,682525.00,1.12
2023-10-25,0.00,0.00,0.58,0.23,4.64,-0.05,-1.01,686215.00,0.57
2023-10-26,0.02,0.02,0.58,0.24,4.74,0.00,0.00,686465.00,0.47
2023-10-27,-0.02,-0.02,0.58,0.13,2.62,-0.06,-1.19,678825.00,0.95
2023-10-30,0.04,0.04,0.57,0.24,4.65,0.06,1.21,659605.00,0.50
2023-10-31,0.01,0.01,0.57,0.21,4.02,0.00,0.00,661295.00,0.68
2023-11-01,0.01,0.01,0.56,0.17,3.21,0.06,1.15,574565.00,1.11
2023-11-02,-0.03,-0.03,0.58,0.34,6.65,0.07,1.32,556500.00,0.59
2023-11-03,0.04,0.04,0.59,0.16,3.01,0.07,1.37,558290.00,0.88
2023-11-06,0.02,0.02,0.59,0.22,4.04,0.09,1.69,560245.00,0.72
2023-11-07,0.17,0.16,0.81,1.54,24.18,0.43,7.90,678145.00,4.04
2023-11-08,0.08,0.08,0.85,0.98,14.22,0.01,0.16,716255.00,1.40
2023-11-09,-0.05,-0.05,0.87,0.68,10.38,0.05,0.73,736030.00,1.13
2023-11-10,-0.02,-0.02,0.88,0.48,7.50,0.00,0.00,747725.00,0.75
2023-11-13,-0.00,-0.00,0.88,0.39,6.12,0.07,1.09,775615.00,1.08
2023-11-14,0.11,0.10,0.94,0.63,8.95,0.20,3.14,796290.00,1.08
2023-11-15,0.03,0.03,0.92,0.76,10.45,0.00,0.00,850335.00,1.79
2023-11-16,-0.02,-0.03,0.82,0.44,6.21,-0.05,-0.69,835965.00,0.80
2023-11-17,0.07,0.07,0.83,0.55,7.25,0.19,2.68,771420.00,1.34
2023-11-20,0.01,0.01,0.83,0.46,6.03,0.01,0.13,766590.00,0.68
2023-11-21,-0.03,-0.03,0.85,0.24,3.24,-0.12,-1.57,749175.00,0.56
2023-11-22,-0.00,-0.00,0.85,0.25,3.38,0.08,1.08,741755.00,0.32
2023-11-24,0.01,0.01,0.85,0.33,4.40,-0.04,-0.54,732980.00,0.20
2023-11-27,0.02,0.02,0.84,0.31,4.05,-0.10,-1.33,724950.00,0.67
2023-11-28,-0.02,-0.02,0.85,0.35,4.67,0.11,1.44,726395.00,0.49
2023-11-29,0.00,0.00,0.85,0.29,3.86,0.01,0.13,720160.00,0.45
2023-11-30,0.09,0.09,0.89,0.80,9.74,0.04,0.53,737240.00,1.33
2023-12-01,0.02,0.02,0.86,0.49,5.85,0.00,0.00,750000.00,0.77
2023-12-04,0.01,0.01,0.86,0.45,5.33,0.09,1.07,747725.00,0.60
2023-12-05,0.00,0.00,0.86,0.30,3.54,-0.07,-0.83,751170.00,0.63
2023-12-06,0.02,0.02,0.67,0.29,3.36,0.14,1.65,633710.00,0.61
2023-12-07,0.03,0.03,0.62,0.47,5.26,0.06,0.69,605875.00,0.73
2023-12-08,-0.02,-0.02,0.60,0.44,5.05,-0.09,-1.01,583250.00,0.65
2023-12-11,-0.03,-0.03,0.60,0.48,5.67,0.14,1.61,577985.00,0.79
2023-12-12,0.02,0.02,0.60,0.32,3.70,0.02,0.24,566385.00,1.07
2023-12-13,0.06,0.06,0.52,0.59,6.43,-0.06,-0.69,552050.00,1.03
2023-12-14,0.02,0.02,0.52,0.34,3.65,0.13,1.42,507835.00,1.25
2023-12-15,-0.01,-0.01,0.50,0.49,5.29,0.14,1.50,582680.00,3.72
2023-12-18,-0.06,-0.06,0.53,0.61,7.03,-0.02,-0.22,557050.00,0.93
2023-12-19,0.06,0.06,0.56,0.51,5.53,0.13,1.50,561815.00,1.09
2023-12-20,0.07,0.06,0.58,0.92,9.36,0.85,9.21,614110.00,2.38
2023-12-21,0.02,0.02,0.57,0.46,4.60,0.23,2.34,632440.00,0.96
2023-12-22,-0.01,-0.01,0.58,0.61,6.18,-0.01,-0.10,649870.00,0.76
2023-12-26,0.02,0.02,0.58,0.48,4.75,0.06,0.61,648170.00,0.69
2023-12-27,-0.01,-0.01,0.58,0.44,4.42,0.12,1.19,646210.00,0.49
2023-12-28,-0.00,-0.00,0.58,0.33,3.32,-0.08,-0.80,645305.00,0.47
2023-12-29,-0.03,-0.03,0.52,0.41,4.26,0.06,0.60,609855.00,0.45
2024-01-02,0.06,0.06,0.55,0.87,8.55,-0.11,-1.14,615750.00,1.13
2024-01-03,-0.02,-0.02,0.56,0.43,4.32,-0.07,-0.69,614630.00,0.69
2024-01-04,0.01,0.01,0.56,0.40,3.98,0.08,0.80,609225.00,0.60
2024-01-05,-0.03,-0.03,0.58,0.44,4.50,-0.16,-1.59,607430.00,0.58
2024-01-08,0.08,0.07,0.62,1.06,10.09,-0.05,-0.51,655430.00,2.14
2024-01-09,-0.03,-0.03,0.62,0.46,4.51,-0.07,-0.67,659660.00,0.70
2024-01-10,0.06,0.06,0.64,1.07,9.86,-0.07,-0.69,708650.00,2.03
2024-01-11,-0.05,-0.05,0.67,0.68,6.60,-0.15,-1.38,716345.00,1.06
2024-01-12,0.04,0.04,0.66,0.57,5.33,0.12,1.17,720600.00,0.91
2024-01-16,0.02,0.02,0.66,0.76,6.97,-0.19,-1.78,749605.00,1.62
2024-01-17,-0.03,-0.03,0.67,0.78,7.39,-0.18,-1.65,692560.00,1.49
2024-01-18,0.02,0.02,0.62,0.67,6.23,0.14,1.33,719375.00,1.47
2024-01-19,0.12,0.11,0.70,1.33,11.08,0.08,0.74,772290.00,2.16
2024-01-22,0.01,0.01,0.68,0.54,4.46,0.10,0.83,753805.00,1.45
2024-01-23,-0.01,-0.01,0.68,0.76,6.33,0.05,0.41,771975.00,1.26
2024-01-24,0.00,0.00,0.68,0.87,7.24,0.54,4.50,785470.00,0.97
2024-01-25,0.07,0.06,0.70,0.75,5.86,0.32,2.66,813440.00,1.24
2024-01-26,0.03,0.03,0.70,0.96,7.26,0.08,0.62,857065.00,1.39
2024-01-29,0.03,0.03,0.70,0.95,6.96,-0.05,-0.38,901415.00,1.32
2024-01-30,0.03,0.03,0.67,0.66,4.71,-0.10,-0.73,950555.00,1.32
2024-01-31,0.02,0.02,0.66,1.05,7.34,-0.14,-1.00,1011465.00,1.90
2024-02-01,0.07,0.07,0.66,1.30,8.51,0.10,0.70,1088570.00,1.81
2024-02-02,0.01,0.01,0.66,0.94,6.09,-0.13,-0.85,1165875.00,1.64
2024-02-05,0.08,0.08,0.67,1.54,9.19,-0.11,-0.71,1240360.00,1.49
2024-02-06,0.03,0.03,0.65,0.94,5.45,0.00,0.00,1238845.00,1.11
2024-02-07,0.01,0.01,0.62,1.09,6.25,0.08,0.46,1331555.00,1.74
2024-02-08,0.05,0.05,0.61,1.54,8.42,-0.07,-0.40,1360180.00,1.48
2024-02-09,-0.05,-0.06,0.61,1.96,11.32,0.01,0.05,1414645.00,1.31
2024-02-12,0.03,0.03,0.61,0.91,5.08,0.24,1.39,1446700.00,0.90
2024-02-13,-0.03,-0.03,0.65,0.79,4.55,-0.94,-5.25,1439540.00,0.75
2024-02-14,-0.01,-0.01,0.63,1.10,6.42,-0.73,-4.21,1437180.00,0.68
2024-02-15,0.02,0.02,0.63,1.38,7.93,-0.24,-1.40,1438320.00,0.75
2024-02-16,-0.01,-0.01,0.53,0.65,3.76,-0.13,-0.75,1403315.00,0.69
2024-02-20,-0.01,-0.01,0.54,0.72,4.19,-0.15,-0.87,1391795.00,0.62
2024-02-21,-0.01,-0.01,0.54,0.58,3.40,-0.14,-0.82,1376095.00,0.48
2024-02-22,0.00,0.00,0.54,1.48,8.65,0.09,0.53,1383815.00,0.66
2024-02-23,0.06,0.06,0.53,1.07,5.90,0.02,0.12,1384980.00,0.75
2024-02-26,-0.07,-0.08,0.62,1.93,11.48,-0.14,-0.77,1413345.00,1.24
2024-02-27,0.03,0.03,0.62,2.11,12.22,0.18,1.07,1442685.00,1.23
2024-02-28,-0.00,-0.00,0.62,0.78,4.54,-0.04,-0.23,1428065.00,0.67
2024-02-29,0.04,0.04,0.63,0.96,5.35,0.65,3.78,1444630.00,1.56
2024-03-01,0.06,0.06,0.62,1.33,6.98,0.12,0.67,1446555.00,1.39
2024-03-04,0.09,0.08,0.68,1.39,6.71,0.72,3.78,1484080.00,1.79
2024-03-05,-0.00,-0.00,0.63,1.05,5.09,0.07,0.34,1512475.00,1.59
2024-03-06,0.04,0.04,0.63,1.22,5.68,0.43,2.08,1530315.00,1.13
2024-03-07,-0.04,-0.05,0.66,1.32,6.44,0.12,0.56,1502970.00,1.18
2024-03-08,-0.15,-0.16,0.85,5.05,28.97,-1.17,-5.70,1625170.00,2.74
2024-03-11,-0.03,-0.03,0.84,1.38,8.15,-0.28,-1.61,1616350.00,1.04
2024-03-12,0.04,0.04,0.84,1.16,6.59,-0.08,-0.47,1642865.00,1.11
2024-03-13,-0.06,-0.06,0.86,1.72,10.39,-0.10,-0.57,1685840.00,1.15
2024-03-14,-0.03,-0.03,0.86,1.18,7.35,-0.24,-1.45,1744490.00,1.23
2024-03-15,-0.01,-0.01,0.86,0.90,5.65,-0.04,-0.25,1912920.00,2.33
2024-03-18,-0.02,-0.02,0.86,1.11,7.12,-0.13,-0.82,1941950.00,0.80
2024-03-19,-0.00,-0.00,0.86,0.85,5.46,-0.18,-1.15,1978795.00,0.81
2024-03-20,-0.01,-0.01,0.86,0.89,5.78,-0.05,-0.32,1994860.00,0.49
2024-03-21,0.00,0.00,0.86,0.81,5.26,0.25,1.62,1992030.00,0.43
2024-03-22,-0.06,-0.06,0.85,1.05,7.25,0.12,0.78,1983020.00,0.43
2024-03-25,-0.00,-0.00,0.82,0.48,3.33,-0.02,-0.14,1935730.00,0.42
2024-03-26,-0.01,-0.01,0.81,0.53,3.73,0.18,1.25,1886885.00,0.43
2024-03-27,0.05,0.05,0.84,0.73,4.88,0.11,0.77,1889915.00,0.54
2024-03-28,-0.02,-0.02,0.82,0.98,6.66,-0.22,-1.47,1817955.00,0.45
2024-04-01,-0.05,-0.05,0.78,0.97,6.92,-0.02,-0.14,1774135.00,0.64
2024-04-02,-0.05,-0.05,0.69,0.83,6.24,-0.37,-2.64,1696815.00,0.66
2024-04-03,0.03,0.03,0.71,0.89,6.51,-0.12,-0.90,1663875.00,1.05
2024-04-04,0.30,0.26,1.33,3.83,21.54,1.40,10.24,1918240.00,3.55
2024-04-05,0.03,0.03,1.33,1.58,8.66,-0.12,-0.67,1954830.00,1.28
2024-04-08,0.01,0.01,1.21,0.70,3.81,0.18,0.99,1833945.00,1.11
2024-04-09,-0.01,-0.01,1.20,1.60,8.84,1.15,6.27,1829630.00,0.87
2024-04-10,0.01,0.01,1.20,0.97,5.32,-0.37,-2.04,1800280.00,0.69
2024-04-11,0.01,0.01,1.18,1.12,6.05,0.18,0.99,1761670.00,0.66
2024-04-12,-0.05,-0.05,1.19,1.42,8.10,-0.13,-0.70,1697710.00,0.52
2024-04-15,-0.03,-0.03,1.20,1.05,6.20,-0.06,-0.34,1516320.00,0.54
2024-04-16,-0.02,-0.02,1.19,0.62,3.72,-0.08,-0.47,1470145.00,0.43
2024-04-17,-0.03,-0.04,1.20,0.83,5.16,0.06,0.36,1437860.00,0.66
2024-04-18,-0.00,-0.00,1.20,0.56,3.48,-0.11,-0.68,1422030.00,0.46
2024-04-19,-0.03,-0.03,1.21,1.09,6.98,-0.11,-0.68,1431425.00,0.73
2024-04-22,-0.01,-0.01,1.19,0.83,5.39,0.12,0.77,1427245.00,0.54
2024-04-23,0.05,0.05,1.20,0.98,6.04,0.24,1.56,1418870.00,0.46
2024-04-24,-0.03,-0.03,1.20,1.01,6.43,-0.07,-0.43,1404840.00,0.37
2024-04-25,-0.08,-0.09,1.23,1.46,10.16,-0.77,-4.90,1413800.00,0.85
2024-04-26,0.01,0.01,1.23,1.04,7.14,0.85,5.92,1405825.00,0.46
2024-04-29,0.02,0.02,1.22,0.56,3.78,-0.02,-0.14,1375025.00,0.37
2024-04-30,-0.00,-0.00,1.20,0.77,5.21,-0.17,-1.15,1355140.00,0.53
2024-05-01,0.05,0.05,1.21,1.53,9.84,-0.01,-0.07,1315450.00,0.73
2024-05-02,-0.02,-0.02,0.53,0.82,5.39,0.13,0.84,1003380.00,0.57
2024-05-03,0.03,0.03,0.53,0.82,5.23,0.42,2.76,909255.00,0.68
2024-05-06,0.04,0.04,0.56,1.08,6.60,0.01,0.06,840040.00,0.78
2024-05-07,-0.02,-0.02,0.56,0.75,4.67,-0.05,-0.31,800345.00,0.99
2024-05-08,-0.09,-0.09,0.63,2.01,13.71,-0.35,-2.18,837950.00,2.38
2024-05-09,0.00,0.00,0.63,0.53,3.61,0.01,0.07,1024045.00,4.77
2024-05-10,-0.77,-1.49,2.78,1.74,52.57,-10.14,-69.12,2737705.00,12.84
2024-05-13,0.32,0.28,3.08,1.05,23.97,0.20,6.04,3671655.00,5.31
2024-05-14,0.02,0.02,3.08,0.77,17.30,-0.32,-7.31,3930105.00,1.48
2024-05-15,0.06,0.06,3.10,0.51,10.83,0.05,1.12,4061510.00,0.88
2024-05-16,0.09,0.08,3.12,0.68,13.28,0.00,0.00,4198285.00,0.81
2024-05-17,-0.15,-0.16,3.16,0.86,19.72,-0.04,-0.78,4339180.00,0.89
2024-05-20,-0.02,-0.02,3.16,0.34,7.98,0.07,1.61,4407245.00,0.48
2024-05-21,0.00,0.00,3.14,0.33,7.75,0.00,0.00,4485560.00,0.49
2024-05-22,0.10,0.10,3.18,0.57,12.13,-0.05,-1.17,4568115.00,0.48
2024-05-23,-0.01,-0.01,3.17,0.32,6.91,-0.03,-0.64,4587705.00,0.35
2024-05-24,-0.02,-0.02,3.17,0.36,7.91,0.00,0.00,4640680.00,0.37
2024-05-28,-0.05,-0.05,3.17,0.44,10.14,0.05,1.10,4682600.00,0.29
2024-05-29,-0.05,-0.05,3.17,0.29,7.00,-0.02,-0.46,4725280.00,0.33
2024-05-30,0.02,0.02,3.16,0.18,4.25,0.04,0.97,4747680.00,0.30
2024-05-31,-0.04,-0.04,3.16,0.35,8.56,0.03,0.71,4809115.00,0.38
2024-06-03,0.10,0.09,3.18,0.91,20.31,0.05,1.22,5005245.00,0.91
2024-06-04,-0.03,-0.03,3.17,0.31,7.11,-0.05,-1.12,5060880.00,0.35
2024-06-05,0.13,0.12,3.22,0.64,13.03,0.07,1.61,5102110.00,0.32
2024-06-06,-0.05,-0.05,3.21,0.31,6.64,-0.03,-0.61,5049575.00,0.19
2024-06-07,-0.03,-0.03,3.21,0.29,6.40,-0.04,-0.86,4853315.00,0.20
2024-06-10,0.01,0.01,1.53,0.27,5.90,-0.08,-1.77,3152380.00,0.36
2024-06-11,0.08,0.07,1.06,0.48,9.74,0.02,0.44,2253355.00,0.67
2024-06-12,0.01,0.01,1.06,0.30,6.01,0.04,0.81,2033620.00,0.69
2024-06-13,-0.06,-0.06,1.07,0.43,9.19,0.01,0.20,1906585.00,0.55
2024-06-14,-0.04,-0.05,1.03,0.25,5.59,0.00,0.00,1787380.00,0.57
2024-06-17,-0.04,-0.04,0.90,0.26,6.06,0.00,0.00,1675630.00,0.97
2024-06-18,-0.04,-0.04,0.90,0.22,5.34,0.00,0.00,1635335.00,0.81
2024-06-20,0.00,0.00,0.90,0.17,4.13,0.00,0.00,1598180.00,0.92
2024-06-21,0.06,0.06,0.85,0.34,7.78,0.00,0.00,1803865.00,3.49
2024-06-24,0.03,0.03,0.86,0.45,10.00,-0.05,-1.14,1804155.00,0.89
2024-06-25,-0.05,-0.05,0.87,0.25,5.83,-0.02,-0.44,1768995.00,0.57
2024-06-26,-0.05,-0.05,0.87,0.27,6.63,0.00,0.00,1761655.00,0.68
2024-06-27,0.01,0.01,0.86,0.15,3.64,0.02,0.49,1742935.00,0.69
2024-06-28,0.03,0.03,0.86,0.32,7.53,0.01,0.24,1821015.00,1.63
2024-07-01,0.01,0.01,0.85,0.29,6.74,-0.06,-1.41,1792250.00,0.69
2024-07-02,-0.05,-0.05,0.80,0.26,6.34,-0.02,-0.47,1609505.00,0.55
2024-07-03,0.02,0.02,0.80,0.30,7.14,0.00,0.00,1556815.00,0.46
2024-07-05,0.00,0.00,0.64,0.14,3.33,0.00,0.00,1505305.00,0.39
2024-07-08,0.01,0.01,0.62,0.25,5.91,0.02,0.48,1496855.00,0.52
2024-07-09,0.01,0.01,0.62,0.12,2.80,-0.01,-0.24,1480075.00,0.42
2024-07-10,-0.00,-0.00,0.61,0.15,3.51,0.00,0.00,1444585.00,0.29
2024-07-11,0.09,0.09,0.64,0.39,8.39,-0.01,-0.23,1428110.00,0.83
2024-07-12,0.01,0.01,0.64,0.33,7.02,0.03,0.65,1404315.00,0.66
2024-07-15,0.03,0.03,0.60,0.44,9.11,0.00,0.00,1413845.00,0.87
2024-07-16,0.12,0.11,0.70,0.63,11.69,0.05,1.04,1425355.00,0.87
2024-07-17,-0.05,-0.05,0.71,0.50,9.78,-0.15,-2.78,1411115.00,0.95
2024-07-18,-0.02,-0.02,0.70,0.42,8.37,0.00,0.00,1389585.00,0.64
2024-07-19,-0.02,-0.02,0.70,0.28,5.69,0.00,0.00,1355540.00,0.58
2024-07-22,0.09,0.08,0.73,0.49,9.18,0.00,0.00,1082715.00,0.77
2024-07-23,-0.00,-0.00,0.73,0.18,3.38,-0.06,-1.12,1034460.00,0.61
2024-07-24,-0.01,-0.02,0.71,0.30,5.71,-0.07,-1.31,1013340.00,0.58
2024-07-25,0.05,0.05,0.68,0.42,7.64,0.06,1.14,986320.00,0.67
2024-07-26,0.01,0.01,0.68,0.32,5.77,0.00,0.00,957975.00,0.66
2024-07-29,-0.01,-0.01,0.68,0.25,4.57,0.00,0.00,833800.00,0.58
2024-07-30,-0.04,-0.04,0.71,0.44,8.38,0.00,0.00,824905.00,1.27
2024-07-31,-0.28,-0.33,1.25,0.50,13.30,-1.57,-29.90,1049815.00,5.13
2024-08-01,0.06,0.06,1.27,0.41,10.25,-0.05,-1.33,1098500.00,1.53
2024-08-02,-0.04,-0.04,1.28,0.28,7.31,-0.20,-5.00,1139430.00,1.24
2024-08-05,-0.07,-0.07,1.30,0.36,10.06,-0.32,-8.36,1162840.00,1.07
2024-08-06,0.02,0.02,1.30,0.29,7.97,0.05,1.40,1168280.00,0.63
2024-08-07,-0.07,-0.07,1.32,0.54,15.98,-0.14,-3.85,1209690.00,1.03
2024-08-08,0.02,0.02,1.28,0.29,8.41,0.06,1.78,1185455.00,0.59
2024-08-09,0.02,0.02,1.28,0.19,5.40,0.00,0.00,1168995.00,0.51
2024-08-12,-0.05,-0.05,1.28,0.17,5.07,-0.02,-0.57,1136290.00,0.51
2024-08-13,0.05,0.05,1.21,0.24,6.80,0.00,0.00,1105990.00,0.57
2024-08-14,-0.05,-0.06,1.21,0.22,6.59,0.01,0.28,1071370.00,0.61
2024-08-15,-0.02,-0.02,1.21,0.24,7.36,0.09,2.69,1072640.00,0.86
2024-08-16,-0.01,-0.01,1.21,0.14,4.33,0.00,0.00,1071570.00,0.72
2024-08-19,0.10,0.09,1.23,0.32,9.01,0.07,2.17,1093860.00,1.17
2024-08-20,0.02,0.02,1.24,0.17,4.70,-0.03,-0.85,1096745.00,0.63
2024-08-21,-0.01,-0.01,1.24,0.16,4.44,-0.01,-0.28,1096595.00,0.53
2024-08-22,-0.07,-0.08,1.23,0.29,8.71,0.00,0.00,1092455.00,0.53
2024-08-23,0.05,0.05,1.25,0.27,7.74,0.00,0.00,1096140.00,0.64
2024-08-26,0.02,0.02,1.26,0.16,4.49,0.01,0.29,1098495.00,0.48
2024-08-27,-0.04,-0.04,1.26,0.19,5.54,0.00,0.00,1068515.00,0.42
2024-08-28,0.01,0.01,0.77,0.15,4.35,0.00,0.00,826430.00,0.66
2024-08-29,0.01,0.01,0.73,0.13,3.75,0.05,1.45,762775.00,0.54
2024-08-30,0.01,0.01,0.72,0.15,4.27,0.00,0.00,756230.00,1.69
2024-09-03,-0.07,-0.07,0.72,0.28,8.54,-0.09,-2.56,724675.00,0.84
2024-09-04,0.01,0.01,0.72,0.13,3.92,-0.03,-0.91,713535.00,0.71
2024-09-05,0.02,0.02,0.68,0.18,5.33,0.04,1.20,676255.00,0.74
2024-09-06,-0.04,-0.04,0.69,0.26,8.00,-0.01,-0.30,667710.00,0.80
2024-09-09,0.06,0.06,0.72,0.56,16.23,0.00,0.00,725555.00,2.42
2024-09-10,0.03,0.03,0.70,0.34,9.55,-0.04,-1.16,739145.00,1.15
2024-09-11,0.02,0.02,0.68,0.14,3.87,0.00,0.00,729810.00,0.62
2024-09-12,-0.00,-0.00,0.65,0.26,7.20,-0.07,-1.93,741195.00,1.19
2024-09-13,0.02,0.02,0.64,0.12,3.24,0.07,1.94,718070.00,0.64
2024-09-16,-0.07,-0.08,0.70,0.46,13.41,-0.04,-1.08,716175.00,1.02
2024-09-17,-0.02,-0.02,0.61,0.14,4.15,0.01,0.29,673455.00,0.63
2024-09-18,-0.02,-0.02,0.61,0.15,4.55,0.00,0.00,669445.00,0.92
2024-09-19,0.03,0.03,0.62,0.12,3.54,0.12,3.64,680810.00,1.19
2024-09-20,-0.03,-0.03,0.57,0.13,3.96,-0.01,-0.29,687385.00,1.04
2024-09-23,-0.07,-0.07,0.58,0.24,7.84,0.01,0.30,695145.00,1.24
2024-09-24,-0.02,-0.02,0.58,0.13,4.33,0.00,0.00,701390.00,0.93
2024-09-25,0.01,0.01,0.57,0.14,4.61,0.01,0.33,714105.00,0.99
2024-09-26,0.00,0.00,0.57,0.12,3.95,0.05,1.64,708795.00,0.62
2024-09-27,0.05,0.05,0.60,0.14,4.39,0.05,1.64,719715.00,0.87
2024-09-30,0.03,0.03,0.61,0.21,6.38,0.01,0.31,684085.00,0.82
2024-10-01,0.04,0.04,0.58,0.23,6.71,-0.04,-1.22,689410.00,1.04
2024-10-02,0.03,0.03,0.59,0.25,7.08,-0.01,-0.29,693725.00,0.86
2024-10-03,0.01,0.01,0.59,0.20,5.63,-0.05,-1.42,690595.00,0.64
2024-10-04,0.01,0.01,0.57,0.15,4.18,0.05,1.41,685425.00,0.63
2024-10-07,0.00,0.00,0.53,0.14,3.90,-0.01,-0.28,610390.00,0.42
2024-10-08,0.01,0.01,0.52,0.18,4.97,-0.03,-0.84,594870.00,0.90
2024-10-09,0.01,0.01,0.51,0.09,2.47,0.02,0.55,591510.00,0.65
2024-10-10,0.02,0.02,0.52,0.16,4.28,-0.05,-1.37,575165.00,0.96
2024-10-11,0.11,0.10,0.64,0.47,11.35,-0.02,-0.53,595400.00,1.45
2024-10-14,0.03,0.03,0.57,0.29,6.78,-0.02,-0.48,592390.00,1.13
2024-10-15,-0.07,-0.07,0.63,0.49,12.31,-0.01,-0.23,604040.00,1.08
2024-10-16,0.04,0.03,0.63,0.27,6.55,0.04,1.01,590795.00,0.59
2024-10-17,-0.02,-0.02,0.64,0.17,4.23,0.03,0.73,564985.00,0.52
2024-10-18,-0.00,-0.00,0.62,0.11,2.74,-0.02,-0.50,544770.00,0.57
2024-10-21,-0.04,-0.04,0.58,0.19,4.92,-0.05,-1.25,518605.00,0.65
2024-10-22,0.01,0.01,0.57,0.16,4.10,-0.02,-0.52,512865.00,1.05
2024-10-23,0.01,0.01,0.57,0.23,5.84,-0.04,-1.03,507090.00,1.17
2024-10-24,-0.09,-0.09,0.67,0.39,10.83,0.00,0.00,506415.00,0.84
2024-10-25,-0.03,-0.03,0.66,0.12,3.44,0.00,0.00,496770.00,0.88
2024-10-28,0.01,0.01,0.66,0.21,5.97,0.00,0.00,490030.00,0.88
2024-10-29,-0.05,-0.05,0.67,0.22,6.59,0.03,0.85,487750.00,1.37
2024-10-30,0.02,0.02,0.66,0.37,10.88,0.17,5.09,500835.00,1.71
2024-10-31,0.08,0.07,0.72,0.37,10.11,-0.06,-1.76,534650.00,2.09
2024-11-01,0.06,0.06,0.74,0.30,7.75,0.00,0.00,537605.00,0.91
2024-11-04,-0.04,-0.04,0.76,0.28,7.57,0.00,0.00,543735.00,0.69
2024-11-05,0.02,0.02,0.77,0.20,5.31,0.00,0.00,544950.00,1.03
2024-11-06,0.11,0.11,0.86,1.01,24.11,0.82,21.75,680340.00,4.54
2024-11-07,0.06,0.06,0.88,0.78,17.49,-0.07,-1.67,726500.00,2.03
2024-11-08,-0.02,-0.03,0.81,0.35,8.05,-0.01,-0.22,719975.00,1.02
2024-11-11,0.01,0.01,0.80,0.21,4.78,0.04,0.92,714875.00,0.79
2024-11-12,-0.07,-0.07,0.80,0.38,9.27,-0.01,-0.23,712775.00,0.86
2024-11-13,-0.08,-0.08,0.84,0.39,10.34,-0.05,-1.22,726485.00,0.86
2024-11-14,0.01,0.01,0.84,0.26,6.82,-0.02,-0.53,741625.00,0.80
2024-11-15,-0.06,-0.07,0.86,0.31,8.68,0.03,0.79,751285.00,0.67
2024-11-18,-0.02,-0.02,0.86,0.21,5.98,0.01,0.28,762400.00,0.73
2024-11-19,-0.01,-0.01,0.85,0.17,4.89,-0.01,-0.28,761870.00,0.70
2024-11-20,-0.06,-0.06,0.87,0.28,8.54,0.02,0.57,765220.00,0.86
2024-11-21,-0.02,-0.02,0.82,0.17,5.30,-0.03,-0.91,768950.00,0.65
2024-11-22,0.01,0.01,0.82,0.16,4.94,0.00,0.00,770305.00,0.60
2024-11-25,0.02,0.02,0.82,0.16,4.86,0.08,2.47,772490.00,0.61
2024-11-26,0.03,0.03,0.81,0.20,5.88,-0.01,-0.30,763170.00,0.63
2024-11-27,0.07,0.07,0.84,0.25,6.87,0.05,1.47,748910.00,0.76
2024-11-29,-0.01,-0.01,0.80,0.13,3.62,-0.02,-0.55,700625.00,0.21
2024-12-02,0.03,0.03,0.78,0.26,7.05,-0.03,-0.84,697360.00,0.61
2024-12-03,-0.07,-0.07,0.80,0.25,7.27,-0.01,-0.27,722975.00,1.23
2024-12-04,0.01,0.01,0.80,0.19,5.44,-0.01,-0.29,719840.00,0.69
2024-12-05,-0.03,-0.03,0.68,0.15,4.42,-0.02,-0.57,589200.00,0.81
2024-12-06,0.03,0.03,0.64,0.17,4.86,0.02,0.59,534245.00,0.71
2024-12-09,-0.01,-0.01,0.64,0.16,4.60,0.03,0.86,514485.00,0.65
2024-12-10,-0.04,-0.04,0.65,0.20,5.99,0.02,0.57,508085.00,0.86
2024-12-11,0.02,0.02,0.62,0.24,7.04,0.05,1.50,503565.00,1.04
2024-12-12,-0.00,-0.00,0.56,0.19,5.59,-0.06,-1.76,498870.00,1.06
2024-12-13,-0.06,-0.06,0.59,0.20,6.25,-0.03,-0.88,490170.00,0.86
2024-12-16,0.01,0.01,0.56,0.15,4.64,0.03,0.94,485620.00,0.84
2024-12-17,0.03,0.03,0.57,0.22,6.59,-0.02,-0.62,483880.00,1.08
2024-12-18,-0.04,-0.04,0.59,0.31,9.66,0.03,0.90,501275.00,1.75
2024-12-19,-0.01,-0.01,0.55,0.18,5.66,0.07,2.18,494965.00,1.07
2024-12-20,0.00,0.00,0.55,0.13,4.09,-0.05,-1.57,506090.00,1.43
2024-12-23,0.02,0.02,0.55,0.18,5.57,0.02,0.63,505775.00,0.90
2024-12-24,0.01,0.01,0.55,0.12,3.68,-0.01,-0.31,491400.00,0.38
2024-12-26,0.00,0.00,0.53,0.12,3.68,-0.04,-1.23,480935.00,0.57
2024-12-27,-0.01,-0.01,0.46,0.20,6.19,-0.04,-1.23,474160.00,0.92
2024-12-30,0.00,0.00,0.46,0.19,5.88,-0.05,-1.55,487005.00,0.84
2024-12-31,0.01,0.01,0.44,0.17,5.23,0.05,1.55,482310.00,0.69
2025-01-02,0.02,0.02,0.38,0.15,4.55,0.03,0.92,455485.00,0.77
2025-01-03,0.05,0.05,0.42,0.16,4.62,0.04,1.21,457435.00,1.18
2025-01-06,0.01,0.01,0.41,0.17,4.87,0.02,0.58,463925.00,1.31
2025-01-07,-0.02,-0.02,0.40,0.18,5.28,-0.01,-0.29,462815.00,0.77
2025-01-08,-0.02,-0.02,0.40,0.14,4.18,0.00,0.00,469625.00,1.01
2025-01-10,-0.05,-0.05,0.42,0.17,5.35,-0.06,-1.79,468240.00,0.88
2025-01-13,-0.00,-0.00,0.41,0.14,4.42,-0.03,-0.94,474120.00,1.35
2025-01-14,-0.04,-0.04,0.43,0.20,6.58,0.02,0.63,471670.00,1.02
2025-01-15,0.05,0.05,0.42,0.18,5.64,0.06,1.97,484385.00,1.39
2025-01-16,-0.05,-0.05,0.46,0.24,7.92,0.02,0.63,493870.00,1.21
2025-01-17,-0.01,-0.01,0.44,0.15,5.00,0.03,0.99,496460.00,1.16
2025-01-21,0.00,0.00,0.42,0.12,4.00,-0.01,-0.33,481805.00,1.21
2025-01-22,0.03,0.03,0.43,0.11,3.57,0.03,1.00,496810.00,1.67
2025-01-23,0.03,0.03,0.44,0.12,3.80,0.00,0.00,490580.00,1.22
2025-01-24,0.02,0.02,0.44,0.29,8.98,0.01,0.32,503500.00,1.42
2025-01-27,-0.01,-0.01,0.45,0.22,6.90,-0.02,-0.62,526005.00,1.21
2025-01-28,0.01,0.01,0.45,0.16,4.95,0.01,0.31,538690.00,0.98
2025-01-29,-0.06,-0.06,0.50,0.24,7.92,-0.02,-0.62,550110.00,1.21
2025-01-30,-0.01,-0.01,0.50,0.16,5.32,0.02,0.66,585385.00,1.90
2025-01-31,-0.00,-0.00,0.50,0.19,6.33,0.03,1.00,622420.00,1.72
2025-02-03,-0.05,-0.05,0.52,0.14,4.91,-0.09,-3.00,642355.00,1.17
2025-02-04,0.00,0.00,0.48,0.15,5.26,-0.01,-0.35,640480.00,0.78
2025-02-05,0.05,0.04,0.51,0.20,6.71,0.00,0.00,660650.00,1.53
2025-02-06,-0.07,-0.07,0.56,0.25,9.03,-0.01,-0.34,688930.00,1.34
2025-02-07,-0.06,-0.06,0.59,0.18,6.92,0.00,0.00,723005.00,1.60
2025-02-10,-0.02,-0.02,0.57,0.11,4.33,0.02,0.77,739505.00,1.00
2025-02-11,-0.06,-0.06,0.59,0.16,6.67,-0.03,-1.18,765485.00,1.51
2025-02-12,0.00,0.00,0.58,0.09,3.75,0.01,0.42,763795.00,0.58
2025-02-13,0.03,0.02,0.55,0.11,4.47,0.03,1.25,751330.00,0.57
2025-02-14,0.04,0.04,0.57,0.13,5.08,0.03,1.22,741110.00,0.53
2025-02-18,0.12,0.11,0.72,0.33,11.54,0.05,1.95,777135.00,1.67
2025-02-19,0.02,0.02,0.72,0.18,6.19,0.02,0.70,783425.00,0.91
2025-02-20,-0.01,-0.01,0.72,0.14,4.86,-0.03,-1.03,768260.00,0.69
2025-02-21,-0.04,-0.04,0.72,0.17,6.16,0.04,1.39,768420.00,0.78
2025-02-24,-0.04,-0.04,0.72,0.14,5.28,-0.01,-0.36,757210.00,0.65
2025-02-25,-0.04,-0.04,0.73,0.19,7.48,0.02,0.75,746205.00,0.56
2025-02-26,-0.02,-0.02,0.73,0.19,7.63,0.00,0.00,752495.00,0.87
2025-02-27,-0.04,-0.04,0.71,0.17,7.08,0.00,0.00,750715.00,0.84
2025-02-28,0.03,0.02,0.72,0.13,5.28,0.00,0.00,721885.00,0.74
2025-03-03,-0.07,-0.08,0.75,0.24,10.53,0.00,0.00,685910.00,0.51
2025-03-04,0.02,0.02,0.75,0.19,8.19,-0.01,-0.44,685390.00,1.08
2025-03-05,0.03,0.03,0.76,0.10,4.20,0.00,0.00,681030.00,0.61
2025-03-06,0.02,0.02,0.74,0.12,4.96,0.00,0.00,668805.00,1.14
2025-03-07,-0.06,-0.06,0.73,0.19,8.37,-0.04,-1.65,650005.00,0.84
2025-03-10,-0.02,-0.02,0.70,0.11,4.93,-0.04,-1.76,611360.00,0.62
2025-03-11,0.03,0.03,0.71,0.15,6.55,0.02,0.90,596875.00,0.76
2025-03-12,0.04,0.04,0.70,0.18,7.56,0.02,0.87,563890.00,0.89
2025-03-13,-0.08,-0.08,0.75,0.24,10.91,0.01,0.42,558700.00,0.61
2025-03-14,0.01,0.01,0.74,0.10,4.50,0.04,1.82,556515.00,0.69
2025-03-17,-0.02,-0.02,0.73,0.10,4.59,0.00,0.00,552150.00,0.56
2025-03-18,-0.06,-0.06,0.58,0.16,7.80,0.01,0.46,509940.00,0.89
2025-03-19,0.06,0.06,0.64,0.17,7.80,0.00,0.00,501450.00,1.08
2025-03-20,-0.04,-0.04,0.64,0.14,6.67,-0.02,-0.92,494790.00,0.80
2025-03-21,-0.05,-0.05,0.65,0.29,14.50,-0.02,-0.95,523160.00,2.23
2025-03-24,-0.02,-0.02,0.64,0.15,7.65,0.03,1.50,526490.00,1.06
2025-03-25,-0.09,-0.09,0.68,0.17,9.50,-0.07,-3.57,564105.00,2.07
2025-03-26,-0.13,-0.14,0.79,0.24,15.38,0.00,0.00,609550.00,2.56
2025-03-27,-0.05,-0.05,0.80,0.08,5.41,-0.03,-1.92,625670.00,1.52
2025-03-28,-0.15,-0.16,0.89,0.25,19.84,0.01,0.68,691065.00,2.67
2025-03-31,0.01,0.01,0.89,0.13,10.24,0.01,0.79,750550.00,2.05
2025-04-01,-0.04,-0.04,0.87,0.13,10.66,-0.01,-0.79,761315.00,1.26
2025-04-02,0.00,0.00,0.85,0.07,5.74,-0.02,-1.64,776335.00,0.92
2025-04-03,-0.06,-0.06,0.84,0.09,7.83,-0.04,-3.28,776030.00,0.98
2025-04-04,-0.08,-0.08,0.85,0.09,8.49,-0.05,-4.35,795010.00,1.16
2025-04-07,0.04,0.04,0.89,0.13,11.82,-0.03,-2.83,879330.00,2.35
2025-04-08,0.00,0.00,0.87,0.10,9.09,0.00,0.00,943135.00,1.83
2025-04-09,0.15,0.14,1.07,0.28,22.05,-0.04,-3.64,1007620.00,1.78
2025-04-10,-0.02,-0.02,1.06,0.15,12.00,0.00,0.00,1030170.00,0.77
2025-04-11,0.03,0.03,1.07,0.12,9.30,-0.02,-1.60,1037475.00,0.51
2025-04-14,-0.02,-0.02,1.07,0.13,10.24,0.03,2.33,1057390.00,0.67
2025-04-15,-0.01,-0.01,1.06,0.09,7.14,-0.02,-1.57,1051520.00,0.32
2025-04-16,-0.06,-0.07,1.02,0.19,16.10,-0.02,-1.59,1059735.00,0.67
2025-04-17,0.07,0.07,1.08,0.16,12.70,0.02,1.69,1077955.00,0.70
2025-04-21,0.10,0.10,1.16,0.27,19.42,-0.06,-4.76,1058835.00,0.74
2025-04-22,0.09,0.09,1.22,0.21,13.82,0.03,2.16,1075755.00,0.83
2025-04-23,0.12,0.12,1.28,0.22,12.87,0.06,3.95,1070030.00,0.98
2025-04-24,0.05,0.05,1.19,0.17,9.50,0.00,0.00,1033745.00,0.81
2025-04-25,-0.04,-0.05,1.19,0.16,9.36,0.01,0.56,1028125.00,0.81
2025-04-28,-0.04,-0.04,1.05,0.16,9.76,-0.01,-0.58,951675.00,0.33
2025-04-29,-0.02,-0.02,1.06,0.08,5.00,-0.02,-1.22,893025.00,0.41
2025-04-30,0.09,0.08,1.07,0.24,13.79,-0.03,-1.88,888940.00,0.98
2025-05-01,-0.03,-0.04,1.08,0.11,6.55,-0.01,-0.57,876595.00,0.53
2025-05-02,0.04,0.04,1.05,0.12,6.86,0.05,2.98,871640.00,0.76
2025-05-05,-0.06,-0.06,1.03,0.11,6.71,-0.03,-1.71,840600.00,0.36
2025-05-06,-0.10,-0.11,1.12,0.16,10.88,-0.04,-2.44,771910.00,0.90
2025-05-07,0.01,0.01,1.12,0.07,4.70,0.04,2.72,703670.00,0.52
2025-05-08,0.03,0.03,1.00,0.14,9.09,0.01,0.67,629160.00,0.48
2025-05-09,-0.07,-0.07,1.04,0.18,12.59,0.02,1.30,602730.00,0.44
2025-05-12,0.11,0.11,1.10,0.12,7.55,0.09,6.29,598045.00,0.73
2025-05-13,-0.03,-0.03,1.11,0.11,7.14,0.03,1.89,589660.00,0.91
2025-05-14,0.01,0.01,1.11,0.12,7.74,-0.02,-1.30,594540.00,0.73
2025-05-15,-0.01,-0.01,1.07,0.10,6.49,-0.04,-2.58,571120.00,0.41
2025-05-16,0.03,0.03,1.05,0.11,6.96,0.00,0.00,553250.00,0.73
2025-05-19,0.01,0.01,1.00,0.11,6.92,-0.01,-0.63,525385.00,0.43
2025-05-20,-0.01,-0.01,0.95,0.06,3.82,-0.02,-1.26,492945.00,0.50
2025-05-21,-0.05,-0.05,0.85,0.12,8.05,-0.04,-2.55,459770.00,0.85
2025-05-22,0.06,0.06,0.86,0.15,9.49,-0.02,-1.34,432995.00,0.70
2025-05-23,-0.04,-0.05,0.86,0.09,5.96,-0.02,-1.27,404815.00,0.68
2025-05-27,-0.01,-0.01,0.85,0.11,7.38,0.01,0.66,403650.00,0.72
2025-05-28,-0.07,-0.07,0.88,0.11,7.91,-0.01,-0.67,406985.00,1.07
2025-05-29,0.01,0.01,0.81,0.12,8.57,0.03,2.16,375710.00,0.66
2025-05-30,-0.03,-0.03,0.81,0.15,11.03,-0.02,-1.43,378655.00,1.39
2025-06-02,0.02,0.02,0.80,0.11,7.91,0.01,0.74,366015.00,1.11
2025-06-03,0.09,0.08,0.84,0.18,11.92,0.01,0.72,368820.00,0.98
2025-06-04,-0.01,-0.01,0.75,0.04,2.67,0.00,0.00,353965.00,1.12
2025-06-05,-0.03,-0.03,0.76,0.08,5.52,0.00,0.00,348700.00,0.74
2025-06-06,0.23,0.20,1.11,0.37,20.79,0.04,2.76,429270.00,4.45
2025-06-09,-0.08,-0.08,1.11,0.18,10.98,0.02,1.12,435530.00,0.89
2025-06-10,0.09,0.08,1.09,0.39,21.91,0.37,22.56,1709265.00,15.16
2025-06-11,-0.04,-0.04,1.09,0.31,18.13,0.04,2.25,1850115.00,1.81
2025-06-12,-0.09,-0.10,1.15,0.13,8.39,-0.05,-2.92,1909305.00,0.85
2025-06-13,-0.02,-0.02,1.15,0.12,7.89,-0.05,-3.23,1945230.00,0.49
2025-06-16,-0.01,-0.01,1.15,0.11,7.33,0.03,1.97,1960455.00,0.36
2025-06-17,-0.09,-0.09,1.19,0.13,9.49,-0.02,-1.33,1991530.00,0.43
2025-06-18,0.00,0.00,1.19,0.12,8.76,-0.02,-1.46,2018775.00,0.39
2025-06-20,-0.04,-0.04,1.18,0.10,7.63,0.02,1.46,2035860.00,0.36
2025-06-23,0.01,0.01,1.16,0.10,7.58,-0.01,-0.76,2050850.00,0.29
2025-06-24,0.02,0.01,1.15,0.15,11.19,-0.06,-4.55,2076970.00,0.38
2025-06-25,-0.02,-0.02,1.15,0.08,6.11,-0.02,-1.49,2092230.00,0.29
2025-06-26,-0.03,-0.03,1.14,0.07,5.51,0.00,0.00,2123905.00,0.50
2025-06-27,-0.06,-0.07,1.15,0.11,9.24,0.02,1.57,2588250.00,3.68
2025-06-30,0.02,0.02,1.15,0.06,4.96,0.04,3.36,2597750.00,0.28
2025-07-01,0.04,0.04,1.16,0.14,11.11,-0.01,-0.83,2623915.00,0.35
2025-07-02,0.10,0.09,1.17,0.15,10.87,0.00,0.00,2647690.00,0.32
2025-07-03,0.06,0.06,1.19,0.11,7.53,0.00,0.00,2662880.00,0.26
2025-07-07,-0.07,-0.07,1.21,0.11,8.09,-0.01,-0.68,2676695.00,0.20
2025-07-08,0.08,0.08,0.92,0.17,11.56,-0.01,-0.74,2635310.00,0.41
2025-07-09,0.08,0.08,0.93,0.13,8.18,0.01,0.68,2680610.00,0.48
2025-07-10,-0.01,-0.01,0.88,0.10,6.33,0.01,0.63,1443265.00,0.80
2025-07-11,0.02,0.02,0.87,0.10,6.21,0.00,0.00,1313810.00,0.58
2025-07-14,-0.02,-0.02,0.80,0.09,5.70,0.00,0.00,1250155.00,0.27
2025-07-15,-0.06,-0.06,0.83,0.11,7.38,-0.01,-0.63,1222905.00,0.34
2025-07-16,0.02,0.02,0.83,0.11,7.24,0.01,0.67,1227365.00,0.65
2025-07-17,0.01,0.01,0.76,0.10,6.49,-0.01,-0.66,1214190.00,0.48
2025-07-18,-0.04,-0.04,0.78,0.13,8.78,0.02,1.30,1193650.00,0.32
2025-07-21,-0.01,-0.01,0.76,0.09,6.12,0.00,0.00,1172385.00,0.26
2025-07-22,0.05,0.05,0.77,0.11,7.14,0.00,0.00,1173705.00,0.54
2025-07-23,0.18,0.16,0.97,0.28,15.47,0.03,1.95,1229800.00,1.56
2025-07-24,-0.02,-0.02,0.97,0.13,7.30,-0.02,-1.10,1249755.00,0.80
2025-07-25,-0.04,-0.04,0.97,0.11,6.43,0.00,0.00,1222135.00,0.42
2025-07-28,-0.02,-0.02,0.94,0.10,5.99,0.01,0.58,771605.00,0.68
2025-07-29,-0.05,-0.06,0.98,0.09,5.70,0.00,0.00,753955.00,0.48
2025-07-30,-0.03,-0.03,0.98,0.13,8.44,0.00,0.00,780130.00,1.86
2025-07-31,0.01,0.01,0.93,0.12,7.69,-0.01,-0.65,771490.00,0.86
2025-08-01,0.01,0.01,0.91,0.13,8.23,-0.07,-4.49,788815.00,1.33
2025-08-04,0.04,0.04,0.87,0.13,7.93,0.02,1.27,776695.00,0.38
2025-08-05,0.03,0.03,0.84,0.14,8.28,-0.02,-1.22,752065.00,0.78
2025-08-06,-0.05,-0.05,0.81,0.12,7.45,0.02,1.18,702490.00,0.43
2025-08-07,0.00,0.00,0.81,0.08,4.97,0.01,0.62,657210.00,0.39
2025-08-08,-0.04,-0.04,0.83,0.14,9.09,0.03,1.86,629980.00,0.35
2025-08-11,-0.05,-0.05,0.84,0.12,8.16,0.01,0.65,637510.00,0.77
2025-08-12,0.00,0.00,0.81,0.07,4.76,0.00,0.00,638750.00,0.68
2025-08-13,0.13,0.12,0.93,0.21,12.65,-0.01,-0.68,625470.00,0.85
2025-08-14,-0.02,-0.02,0.94,0.13,8.02,-0.07,-4.22,620605.00,0.79
2025-08-15,-0.02,-0.03,0.93,0.10,6.33,-0.02,-1.23,628040.00,0.84
2025-08-18,-0.04,-0.04,0.94,0.11,7.24,-0.02,-1.27,646980.00,1.06
2025-08-19,-0.02,-0.02,0.93,0.11,7.38,-0.02,-1.32,639385.00,0.74
2025-08-20,0.00,0.00,0.66,0.05,3.36,0.00,0.00,558395.00,0.53
2025-08-21,-0.03,-0.03,0.67,0.05,3.47,0.00,0.00,523850.00,0.58
2025-08-22,0.17,0.16,0.92,0.19,11.24,0.07,4.86,574370.00,2.66
2025-08-25,-0.03,-0.03,0.92,0.15,9.15,0.04,2.37,593715.00,1.54
2025-08-26,0.10,0.10,0.97,0.25,13.81,0.02,1.22,645645.00,2.17
2025-08-27,-0.05,-0.05,0.98,0.13,7.56,-0.01,-0.55,599275.00,0.88
2025-08-28,-0.01,-0.01,0.99,0.11,6.47,0.03,1.74,599090.00,1.10
2025-08-29,0.04,0.04,0.99,0.08,4.52,0.02,1.18,589510.00,1.45
2025-09-02,-0.02,-0.02,0.99,0.20,11.49,0.00,0.00,651655.00,2.35
2025-09-03,0.10,0.09,1.04,0.25,13.09,0.00,0.00,696185.00,2.13
2025-09-04,0.02,0.02,1.02,0.20,10.31,0.02,1.05,734330.00,1.45
2025-09-05,0.03,0.03,1.02,0.28,14.00,0.04,2.06,861615.00,3.25
2025-09-08,-0.12,-0.13,1.11,0.23,13.07,-0.03,-1.50,923945.00,1.59
2025-09-09,-0.02,-0.02,1.10,0.11,6.36,-0.02,-1.14,931985.00,0.70
2025-09-10,-0.01,-0.01,1.10,0.06,3.49,-0.01,-0.58,934195.00,0.51
2025-09-11,-0.04,-0.04,1.01,0.14,8.48,0.00,0.00,960335.00,1.10
2025-09-12,-0.04,-0.04,1.02,0.07,4.40,-0.01,-0.61,960445.00,0.51
2025-09-15,-0.02,-0.02,1.02,0.10,6.41,0.01,0.63,979910.00,0.94
2025-09-16,-0.06,-0.06,1.03,0.15,10.20,0.00,0.00,998535.00,1.06
2025-09-17,0.04,0.04,1.04,0.14,9.15,0.02,1.36,1013775.00,0.77
2025-09-18,0.13,0.12,1.13,0.19,10.98,0.03,1.96,1043245.00,0.85
2025-09-19,-0.06,-0.07,1.15,0.15,9.26,0.02,1.16,1074245.00,0.86
2025-09-22,0.07,0.07,1.00,0.17,9.83,0.00,0.00,1017885.00,0.39
2025-09-23,-0.04,-0.04,1.01,0.10,6.02,0.02,1.16,989475.00,0.35
2025-09-24,0.04,0.04,0.94,0.18,10.47,-0.01,-0.60,953045.00,0.71
2025-09-25,-0.04,-0.04,0.94,0.06,3.64,-0.03,-1.74,944545.00,0.38
2025-09-26,0.05,0.05,0.95,0.09,5.20,0.02,1.21,937315.00,0.55
2025-09-29,0.01,0.01,0.94,0.07,4.00,0.01,0.58,922845.00,0.61
2025-09-30,-0.04,-0.04,0.95,0.12,7.14,-0.02,-1.14,874640.00,0.65
2025-10-01,0.01,0.01,0.88,0.14,8.24,0.00,0.00,823460.00,0.56
2025-10-02,0.01,0.01,0.88,0.08,4.68,0.01,0.59,799050.00,0.72
2025-10-03,0.04,0.04,0.88,0.12,6.74,0.01,0.58,695725.00,1.06
2025-10-06,-0.01,-0.01,0.77,0.07,3.98,0.00,0.00,654730.00,0.99
2025-10-07,-0.02,-0.02,0.77,0.11,6.40,0.03,1.70,635920.00,0.44
2025-10-08,0.03,0.03,0.78,0.11,6.18,0.00,0.00,641645.00,0.93
2025-10-09,-0.02,-0.02,0.77,0.08,4.57,0.00,0.00,617155.00,0.91
2025-10-10,-0.03,-0.03,0.77,0.12,7.10,0.02,1.14,621235.00,0.92
2025-10-13,-0.03,-0.03,0.77,0.08,4.88,0.00,0.00,599545.00,0.81
2025-10-14,-0.02,-0.02,0.75,0.13,8.07,-0.03,-1.83,565850.00,0.68
2025-10-15,0.05,0.05,0.75,0.15,8.88,0.01,0.62,550815.00,0.87
2025-10-16,0.00,0.00,0.59,0.09,5.33,0.02,1.18,530775.00,0.92
2025-10-17,-0.02,-0.02,0.55,0.10,6.06,-0.01,-0.59,507735.00,0.91
2025-10-20,0.04,0.04,0.51,0.15,8.77,0.01,0.61,528665.00,1.55
2025-10-21,0.18,0.17,0.80,0.32,15.84,0.00,0.00,680470.00,4.97
2025-10-22,-0.03,-0.04,0.81,0.28,14.36,0.01,0.50,729075.00,2.26
2025-10-23,-0.06,-0.06,0.83,0.10,5.46,-0.03,-1.54,739340.00,0.76
2025-10-24,0.01,0.01,0.81,0.08,4.35,0.02,1.09,733875.00,0.55
2025-10-27,0.04,0.04,0.82,0.11,5.76,0.02,1.09,736795.00,0.85
2025-10-28,-0.03,-0.03,0.82,0.09,4.86,-0.01,-0.52,726320.00,0.50
2025-10-29,-0.09,-0.09,0.88,0.20,11.83,0.00,0.00,793450.00,2.27
2025-10-30,-0.05,-0.05,0.90,0.12,7.50,0.00,0.00,813625.00,1.21
2025-10-31,0.04,0.04,0.90,0.12,7.23,0.00,0.00,819555.00,1.04
2025-11-03,-0.05,-0.05,0.91,0.15,9.49,-0.01,-0.60,813795.00,0.66
2025-11-04,-0.08,-0.09,0.95,0.14,9.66,-0.04,-2.53,833705.00,0.81
2025-11-05,-0.01,-0.01,0.94,0.09,6.25,0.03,2.07,828295.00,0.59
2025-11-06,-0.06,-0.06,0.95,0.08,5.88,-0.01,-0.69,831565.00,0.76
2025-11-07,0.01,0.01,0.95,0.08,5.84,0.00,0.00,829280.00,0.64
2025-11-10,0.04,0.04,0.97,0.08,5.59,0.00,0.00,828710.00,0.57
2025-11-11,0.06,0.06,0.99,0.12,7.89,0.02,1.40,835365.00,0.62
2025-11-12,-0.03,-0.03,0.98,0.09,6.12,0.01,0.66,850620.00,0.92
2025-11-13,0.09,0.08,1.04,0.21,13.12,0.19,12.93,968485.00,2.94
2025-11-14,-0.06,-0.06,1.06,0.12,8.00,-0.02,-1.25,1035360.00,1.74
2025-11-17,0.01,0.01,1.05,0.16,10.60,0.00,0.00,1070645.00,1.42
2025-11-18,0.02,0.02,0.79,0.10,6.49,0.00,0.00,948330.00,0.98
2025-11-19,-0.08,-0.08,0.82,0.14,9.86,-0.02,-1.30,902955.00,0.82
2025-11-20,-0.04,-0.04,0.81,0.13,9.49,0.01,0.70,909130.00,0.75
2025-11-21,0.02,0.02,0.82,0.09,6.43,0.00,0.00,925415.00,0.79
2025-11-24,0.01,0.01,0.80,0.08,5.63,0.00,0.00,938255.00,0.94
2025-11-25,0.02,0.02,0.81,0.07,4.83,0.03,2.11,957940.00,0.79
2025-11-26,0.02,0.02,0.76,0.08,5.41,-0.01,-0.69,887850.00,0.45
2025-11-28,0.03,0.03,0.75,0.07,4.58,0.02,1.35,857055.00,0.43
2025-12-01,-0.05,-0.05,0.75,0.08,5.48,-0.02,-1.31,837055.00,0.54
2025-12-02,-0.03,-0.03,0.74,0.10,7.04,0.01,0.68,834795.00,0.58
2025-12-03,-0.01,-0.01,0.68,0.10,7.14,-0.01,-0.70,907650.00,2.35
2025-12-04,-0.01,-0.01,0.69,0.10,7.25,0.00,0.00,1015555.00,2.60
2025-12-05,-0.01,-0.01,0.66,0.07,5.11,0.01,0.72,1240265.00,4.13
2025-12-08,-0.03,-0.03,0.66,0.08,6.02,0.03,2.19,1367130.00,2.24
2025-12-09,0.05,0.04,0.67,0.09,6.47,0.00,0.00,1401475.00,0.83
2025-12-10,0.01,0.01,0.62,0.06,4.29,0.02,1.44,1456310.00,1.11
2025-12-11,0.01,0.01,0.61,0.04,2.84,0.00,0.00,1469560.00,0.71
2025-12-12,-0.01,-0.01,0.51,0.07,5.00,0.03,2.13,1360460.00,0.49
2025-12-15,-0.02,-0.02,0.47,0.06,4.38,0.00,0.00,1332940.00,0.94
2025-12-16,-0.01,-0.01,0.47,0.08,5.93,0.00,0.00,1378360.00,1.76
2025-12-17,0.19,0.18,0.85,0.33,20.50,0.00,0.00,1879475.00,5.83
2025-12-18,-0.02,-0.03,0.80,0.13,8.28,-0.01,-0.62,1982025.00,1.41
2025-12-19,-0.04,-0.05,0.80,0.11,7.33,0.00,0.00,2130390.00,1.71
2025-12-22,0.06,0.06,0.83,0.14,8.81,0.00,0.00,2157615.00,0.59
2025-12-23,0.01,0.01,0.83,0.09,5.62,0.03,1.89,2164435.00,0.47
2025-12-24,0.01,0.01,0.82,0.08,4.94,0.00,0.00,2151345.00,0.23
2025-12-26,-0.01,-0.01,0.82,0.05,3.11,0.00,0.00,2153660.00,0.21
2025-12-29,-0.01,-0.01,0.82,0.06,3.75,0.01,0.62,2163675.00,0.26
2025-12-30,-0.03,-0.03,0.80,0.08,5.13,0.01,0.62,2205185.00,0.58
2025-12-31,0.03,0.03,0.80,0.11,6.83,-0.02,-1.28,2226305.00,0.41
2026-01-02,0.00,0.00,0.80,0.06,3.73,0.00,0.00,2164385.00,0.41
2026-01-05,0.07,0.07,0.82,0.14,8.14,0.00,0.00,2108080.00,0.72
2026-01-06,-0.01,-0.01,0.82,0.08,4.71,0.00,0.00,1893325.00,0.44
2026-01-07,0.06,0.06,0.83,0.17,9.39,0.02,1.18,1828375.00,0.97
2026-01-08,-0.01,-0.01,0.82,0.05,2.79,-0.01,-0.55,1800660.00,0.34
2026-01-09,0.02,0.02,0.82,0.11,6.01,0.02,1.12,1773140.00,0.60
2026-01-12,-0.02,-0.02,0.83,0.14,7.82,0.02,1.09,1766520.00,0.52
2026-01-13,-0.02,-0.02,0.84,0.12,6.86,0.01,0.56,1783085.00,0.56
2026-01-14,0.02,0.02,0.83,0.06,3.37,0.00,0.00,1743575.00,0.26
2026-01-15,-0.04,-0.05,0.85,0.08,4.71,0.00,0.00,1646380.00,0.30
2026-01-16,0.01,0.01,0.53,0.06,3.49,0.00,0.00,1163420.00,1.11
2026-01-20,0.02,0.02,0.52,0.14,8.00,-0.02,-1.16,1082645.00,1.08
2026-01-21,-0.01,-0.01,0.48,0.05,2.87,0.00,0.00,919630.00,0.43
2026-01-22,0.01,0.01,0.44,0.24,13.64,0.03,1.72,1003270.00,2.94
2026-01-23,0.02,0.02,0.45,0.12,6.67,-0.01,-0.57,1007920.00,1.10
2026-01-26,0.02,0.02,0.45,0.14,7.65,0.02,1.11,1029640.00,0.90
2026-01-27,0.01,0.01,0.45,0.10,5.43,0.00,0.00,1033950.00,0.51
2026-01-28,-0.02,-0.02,0.46,0.07,3.89,0.00,0.00,1032790.00,0.53
2026-01-29,0.07,0.07,0.50,0.19,9.84,0.01,0.56,1031275.00,1.22
2026-01-30,-0.05,-0.05,0.54,0.18,9.84,-0.04,-2.07,1037120.00,0.99
2026-02-02,-0.04,-0.04,0.57,0.11,6.29,0.03,1.64,1013620.00,0.42
2026-02-03,0.00,0.00,0.51,0.10,5.71,0.01,0.57,965160.00,0.57
2026-02-04,-0.01,-0.01,0.51,0.10,5.78,0.00,0.00,987000.00,1.28
2026-02-05,-0.02,-0.02,0.46,0.07,4.12,-0.05,-2.89,946470.00,1.01
2026-02-06,0.06,0.06,0.52,0.12,6.63,0.01,0.59,955795.00,0.83
2026-02-09,-0.01,-0.01,0.51,0.12,6.67,-0.01,-0.55,921200.00,0.40
2026-02-10,-0.05,-0.05,0.54,0.10,5.85,-0.02,-1.11,892235.00,0.38
2026-02-11,0.01,0.01,0.53,0.07,4.07,0.02,1.17,858580.00,0.37
2026-02-12,-0.01,-0.01,0.53,0.07,4.09,-0.02,-1.16,859495.00,0.56
2026-02-13,0.00,0.00,0.50,0.06,3.51,0.01,0.58,846775.00,0.28
2026-02-17,-0.01,-0.01,0.50,0.05,2.94,0.00,0.00,798250.00,0.41
2026-02-18,0.00,0.00,0.50,0.05,2.94,-0.01,-0.59,748490.00,0.24
2026-02-19,0.02,0.02,0.50,0.07,4.05,-0.01,-0.59,738895.00,0.27
2026-02-20,-0.02,-0.02,0.50,0.05,2.94,-0.01,-0.58,601325.00,0.33
2026-02-23,0.03,0.03,0.51,0.07,4.00,0.00,0.00,567155.00,0.75
2026-02-24,-0.01,-0.01,0.50,0.16,9.25,-0.13,-7.43,627945.00,3.41
2026-02-25,0.11,0.10,0.64,0.26,13.54,0.00,0.00,659830.00,1.77
2026-02-26,0.03,0.03,0.64,0.12,6.06,0.00,0.00,662965.00,0.91
2026-02-27,0.01,0.01,0.59,0.09,4.52,-0.02,-1.01,627320.00,0.86
2026-03-02,-0.03,-0.03,0.57,0.10,5.15,-0.03,-1.51,602420.00,0.88
2026-03-03,-0.02,-0.02,0.55,0.12,6.32,-0.06,-3.09,608105.00,0.89
2026-03-04,0.09,0.09,0.63,0.20,9.62,0.02,1.05,627005.00,1.48
2026-03-05,0.03,0.03,0.63,0.17,7.94,-0.01,-0.48,614850.00,1.66
2026-03-06,0.04,0.04,0.63,0.16,7.17,-0.03,-1.40,614470.00,1.54
2026-03-09,0.06,0.06,0.62,0.19,8.05,0.02,0.90,629025.00,1.72
2026-03-10,0.45,0.37,1.67,1.09,31.78,0.06,2.54,1311640.00,10.69
2026-03-11,-0.03,-0.03,1.66,0.42,12.57,-0.01,-0.29,1497305.00,2.71
2026-03-12,-0.07,-0.07,1.70,0.33,10.58,-0.02,-0.60,1553120.00,0.93
2026-03-13,-0.04,-0.04,1.71,0.28,9.33,0.06,1.92,1580520.00,0.65
2026-03-16,0.03,0.03,1.71,0.25,8.06,0.03,1.00,1630860.00,0.76
2026-03-17,-0.01,-0.01,1.71,0.15,4.87,0.02,0.65,1635130.00,0.25
2026-03-18,-0.03,-0.03,1.72,0.21,7.05,-0.02,-0.65,1672300.00,0.55
2026-03-19,-0.03,-0.03,1.73,0.16,5.52,-0.02,-0.67,1701325.00,0.46
2026-03-20,-0.01,-0.01,1.73,0.12,4.20,-0.03,-1.03,1723650.00,0.37
2026-03-23,0.02,0.02,1.73,0.28,9.59,0.00,0.00,1742170.00,0.46
2026-03-24,-0.07,-0.07,1.76,0.17,6.23,-0.04,-1.37,1668210.00,0.40
2026-03-25,0.16,0.15,1.80,0.43,13.56,0.05,1.83,1692735.00,0.98
2026-03-26,0.00,0.00,1.80,0.23,7.23,-0.03,-0.95,1706600.00,0.52
2026-03-27,-0.08,-0.08,1.84,0.33,11.26,-0.02,-0.63,1727250.00,0.55
2026-03-30,-0.06,-0.06,1.86,0.22,7.97,0.02,0.68,1729185.00,0.33
2026-03-31,0.05,0.05,1.85,0.14,4.84,0.08,2.90,1716310.00,0.16
2026-04-01,0.00,0.00,1.84,0.11,3.79,0.00,0.00,1691255.00,0.25
2026-04-02,0.06,0.06,1.84,0.33,10.75,-0.07,-2.41,1675865.00,0.43
2026-04-06,0.04,0.04,1.84,0.23,7.23,0.02,0.65,1680275.00,0.62
2026-04-07,0.05,0.05,1.84,0.35,10.45,0.00,0.00,1692765.00,0.79
2026-04-08,0.03,0.03,0.90,0.19,5.51,0.14,4.18,1052490.00,1.16
2026-04-09,-0.00,-0.00,0.89,0.19,5.52,0.04,1.16,888380.00,0.87
2026-04-10,0.05,0.05,0.86,0.34,9.44,0.26,7.56,919635.00,2.24
2026-04-13,-0.04,-0.04,0.86,0.26,7.49,-0.02,-0.56,914535.00,1.01
2026-04-14,0.01,0.01,0.86,0.16,4.58,0.06,1.73,891630.00,0.88
2026-04-15,0.01,0.01,0.86,0.22,6.25,0.02,0.57,903555.00,0.72
2026-04-16,-0.03,-0.03,0.85,0.20,5.87,0.02,0.57,877710.00,0.46
2026-04-17,0.01,0.01,0.84,0.13,3.76,0.07,2.05,865295.00,0.62
2026-04-20,0.01,0.01,0.84,0.18,5.17,0.05,1.45,873495.00,0.93
2026-04-21,-0.00,-0.00,0.84,0.21,6.05,0.06,1.72,869725.00,0.83
2026-04-22,-0.01,-0.01,0.80,0.15,4.39,0.05,1.44,859205.00,0.53
2026-04-23,-0.07,-0.07,0.63,0.26,8.18,0.01,0.29,804555.00,0.70
2026-04-24,0.00,0.00,0.63,0.14,4.39,-0.01,-0.31,789865.00,0.75
2026-04-27,-0.04,-0.04,0.59,0.28,9.18,0.08,2.51,762885.00,0.54
2026-04-28,-0.01,-0.01,0.54,0.18,5.98,0.00,0.00,754440.00,0.53
2026-04-29,-0.02,-0.02,0.53,0.11,3.74,-0.05,-1.66,761550.00,0.56
2026-04-30,0.05,0.05,0.55,0.22,7.14,0.01,0.34,767980.00,0.72
2026-05-01,0.02,0.02,0.52,0.22,7.03,-0.06,-1.95,756820.00,0.65
2026-05-04,0.02,0.02,0.51,0.27,8.44,0.02,0.64,738335.00,0.90
2026-05-05,-0.02,-0.02,0.47,0.20,6.35,0.00,0.00,702680.00,0.88
2026-05-06,-0.04,-0.05,0.48,0.21,6.98,0.00,0.00,699615.00,1.65
2026-05-07,-0.02,-0.02,0.48,0.21,7.14,0.01,0.33,686110.00,0.73
2026-05-08,0.02,0.02,0.45,0.20,6.67,0.02,0.68,623725.00,1.31
2026-05-11,-0.02,-0.02,0.44,0.13,4.41,0.00,0.00,621990.00,1.43
2026-05-12,0.19,0.18,0.84,0.48,13.64,0.50,16.95,1063370.00,9.04
2026-05-13,-0.02,-0.02,0.84,0.32,9.28,-0.07,-1.99,1112610.00,1.47
2026-05-14,0.21,0.19,1.10,0.86,20.67,0.16,4.64,1275225.00,2.87
2026-05-15,0.02,0.02,1.10,0.31,7.29,-0.03,-0.72,1348465.00,1.48
2026-05-18,0.02,0.02,1.10,0.46,10.57,-0.07,-1.65,1375705.00,0.98
2026-05-19,0.04,0.04,1.11,0.31,6.86,0.04,0.92,1424850.00,1.20
2026-05-20,-0.01,-0.01,1.11,0.28,6.28,0.00,0.00,1444000.00,0.58
2026-05-21,-0.05,-0.05,1.09,0.25,5.90,-0.06,-1.35,1459240.00,0.60
2026-05-22,0.07,0.07,1.10,0.28,6.18,0.22,5.19,1484975.00,0.74
2026-05-26,-0.01,-0.01,1.08,0.21,4.70,-0.03,-0.66,1516880.00,0.69
2026-05-27,-0.02,-0.02,1.08,0.30,6.85,-0.02,-0.45,1530635.00,0.44
2026-05-28,-0.04,-0.04,1.09,0.16,3.80,-0.04,-0.91,1532910.00,0.31
2026-05-29,-0.01,-0.01,1.10,0.15,3.61,-0.07,-1.66,1535070.00,0.39
2026-06-01,-0.00,-0.00,1.10,0.21,5.07,-0.02,-0.48,1538320.00,0.36
2026-06-02,-0.02,-0.02,1.11,0.17,4.20,-0.01,-0.24,1529655.00,0.32
2026-06-03,0.04,0.04,1.10,0.30,7.14,0.01,0.25,1530030.00,0.41
2026-06-04,0.01,0.01,1.08,0.30,7.06,-0.01,-0.24,1498210.00,0.35
2026-06-05,-0.08,-0.08,1.13,0.42,10.74,0.02,0.47,1501225.00,0.37
2026-06-08,-0.01,-0.01,1.13,0.21,5.41,-0.02,-0.51,1492575.00,0.43
2026-06-09,0.01,0.01,1.12,0.22,5.63,0.04,1.03,1474645.00,0.36
2026-06-10,-0.01,-0.01,0.91,0.21,5.43,-0.01,-0.26,1019205.00,0.49
2026-06-11,0.04,0.04,0.91,0.27,6.73,-0.03,-0.78,973110.00,0.73
2026-06-12,-0.01,-0.01,0.54,0.19,4.80,-0.03,-0.75,815905.00,0.63
2026-06-15,0.04,0.04,0.56,0.28,6.78,0.00,0.00,747030.00,0.83
2026-06-16,-0.06,-0.06,0.59,0.30,7.73,0.02,0.48,706795.00,0.78
2026-06-17,0.02,0.02,0.57,0.22,5.56,-0.03,-0.77,654045.00,0.99
2026-06-18,0.04,0.04,0.60,0.21,5.08,0.06,1.52,660875.00,1.47
2026-06-22,0.11,0.10,0.69,0.59,12.88,-0.12,-2.91,719350.00,2.84
2026-06-23,0.02,0.02,0.66,0.39,8.32,-0.01,-0.22,738670.00,2.02
