Date,Returns,Returns_Log,Volatilidade_20,Range_Diario,Range_Percentual,Gap,Gap_Percentual,Volume_Medio_20,Volume_Ratio
2022-08-01,,,,0.19,1.01,,,105000.00,1.00
2022-08-02,0.01,0.01,,0.21,1.11,0.07,0.37,79150.00,0.67
2022-08-03,0.00,0.00,,0.18,0.95,-0.04,-0.21,82567.00,1.08
2022-08-04,0.00,0.00,,0.13,0.68,0.02,0.11,82850.00,1.01
2022-08-05,-0.00,-0.00,,0.16,0.84,-0.04,-0.21,72460.00,0.43
2022-08-08,0.01,0.01,,0.14,0.73,0.15,0.79,92633.00,2.09
2022-08-09,-0.00,-0.00,,0.09,0.47,-0.01,-0.05,88557.00,0.72
2022-08-10,0.00,0.00,,0.07,0.37,0.05,0.26,93538.00,1.37
2022-08-11,0.00,0.00,,0.11,0.58,0.03,0.16,90011.00,0.69
2022-08-12,0.01,0.01,,0.07,0.36,0.06,0.31,83700.00,0.32
2022-08-15,0.01,0.01,,0.13,0.67,0.00,0.00,78355.00,0.32
2022-08-16,-0.00,-0.00,,0.10,0.52,0.00,0.00,73050.00,0.20
2022-08-17,-0.00,-0.00,,0.07,0.36,-0.08,-0.41,68962.00,0.29
2022-08-18,-0.00,-0.00,,0.04,0.21,-0.01,-0.05,65593.00,0.33
2022-08-19,-0.00,-0.00,,0.07,0.36,-0.04,-0.21,63340.00,0.50
2022-08-22,-0.00,-0.00,,0.09,0.47,-0.01,-0.05,60875.00,0.39
2022-08-23,-0.00,-0.00,,0.14,0.73,0.01,0.05,58629.00,0.39
2022-08-24,0.00,0.00,,0.15,0.78,0.04,0.21,56183.00,0.26
2022-08-25,0.00,0.00,,0.06,0.31,0.03,0.16,53726.00,0.18
2022-08-26,-0.01,-0.01,,0.13,0.68,-0.09,-0.47,51985.00,0.36
2022-08-29,-0.00,-0.00,0.07,0.10,0.53,-0.07,-0.37,47515.00,0.33
2022-08-30,0.00,0.00,0.06,0.10,0.52,0.04,0.21,45660.00,0.35
2022-08-31,-0.00,-0.00,0.06,0.09,0.47,0.04,0.21,41450.00,0.13
2022-09-01,-0.00,-0.00,0.06,0.10,0.53,-0.03,-0.16,38840.00,0.81
2022-09-02,0.00,0.00,0.06,0.13,0.68,0.10,0.53,37590.00,0.16
2022-09-06,-0.00,-0.00,0.06,0.07,0.37,-0.08,-0.42,28730.00,0.57
2022-09-07,0.00,0.00,0.06,0.13,0.68,0.01,0.05,25770.00,0.19
2022-09-08,-0.00,-0.00,0.06,0.09,0.47,0.00,0.00,19530.00,0.18
2022-09-09,0.00,0.00,0.06,0.06,0.31,0.03,0.16,16710.00,0.32
2022-09-12,-0.00,-0.00,0.05,0.11,0.58,-0.11,-0.58,15800.00,0.55
2022-09-13,-0.01,-0.01,0.05,0.11,0.58,-0.03,-0.16,14810.00,0.34
2022-09-14,0.00,0.00,0.05,0.03,0.16,0.02,0.11,14160.00,0.12
2022-09-15,-0.00,-0.00,0.05,0.12,0.63,0.03,0.16,14185.00,1.44
2022-09-16,-0.00,-0.00,0.05,0.07,0.37,-0.04,-0.21,13800.00,1.02
2022-09-19,0.01,0.01,0.05,0.13,0.68,0.09,0.48,12780.00,0.89
2022-09-20,-0.00,-0.00,0.06,0.13,0.68,-0.07,-0.37,11810.00,0.38
2022-09-21,0.00,0.00,0.06,0.13,0.68,-0.03,-0.16,10915.00,0.44
2022-09-22,-0.01,-0.01,0.07,0.14,0.74,-0.10,-0.52,12235.00,3.35
2022-09-23,-0.01,-0.01,0.08,0.38,2.04,-0.02,-0.11,13255.00,2.26
2022-09-26,0.00,0.00,0.08,0.20,1.07,0.01,0.05,13435.00,1.67
2022-09-27,-0.00,-0.00,0.08,0.22,1.18,0.00,0.00,13420.00,1.14
2022-09-28,0.01,0.01,0.09,0.22,1.17,0.09,0.48,14045.00,2.04
2022-09-29,0.01,0.01,0.09,0.22,1.16,0.00,0.00,14360.00,0.80
2022-09-30,-0.01,-0.01,0.09,0.25,1.33,-0.25,-1.32,13080.00,0.45
2022-10-03,-0.00,-0.00,0.09,0.15,0.80,0.00,0.00,13190.00,0.61
2022-10-04,0.00,0.00,0.09,0.10,0.53,0.17,0.91,12445.00,0.11
2022-10-05,-0.00,-0.00,0.09,0.07,0.37,0.01,0.05,12265.00,0.11
2022-10-06,0.00,0.00,0.10,0.12,0.64,-0.01,-0.05,12525.00,0.70
2022-10-07,-0.00,-0.00,0.09,0.11,0.58,-0.09,-0.48,12445.00,0.31
2022-10-10,0.00,0.00,0.09,0.09,0.48,0.00,0.00,12320.00,0.50
2022-10-11,-0.00,-0.00,0.09,0.11,0.59,0.00,0.00,12290.00,0.37
2022-10-12,-0.01,-0.01,0.10,0.23,1.24,-0.01,-0.05,12510.00,0.49
2022-10-13,0.00,0.00,0.10,0.15,0.81,0.00,0.00,11775.00,0.48
2022-10-14,0.00,0.00,0.10,0.20,1.07,0.03,0.16,11500.00,0.75
2022-10-17,-0.00,-0.00,0.09,0.20,1.07,0.00,0.00,11580.00,1.12
2022-10-18,-0.00,-0.00,0.09,0.26,1.40,0.01,0.05,11705.00,0.60
2022-10-19,-0.01,-0.01,0.09,0.29,1.57,0.03,0.16,12240.00,1.27
2022-10-20,-0.00,-0.00,0.09,0.30,1.63,-0.14,-0.76,10425.00,0.45
2022-10-21,0.01,0.01,0.08,0.28,1.51,-0.12,-0.65,9220.00,0.63
2022-10-24,0.01,0.01,0.09,0.21,1.12,0.04,0.22,8845.00,1.70
2022-10-25,0.00,0.00,0.09,0.07,0.37,0.01,0.05,8285.00,0.49
2022-10-26,0.01,0.01,0.08,0.28,1.49,-0.15,-0.80,7420.00,1.54
2022-10-27,0.00,0.00,0.08,0.26,1.38,0.00,0.00,7130.00,0.80
2022-10-28,-0.00,-0.00,0.07,0.39,2.08,-0.20,-1.06,7235.00,1.11
2022-10-31,-0.00,-0.00,0.07,0.20,1.07,-0.22,-1.17,7555.00,1.92
2022-11-01,-0.01,-0.01,0.07,0.18,0.97,0.00,0.00,7890.00,1.03
2022-11-02,-0.00,-0.00,0.07,0.15,0.80,0.04,0.21,8085.00,0.64
2022-11-03,0.01,0.01,0.09,0.38,2.01,0.16,0.86,7950.00,0.77
2022-11-04,-0.00,-0.00,0.09,0.29,1.54,-0.04,-0.21,8385.00,1.49
2022-11-07,-0.00,-0.00,0.09,0.19,1.01,-0.13,-0.69,8445.00,0.88
2022-11-08,-0.00,-0.00,0.09,0.23,1.23,0.01,0.05,8595.00,0.87
2022-11-09,0.00,0.00,0.09,0.16,0.85,-0.07,-0.37,8545.00,0.60
2022-11-10,0.01,0.01,0.09,0.22,1.16,0.03,0.16,8465.00,0.48
2022-11-11,-0.00,-0.00,0.09,0.46,2.43,-0.30,-1.58,8980.00,2.10
2022-11-14,0.00,0.00,0.09,0.53,2.80,0.05,0.26,8785.00,1.04
2022-11-15,-0.01,-0.01,0.09,0.41,2.19,0.08,0.42,9170.00,1.60
2022-11-16,0.01,0.01,0.10,0.07,0.37,0.08,0.43,8470.00,0.18
2022-11-17,0.00,0.00,0.09,0.15,0.79,0.00,0.00,8845.00,1.38
2022-11-18,-0.00,-0.00,0.09,0.19,1.01,0.08,0.42,8630.00,0.17
2022-11-21,0.01,0.01,0.09,0.34,1.80,-0.03,-0.16,8075.00,0.48
2022-11-22,0.01,0.01,0.09,0.15,0.79,0.04,0.21,7910.00,0.10
2022-11-23,-0.01,-0.01,0.10,0.30,1.58,0.02,0.10,7890.00,1.39
2022-11-25,0.01,0.01,0.10,0.10,0.52,0.01,0.05,7685.00,0.21
2022-11-28,-0.01,-0.01,0.10,0.30,1.58,0.01,0.05,7660.00,0.98
2022-11-29,-0.00,-0.00,0.10,0.49,2.58,0.10,0.53,7495.00,1.49
2022-11-30,-0.01,-0.01,0.10,0.30,1.60,-0.26,-1.37,7935.00,2.13
2022-12-01,0.01,0.01,0.11,0.17,0.90,0.00,0.00,8130.00,1.12
2022-12-02,0.01,0.01,0.10,0.12,0.63,0.01,0.05,7945.00,0.30
2022-12-05,-0.00,-0.00,0.10,0.10,0.52,-0.08,-0.42,7565.00,0.65
2022-12-06,-0.00,-0.00,0.10,0.23,1.21,-0.06,-0.31,7730.00,1.38
2022-12-07,0.00,0.00,0.10,0.04,0.21,0.04,0.21,7595.00,0.63
2022-12-08,-0.00,-0.00,0.09,0.15,0.79,0.02,0.11,7480.00,0.37
2022-12-09,-0.00,-0.00,0.09,0.02,0.11,0.00,0.00,7350.00,0.20
2022-12-12,-0.00,-0.00,0.09,0.04,0.21,-0.02,-0.11,6510.00,0.32
2022-12-13,0.00,0.00,0.09,0.19,1.00,0.02,0.11,6405.00,1.09
2022-12-14,-0.00,-0.00,0.08,0.11,0.58,-0.11,-0.58,6040.00,1.23
2022-12-15,0.00,0.00,0.08,0.10,0.53,0.01,0.05,6605.00,1.94
2022-12-16,0.00,0.00,0.08,0.33,1.73,0.00,0.00,6165.00,0.55
2022-12-19,0.00,0.00,0.08,0.32,1.67,-0.15,-0.79,6390.00,0.94
2022-12-20,0.00,0.00,0.08,0.40,2.08,0.01,0.05,6555.00,1.10
2022-12-21,-0.01,-0.01,0.08,0.37,1.95,-0.38,-1.98,6885.00,1.07
2022-12-22,0.00,0.00,0.07,0.15,0.79,-0.02,-0.11,6520.00,0.57
2022-12-23,0.01,0.01,0.08,0.07,0.36,0.06,0.31,6610.00,0.51
2022-12-27,-0.00,-0.00,0.07,0.06,0.31,0.00,0.00,6600.00,1.11
2022-12-28,-0.01,-0.01,0.08,0.19,1.00,-0.04,-0.21,6140.00,0.33
2022-12-29,0.00,0.00,0.07,0.08,0.42,-0.03,-0.16,5320.00,0.09
2022-12-30,0.01,0.01,0.06,0.07,0.36,0.03,0.16,4915.00,0.20
2023-01-03,-0.00,-0.00,0.06,0.02,0.10,-0.08,-0.42,4915.00,0.49
2023-01-04,0.00,0.00,0.06,0.01,0.05,0.05,0.26,4770.00,0.42
2023-01-05,-0.00,-0.00,0.06,0.11,0.57,-0.07,-0.36,4400.00,0.75
2023-01-06,0.00,0.00,0.06,0.01,0.05,0.00,0.00,4470.00,1.39
2023-01-09,0.00,0.00,0.06,0.06,0.31,0.00,0.00,4505.00,0.78
2023-01-10,-0.00,-0.00,0.06,0.18,0.94,0.00,0.00,4675.00,1.05
2023-01-11,-0.00,-0.00,0.06,0.08,0.42,-0.03,-0.16,5095.00,2.06
2023-01-12,0.00,0.00,0.06,0.21,1.09,0.00,0.00,5590.00,3.02
2023-01-13,-0.00,-0.00,0.06,0.11,0.57,0.03,0.16,5405.00,0.68
2023-01-17,0.00,0.00,0.06,0.10,0.52,0.03,0.16,5305.00,2.04
2023-01-18,0.01,0.01,0.06,0.13,0.67,0.12,0.63,6180.00,3.38
2023-01-19,-0.00,-0.00,0.06,0.08,0.41,0.02,0.10,5965.00,0.28
2023-01-20,0.00,0.00,0.06,0.17,0.88,0.08,0.41,5980.00,1.25
2023-01-23,0.00,0.00,0.05,0.11,0.57,0.08,0.41,6400.00,2.47
2023-01-24,-0.01,-0.01,0.06,0.29,1.51,0.05,0.26,6995.00,2.23
2023-01-25,-0.00,-0.00,0.06,0.09,0.47,0.01,0.05,7320.00,1.35
2023-01-26,0.00,0.00,0.06,0.11,0.57,0.09,0.47,7235.00,0.77
2023-01-27,0.00,0.00,0.06,0.04,0.21,-0.01,-0.05,7330.00,0.53
2023-01-30,-0.00,-0.00,0.06,0.07,0.37,0.00,0.00,7615.00,0.81
2023-01-31,0.00,0.00,0.06,0.06,0.31,0.01,0.05,7770.00,0.53
2023-02-01,0.00,0.00,0.05,0.07,0.37,-0.01,-0.05,7885.00,0.60
2023-02-02,0.01,0.01,0.06,0.18,0.93,0.03,0.16,8305.00,1.25
2023-02-03,-0.00,-0.00,0.06,0.07,0.36,-0.01,-0.05,8205.00,0.16
2023-02-06,-0.00,-0.00,0.06,0.08,0.41,0.00,0.00,8040.00,0.36
2023-02-07,0.00,0.00,0.06,0.15,0.78,-0.11,-0.57,8065.00,0.50
2023-02-08,0.00,0.00,0.06,0.13,0.67,-0.04,-0.21,8110.00,0.72
2023-02-09,-0.00,-0.00,0.06,0.07,0.36,0.00,0.00,7730.00,0.38
2023-02-10,0.00,0.00,0.06,0.10,0.52,-0.02,-0.10,7055.00,0.48
2023-02-13,-0.00,-0.00,0.07,0.09,0.47,-0.11,-0.57,7395.00,1.42
2023-02-14,0.01,0.01,0.07,0.12,0.62,0.06,0.31,7200.00,0.96
2023-02-15,0.01,0.01,0.07,0.18,0.92,0.00,0.00,6425.00,0.84
2023-02-16,-0.00,-0.00,0.07,0.06,0.31,-0.01,-0.05,6630.00,0.87
2023-02-17,-0.01,-0.01,0.07,0.15,0.77,0.00,0.00,6330.00,0.24
2023-02-21,0.01,0.01,0.08,0.21,1.07,0.06,0.31,5870.00,1.12
2023-02-22,0.00,0.00,0.07,0.06,0.31,0.02,0.10,5325.00,0.88
2023-02-23,-0.00,-0.00,0.07,0.16,0.82,0.03,0.15,5030.00,0.80
2023-02-24,-0.00,-0.00,0.07,0.10,0.51,0.01,0.05,4780.00,0.13
2023-02-27,0.01,0.01,0.07,0.02,0.10,0.10,0.51,4645.00,0.26
2023-02-28,0.00,0.00,0.07,0.10,0.51,-0.02,-0.10,4455.00,0.54
2023-03-01,0.00,0.00,0.07,0.04,0.20,-0.03,-0.15,4460.00,0.94
2023-03-02,0.00,0.00,0.07,0.11,0.56,-0.08,-0.41,4350.00,0.57
2023-03-03,0.00,0.00,0.07,0.08,0.41,0.00,0.00,4050.00,1.09
2023-03-06,0.00,0.00,0.07,0.09,0.46,-0.05,-0.25,4090.00,0.51
2023-03-07,-0.00,-0.00,0.07,0.07,0.36,-0.10,-0.51,4305.00,1.67
2023-03-08,-0.00,-0.00,0.07,0.07,0.36,-0.05,-0.25,4745.00,2.70
2023-03-09,-0.00,-0.00,0.07,0.04,0.20,0.00,0.00,4870.00,1.70
2023-03-10,-0.03,-0.03,0.12,0.60,3.15,0.02,0.10,5265.00,2.05
2023-03-13,-0.02,-0.02,0.13,0.90,4.80,-0.10,-0.52,5620.00,1.87
2023-03-14,-0.01,-0.01,0.14,0.31,1.67,0.00,0.00,5415.00,1.18
2023-03-15,-0.01,-0.01,0.13,0.65,3.53,-0.07,-0.38,5360.00,1.08
2023-03-16,0.02,0.02,0.15,0.16,0.85,0.32,1.74,5185.00,0.37
2023-03-17,-0.01,-0.01,0.16,0.16,0.86,-0.18,-0.96,5135.00,0.93
2023-03-20,0.00,0.00,0.16,0.18,0.97,0.00,0.00,5155.00,0.37
2023-03-21,0.03,0.03,0.19,0.81,4.25,-0.31,-1.67,5500.00,2.45
2023-03-22,-0.00,-0.00,0.18,0.27,1.42,-0.26,-1.36,5420.00,0.57
2023-03-23,0.00,0.00,0.18,0.29,1.52,0.00,0.00,5315.00,0.36
2023-03-24,-0.01,-0.01,0.19,0.30,1.60,-0.27,-1.42,5410.00,0.46
2023-03-27,0.02,0.02,0.20,0.04,0.21,0.28,1.49,5380.00,0.11
2023-03-28,-0.02,-0.02,0.21,0.26,1.38,-0.08,-0.42,5345.00,0.32
2023-03-29,0.01,0.01,0.21,0.21,1.10,0.26,1.38,5240.00,0.40
2023-03-30,0.00,0.00,0.21,0.02,0.11,-0.01,-0.05,5305.00,0.72
2023-03-31,0.00,0.00,0.21,0.43,2.25,0.00,0.00,5985.00,3.01
2023-04-03,0.00,0.00,0.21,0.43,2.25,-0.43,-2.25,6105.00,0.74
2023-04-04,-0.00,-0.00,0.21,0.31,1.63,-0.03,-0.16,5875.00,0.44
2023-04-05,0.00,0.00,0.21,0.00,0.00,0.00,0.00,5235.00,0.00
2023-04-06,0.00,0.00,0.21,0.03,0.16,0.02,0.10,4850.00,0.12
2023-04-10,0.00,0.00,0.19,0.14,0.73,-0.03,-0.16,4405.00,0.43
2023-04-11,-0.01,-0.01,0.19,0.39,2.06,-0.08,-0.42,4400.00,2.36
2023-04-12,-0.01,-0.01,0.18,0.16,0.85,0.01,0.05,4185.00,0.50
2023-04-13,0.00,0.00,0.18,0.22,1.17,0.09,0.48,4060.00,0.81
2023-04-14,-0.01,-0.01,0.17,0.35,1.88,0.16,0.85,4090.00,0.61
2023-04-17,0.00,0.00,0.16,0.37,1.99,0.17,0.91,4110.00,1.27
2023-04-18,0.00,0.00,0.16,0.21,1.13,0.18,0.97,4135.00,0.58
2023-04-19,0.02,0.02,0.15,0.43,2.27,0.14,0.75,3895.00,2.23
2023-04-20,-0.01,-0.01,0.15,0.31,1.64,0.08,0.42,4125.00,1.87
2023-04-21,0.01,0.01,0.16,0.20,1.05,0.34,1.80,4535.00,2.23
2023-04-24,-0.01,-0.01,0.15,0.28,1.48,0.07,0.37,4610.00,0.87
2023-04-25,0.01,0.01,0.15,0.16,0.84,0.14,0.74,4675.00,0.41
2023-04-26,-0.02,-0.02,0.15,0.32,1.70,-0.03,-0.16,4770.00,0.75
2023-04-27,0.00,0.00,0.14,0.08,0.42,0.02,0.11,4710.00,0.19
2023-04-28,0.00,0.00,0.14,0.06,0.32,0.00,0.00,4700.00,0.77
2023-05-01,0.01,0.01,0.14,0.14,0.74,0.02,0.11,3920.00,0.61
2023-05-02,-0.00,-0.00,0.14,0.28,1.48,-0.11,-0.58,3885.00,0.98
2023-05-03,-0.00,-0.00,0.14,0.05,0.26,0.03,0.16,3825.00,0.37
2023-05-04,-0.01,-0.01,0.15,0.53,2.83,-0.07,-0.37,4335.00,2.35
2023-05-05,0.01,0.01,0.15,0.35,1.86,0.04,0.21,4335.00,0.14
2023-05-08,-0.01,-0.01,0.15,0.37,1.99,0.08,0.43,4450.00,0.94
2023-05-09,0.00,0.00,0.15,0.31,1.67,0.04,0.22,4190.00,1.24
2023-05-10,0.02,0.02,0.16,0.39,2.06,0.29,1.56,4355.00,1.24
2023-05-11,-0.02,-0.02,0.17,0.36,1.93,-0.34,-1.80,4980.00,3.17
2023-05-12,0.02,0.02,0.18,0.16,0.84,0.22,1.18,4940.00,0.34
2023-05-15,-0.01,-0.01,0.18,0.00,0.00,-0.11,-0.58,4695.00,0.06
2023-05-16,0.00,0.00,0.18,0.05,0.26,0.05,0.26,4635.00,0.26
2023-05-17,-0.01,-0.01,0.17,0.18,0.96,0.02,0.11,4475.00,1.23
2023-05-18,0.00,0.00,0.17,0.07,0.37,0.00,0.00,4315.00,1.04
2023-05-19,0.01,0.01,0.17,0.15,0.79,0.14,0.74,4270.00,2.15
2023-05-22,-0.00,-0.00,0.16,0.07,0.37,-0.12,-0.63,4600.00,2.30
2023-05-23,-0.00,-0.00,0.16,0.07,0.37,-0.04,-0.21,4580.00,0.33
2023-05-24,0.00,0.00,0.15,0.02,0.11,0.03,0.16,4440.00,0.18
2023-05-25,-0.00,-0.00,0.15,0.02,0.11,0.00,0.00,4425.00,0.14
2023-05-26,0.00,0.00,0.15,0.10,0.53,0.00,0.00,4345.00,0.46
2023-05-30,0.00,0.00,0.15,0.06,0.32,0.00,0.00,4365.00,0.64
2023-05-31,0.00,0.00,0.15,0.29,1.52,0.14,0.74,4280.00,0.49
2023-06-01,0.01,0.01,0.15,0.00,0.00,0.22,1.16,4240.00,0.14
2023-06-02,-0.01,-0.01,0.15,0.01,0.05,-0.19,-0.99,4340.00,2.81
2023-06-05,-0.00,-0.00,0.15,0.12,0.63,0.00,0.00,4450.00,0.63
2023-06-06,-0.00,-0.00,0.14,0.08,0.42,-0.05,-0.26,4475.00,1.05
2023-06-07,0.00,0.00,0.14,0.04,0.21,0.00,0.00,4345.00,0.60
2023-06-08,0.01,0.01,0.12,0.08,0.42,0.10,0.53,4175.00,0.48
2023-06-09,0.00,0.00,0.11,0.07,0.37,0.01,0.05,3435.00,0.29
2023-06-12,-0.00,-0.00,0.08,0.14,0.73,-0.15,-0.78,3405.00,0.32
2023-06-13,0.00,0.00,0.08,0.16,0.84,-0.07,-0.37,3525.00,0.77
2023-06-14,-0.01,-0.01,0.09,0.14,0.74,-0.05,-0.26,3525.00,0.34
2023-06-15,0.01,0.01,0.08,0.07,0.37,0.06,0.32,3305.00,0.33
2023-06-16,-0.00,-0.00,0.08,0.08,0.42,-0.01,-0.05,3195.00,0.72
2023-06-20,0.00,0.00,0.08,0.08,0.42,0.00,0.00,3180.00,2.80
2023-06-21,-0.00,-0.00,0.08,0.00,0.00,-0.04,-0.21,2665.00,0.11
2023-06-22,0.00,0.00,0.08,0.09,0.47,0.09,0.47,2635.00,0.34
2023-06-23,0.01,0.01,0.09,0.30,1.55,0.00,0.00,2995.00,2.67
2023-06-26,-0.01,-0.01,0.10,0.23,1.20,-0.11,-0.57,3350.00,2.30
2023-06-27,-0.00,-0.00,0.10,0.17,0.89,0.02,0.10,3665.00,2.26
2023-06-28,0.00,0.00,0.10,0.13,0.68,0.02,0.10,3795.00,1.42
2023-06-29,0.01,0.01,0.10,0.18,0.93,0.02,0.10,4095.00,1.98
2023-06-30,0.00,0.00,0.09,0.05,0.26,0.00,0.00,4160.00,0.46
2023-07-03,0.00,0.00,0.09,0.06,0.31,0.00,0.00,3615.00,0.36
2023-07-05,0.00,0.00,0.09,0.10,0.52,0.00,0.00,3675.00,1.09
2023-07-06,-0.00,-0.00,0.09,0.04,0.21,-0.04,-0.21,3460.00,0.12
2023-07-07,0.00,0.00,0.09,0.07,0.36,0.00,0.00,3405.00,0.44
2023-07-10,0.00,0.00,0.08,0.26,1.35,-0.02,-0.10,3810.00,2.65
2023-07-11,0.00,0.00,0.08,0.09,0.47,-0.05,-0.26,4030.00,1.34
2023-07-12,0.00,0.00,0.08,0.08,0.41,-0.03,-0.16,4205.00,1.09
2023-07-13,-0.00,-0.00,0.09,0.19,0.99,0.05,0.26,4585.00,2.25
2023-07-14,-0.01,-0.01,0.08,0.37,1.93,0.12,0.62,5130.00,2.36
2023-07-17,0.02,0.01,0.10,0.04,0.21,0.33,1.72,5125.00,0.20
2023-07-18,-0.01,-0.01,0.10,0.21,1.09,0.00,0.00,5430.00,1.55
2023-07-19,0.01,0.01,0.11,0.21,1.08,0.06,0.31,5140.00,0.60
2023-07-20,-0.00,-0.00,0.11,0.16,0.83,0.07,0.36,5340.00,0.81
2023-07-21,-0.00,-0.00,0.11,0.19,0.98,-0.06,-0.31,5445.00,0.55
2023-07-24,0.00,0.00,0.10,0.06,0.31,0.03,0.16,5810.00,2.63
2023-07-25,-0.01,-0.01,0.09,0.30,1.56,0.01,0.05,6030.00,2.01
2023-07-26,0.00,0.00,0.09,0.15,0.78,0.15,0.78,5920.00,1.03
2023-07-27,0.01,0.01,0.09,0.11,0.57,0.00,0.00,5830.00,0.62
2023-07-28,0.00,0.00,0.09,0.06,0.31,-0.03,-0.15,5490.00,0.24
2023-07-31,0.01,0.01,0.09,0.10,0.51,0.09,0.46,5580.00,0.66
2023-08-01,0.00,0.00,0.09,0.10,0.51,0.00,0.00,5745.00,0.80
2023-08-02,0.00,0.00,0.09,0.16,0.82,0.00,0.00,5645.00,0.35
2023-08-03,0.00,0.00,0.09,0.08,0.41,-0.05,-0.25,5660.00,0.12
2023-08-04,0.00,0.00,0.09,0.17,0.86,0.01,0.05,5780.00,0.67
2023-08-07,0.00,0.00,0.09,0.24,1.22,0.07,0.36,5335.00,0.22
2023-08-08,-0.00,-0.00,0.09,0.12,0.61,0.05,0.25,5175.00,0.43
2023-08-09,0.00,0.00,0.09,0.05,0.25,0.00,0.00,4970.00,0.10
2023-08-10,0.00,0.00,0.09,0.08,0.41,0.03,0.15,4550.00,0.42
2023-08-11,0.00,0.00,0.08,0.10,0.51,0.02,0.10,4100.00,0.76
2023-08-14,0.01,0.01,0.07,0.14,0.70,0.04,0.20,4265.00,1.01
2023-08-15,-0.00,-0.00,0.05,0.29,1.46,0.04,0.20,4020.00,0.87
2023-08-16,0.00,0.00,0.05,0.21,1.05,-0.16,-0.80,4135.00,1.31
2023-08-17,0.00,0.00,0.05,0.00,0.00,0.00,0.00,3920.00,0.00
2023-08-18,-0.01,-0.01,0.06,0.28,1.42,-0.19,-0.95,3945.00,0.89
2023-08-21,0.00,0.00,0.07,0.08,0.40,0.05,0.25,3380.00,1.18
2023-08-22,-0.00,-0.00,0.06,0.28,1.42,0.08,0.40,3155.00,2.41
2023-08-23,-0.00,-0.00,0.07,0.10,0.51,-0.04,-0.20,3010.00,1.06
2023-08-24,-0.01,-0.01,0.07,0.29,1.49,0.15,0.76,3095.00,1.71
2023-08-25,0.00,0.00,0.07,0.10,0.51,0.09,0.46,3635.00,3.33
2023-08-28,0.01,0.01,0.07,0.22,1.12,0.00,0.00,3695.00,1.33
2023-08-29,0.00,0.00,0.07,0.12,0.61,0.00,0.00,3660.00,1.07
2023-08-30,0.01,0.01,0.07,0.11,0.56,0.08,0.41,3610.00,0.28
2023-08-31,0.00,0.00,0.07,0.15,0.76,-0.15,-0.76,4015.00,2.19
2023-09-01,0.00,0.00,0.07,0.02,0.10,0.03,0.15,3945.00,0.63
2023-09-05,-0.01,-0.01,0.08,0.32,1.62,-0.18,-0.91,4335.00,2.08
2023-09-06,0.00,0.00,0.07,0.21,1.06,0.12,0.61,4485.00,1.16
2023-09-07,0.00,0.00,0.08,0.03,0.15,0.06,0.30,4535.00,0.33
2023-09-08,0.00,0.00,0.08,0.18,0.91,-0.03,-0.15,4530.00,0.40
2023-09-11,-0.00,-0.00,0.07,0.06,0.30,0.03,0.15,4640.00,1.14
2023-09-12,0.00,0.00,0.07,0.23,1.15,-0.12,-0.60,4695.00,1.15
2023-09-13,-0.00,-0.00,0.07,0.31,1.56,-0.07,-0.35,4905.00,1.57
2023-09-14,0.00,0.00,0.07,0.05,0.25,-0.03,-0.15,4845.00,0.87
2023-09-15,0.00,0.00,0.07,0.22,1.10,-0.07,-0.35,5020.00,0.70
2023-09-18,0.00,0.00,0.06,0.13,0.65,-0.08,-0.40,5065.00,0.87
2023-09-19,0.00,0.00,0.06,0.00,0.00,0.00,0.00,5055.00,0.75
2023-09-20,-0.00,-0.00,0.06,0.08,0.40,-0.05,-0.25,4810.00,0.56
2023-09-21,0.00,0.00,0.05,0.07,0.35,0.00,0.00,4745.00,0.40
2023-09-22,0.00,0.00,0.05,0.07,0.35,0.03,0.15,4610.00,0.56
2023-09-25,-0.00,-0.00,0.05,0.16,0.80,0.01,0.05,4220.00,1.02
2023-09-26,-0.00,-0.00,0.04,0.20,1.01,-0.14,-0.70,4150.00,0.84
2023-09-27,0.00,0.00,0.04,0.10,0.50,0.00,0.00,4000.00,0.22
2023-09-28,-0.00,-0.00,0.03,0.15,0.76,-0.13,-0.65,4100.00,0.73
2023-09-29,-0.00,-0.00,0.04,0.20,1.01,-0.13,-0.65,3850.00,0.99
2023-10-02,0.00,0.00,0.04,0.07,0.35,0.03,0.15,3830.00,0.55
2023-10-03,0.00,0.00,0.03,0.33,1.66,0.04,0.20,3575.00,1.09
2023-10-04,-0.00,-0.00,0.03,0.19,0.96,0.02,0.10,3515.00,1.14
2023-10-05,-0.00,-0.00,0.03,0.22,1.11,-0.12,-0.60,3570.00,0.73
2023-10-06,0.00,0.00,0.03,0.19,0.96,-0.19,-0.96,3505.00,0.14
2023-10-09,0.00,0.00,0.03,0.14,0.71,-0.13,-0.66,3340.00,0.60
2023-10-10,-0.00,-0.00,0.03,0.13,0.66,-0.09,-0.46,3255.00,1.14
2023-10-11,-0.00,-0.00,0.03,0.13,0.66,0.04,0.20,2925.00,0.38
2023-10-12,0.01,0.01,0.05,0.01,0.05,0.16,0.82,2760.00,0.33
2023-10-13,0.00,0.00,0.05,0.17,0.86,-0.06,-0.30,2725.00,1.03
2023-10-16,0.00,0.00,0.05,0.00,0.00,0.00,0.00,2505.00,0.00
2023-10-17,0.01,0.01,0.05,0.26,1.31,0.17,0.86,2500.00,1.48
2023-10-18,-0.01,-0.01,0.06,0.16,0.81,0.00,0.00,2570.00,1.60
2023-10-19,0.00,0.00,0.06,0.13,0.66,-0.09,-0.46,2680.00,1.53
2023-10-20,0.00,0.00,0.06,0.13,0.66,0.04,0.20,2680.00,0.97
2023-10-23,0.00,0.00,0.06,0.21,1.06,-0.05,-0.25,2780.00,2.27
2023-10-24,-0.00,-0.00,0.06,0.28,1.42,0.10,0.51,2745.00,1.02
2023-10-25,0.00,0.00,0.06,0.15,0.76,-0.01,-0.05,3045.00,2.27
2023-10-26,-0.00,-0.00,0.06,0.27,1.37,-0.06,-0.30,3040.00,0.95
2023-10-27,-0.01,-0.01,0.06,0.31,1.58,-0.13,-0.66,3125.00,1.76
2023-10-30,0.01,0.01,0.07,0.00,0.00,0.21,1.07,3075.00,0.36
2023-10-31,0.00,0.00,0.07,0.20,1.01,0.01,0.05,3135.00,1.63
2023-11-01,0.00,0.00,0.07,0.14,0.70,-0.09,-0.45,3005.00,0.47
2023-11-02,-0.01,-0.01,0.07,0.21,1.06,0.03,0.15,3085.00,1.36
2023-11-03,0.01,0.01,0.08,0.18,0.90,-0.07,-0.35,3205.00,0.90
2023-11-06,-0.00,-0.00,0.08,0.14,0.70,0.00,0.00,3160.00,0.35
2023-11-07,-0.00,-0.00,0.08,0.12,0.61,0.00,0.00,3100.00,0.81
2023-11-08,0.01,0.01,0.08,0.11,0.55,0.08,0.40,3110.00,0.42
2023-11-09,-0.00,-0.00,0.07,0.08,0.40,-0.08,-0.40,3160.00,0.60
2023-11-10,0.00,0.00,0.07,0.11,0.55,0.04,0.20,3230.00,1.30
2023-11-13,0.00,0.00,0.07,0.10,0.50,0.03,0.15,3415.00,1.08
2023-11-14,0.00,0.00,0.07,0.25,1.25,0.16,0.80,3530.00,1.70
2023-11-15,0.01,0.01,0.07,0.28,1.38,0.07,0.35,3475.00,0.86
2023-11-16,-0.00,-0.00,0.07,0.04,0.20,-0.03,-0.15,3425.00,0.91
2023-11-17,-0.00,-0.00,0.07,0.09,0.45,0.00,0.00,3435.00,0.82
2023-11-20,0.00,0.00,0.07,0.16,0.79,-0.05,-0.25,3180.00,0.38
2023-11-21,-0.00,-0.00,0.07,0.15,0.74,-0.13,-0.64,3135.00,0.61
2023-11-22,-0.00,-0.00,0.07,0.07,0.35,-0.11,-0.54,2895.00,0.73
2023-11-24,-0.00,-0.00,0.07,0.06,0.30,-0.07,-0.35,2840.00,0.63
2023-11-27,-0.00,-0.00,0.07,0.10,0.50,0.03,0.15,2720.00,1.14
2023-11-28,0.00,0.00,0.06,0.15,0.74,0.09,0.45,2720.00,0.40
2023-11-29,-0.00,-0.00,0.06,0.13,0.64,-0.07,-0.35,2725.00,1.91
2023-11-30,0.00,0.00,0.06,0.12,0.59,0.01,0.05,3185.00,3.33
2023-12-01,0.00,0.00,0.06,0.11,0.54,0.10,0.49,3255.00,1.72
2023-12-04,-0.00,-0.00,0.06,0.06,0.30,-0.08,-0.39,3205.00,0.59
2023-12-05,0.00,0.00,0.06,0.10,0.49,-0.03,-0.15,3380.00,1.36
2023-12-06,-0.00,-0.00,0.06,0.18,0.89,0.01,0.05,3455.00,1.16
2023-12-07,0.00,0.00,0.05,0.07,0.35,0.04,0.20,3590.00,1.11
2023-12-08,-0.00,-0.00,0.05,0.03,0.15,-0.01,-0.05,3705.00,1.13
2023-12-11,0.00,0.00,0.05,0.03,0.15,0.02,0.10,3615.00,0.66
2023-12-12,-0.00,-0.00,0.05,0.12,0.59,0.01,0.05,3605.00,0.97
2023-12-13,0.00,0.00,0.05,0.07,0.34,0.04,0.20,3450.00,0.84
2023-12-14,0.00,0.00,0.05,0.17,0.83,0.06,0.30,3795.00,2.61
2023-12-15,0.01,0.01,0.05,0.24,1.17,-0.08,-0.39,3890.00,1.29
2023-12-18,-0.00,-0.00,0.05,0.19,0.93,-0.04,-0.19,4150.00,1.93
2023-12-19,0.01,0.01,0.05,0.21,1.02,0.09,0.44,4255.00,0.78
2023-12-20,0.00,0.00,0.05,0.06,0.29,0.03,0.15,4225.00,0.31
2023-12-21,0.00,0.00,0.05,0.16,0.77,0.04,0.19,4330.00,0.97
2023-12-22,-0.00,-0.00,0.05,0.12,0.58,-0.05,-0.24,4395.00,0.71
2023-12-26,0.00,0.00,0.05,0.00,0.00,0.03,0.15,4265.00,0.12
2023-12-27,0.00,0.00,0.05,0.05,0.24,0.03,0.15,4245.00,0.16
2023-12-28,-0.00,-0.00,0.05,0.08,0.39,0.01,0.05,4205.00,1.05
2023-12-29,-0.00,-0.00,0.05,0.33,1.60,0.03,0.15,3995.00,1.60
2024-01-02,0.00,0.00,0.05,0.07,0.34,0.10,0.49,3740.00,0.13
2024-01-03,-0.00,-0.00,0.05,0.00,0.00,-0.01,-0.05,3655.00,0.05
2024-01-04,0.00,0.00,0.05,0.13,0.63,0.06,0.29,3510.00,0.48
2024-01-05,-0.00,-0.00,0.05,0.07,0.34,-0.07,-0.34,3415.00,0.61
2024-01-08,0.00,0.00,0.05,0.28,1.35,0.00,0.00,3305.00,0.54
2024-01-09,-0.00,-0.00,0.05,0.24,1.16,-0.02,-0.10,3235.00,0.87
2024-01-10,0.00,0.00,0.05,0.01,0.05,0.00,0.00,3135.00,0.13
2024-01-11,-0.00,-0.00,0.05,0.16,0.78,0.03,0.15,3290.00,2.01
2024-01-12,0.00,0.00,0.05,0.05,0.24,0.08,0.39,3540.00,2.23
2024-01-16,0.00,0.00,0.05,0.06,0.29,0.00,0.00,3440.00,2.30
2024-01-17,0.00,0.00,0.04,0.02,0.10,0.00,0.00,3265.00,0.46
2024-01-18,0.00,0.00,0.04,0.10,0.48,-0.02,-0.10,3270.00,2.48
2024-01-19,-0.00,-0.00,0.03,0.12,0.58,-0.08,-0.39,3250.00,0.89
2024-01-22,0.01,0.01,0.04,0.10,0.48,0.04,0.19,3340.00,0.93
2024-01-23,0.00,0.00,0.04,0.06,0.29,0.01,0.05,3255.00,0.77
2024-01-24,0.00,0.00,0.04,0.05,0.24,0.00,0.00,3465.00,2.11
2024-01-25,-0.01,-0.01,0.04,0.32,1.54,-0.20,-0.96,3970.00,2.67
2024-01-26,0.00,0.00,0.05,0.28,1.35,-0.12,-0.58,4085.00,0.73
2024-01-29,0.00,0.00,0.05,0.21,1.01,-0.12,-0.58,4110.00,1.19
2024-01-30,0.00,0.00,0.04,0.19,0.91,0.00,0.00,4000.00,1.05
2024-01-31,-0.00,-0.00,0.04,0.16,0.77,-0.17,-0.81,4070.00,0.47
2024-02-01,-0.00,-0.00,0.04,0.08,0.38,-0.01,-0.05,4115.00,0.27
2024-02-02,0.00,0.00,0.04,0.16,0.76,0.00,0.00,4335.00,1.41
2024-02-05,-0.00,-0.00,0.04,0.12,0.57,0.04,0.19,4365.00,0.62
2024-02-06,0.00,0.00,0.04,0.26,1.24,-0.03,-0.14,4540.00,1.17
2024-02-07,-0.00,-0.00,0.04,0.21,1.01,0.00,0.00,4690.00,1.24
2024-02-08,0.00,0.00,0.05,0.20,0.95,0.03,0.14,4875.00,0.84
2024-02-09,-0.00,-0.00,0.04,0.14,0.67,-0.01,-0.05,4630.00,0.37
2024-02-12,-0.00,-0.00,0.04,0.16,0.76,-0.17,-0.81,4515.00,1.24
2024-02-13,-0.00,-0.00,0.05,0.09,0.43,-0.15,-0.72,4390.00,1.23
2024-02-14,0.01,0.01,0.05,0.22,1.05,0.06,0.29,4475.00,0.72
2024-02-15,0.00,0.00,0.05,0.24,1.14,-0.13,-0.62,4485.00,1.85
2024-02-16,0.00,0.00,0.05,0.23,1.09,-0.12,-0.57,4505.00,0.73
2024-02-20,-0.00,-0.00,0.05,0.08,0.38,-0.07,-0.33,4450.00,0.45
2024-02-21,-0.00,-0.00,0.05,0.18,0.86,0.01,0.05,4480.00,0.69
2024-02-22,-0.00,-0.00,0.05,0.18,0.86,0.03,0.14,4340.00,1.04
2024-02-23,0.00,0.00,0.04,0.14,0.67,-0.07,-0.33,4040.00,1.14
2024-02-26,-0.00,-0.00,0.04,0.01,0.05,-0.01,-0.05,3970.00,0.40
2024-02-27,0.00,0.00,0.04,0.17,0.81,-0.10,-0.48,4005.00,1.40
2024-02-28,-0.00,-0.00,0.04,0.00,0.00,-0.02,-0.09,3810.00,0.08
2024-02-29,0.00,0.00,0.04,0.06,0.29,-0.05,-0.24,3775.00,0.32
2024-03-01,0.00,0.00,0.04,0.11,0.52,-0.01,-0.05,3935.00,1.09
2024-03-04,0.00,0.00,0.04,0.11,0.52,0.06,0.28,3815.00,0.97
2024-03-05,0.00,0.00,0.04,0.11,0.52,-0.03,-0.14,3960.00,1.41
2024-03-06,0.00,0.00,0.04,0.21,1.00,-0.08,-0.38,3985.00,1.46
2024-03-07,0.00,0.00,0.04,0.13,0.61,-0.05,-0.24,3715.00,0.11
2024-03-08,0.00,0.00,0.04,0.21,0.99,-0.14,-0.66,3730.00,1.18
2024-03-11,-0.00,-0.00,0.04,0.15,0.71,-0.03,-0.14,3940.00,1.50
2024-03-12,-0.00,-0.00,0.04,0.10,0.47,-0.10,-0.47,3865.00,1.06
2024-03-13,-0.01,-0.01,0.04,0.20,0.95,0.00,0.00,3815.00,1.15
2024-03-14,-0.00,-0.00,0.04,0.16,0.76,-0.03,-0.14,3735.00,0.43
2024-03-15,0.00,0.00,0.04,0.23,1.09,0.24,1.14,3420.00,0.58
2024-03-18,0.01,0.01,0.05,0.15,0.71,0.12,0.57,3510.00,1.45
2024-03-19,-0.01,-0.01,0.06,0.15,0.71,-0.20,-0.94,3750.00,1.81
2024-03-20,-0.00,-0.00,0.06,0.35,1.67,-0.09,-0.43,4330.00,3.39
2024-03-21,0.00,0.00,0.06,0.09,0.43,-0.02,-0.10,4390.00,1.30
2024-03-22,-0.00,-0.00,0.06,0.10,0.48,-0.05,-0.24,4260.00,0.47
2024-03-25,0.00,0.00,0.06,0.17,0.81,0.00,0.00,4480.00,1.34
2024-03-26,0.01,0.01,0.06,0.19,0.90,0.06,0.29,4580.00,1.66
2024-03-27,0.00,0.00,0.06,0.25,1.18,-0.02,-0.09,5425.00,3.17
2024-03-28,-0.00,-0.00,0.06,0.02,0.09,-0.04,-0.19,5415.00,0.18
2024-04-01,0.00,0.00,0.06,0.13,0.61,0.00,0.00,5670.00,1.66
2024-04-02,-0.00,-0.00,0.06,0.13,0.62,-0.03,-0.14,5600.00,0.41
2024-04-03,-0.00,-0.00,0.06,0.08,0.38,0.05,0.24,5455.00,0.49
2024-04-04,0.00,0.00,0.06,0.08,0.38,0.08,0.38,5265.00,0.38
2024-04-05,0.00,0.00,0.06,0.06,0.28,0.00,0.00,5410.00,0.61
2024-04-08,0.00,0.00,0.06,0.09,0.43,-0.06,-0.28,5405.00,0.80
2024-04-09,-0.00,-0.00,0.06,0.05,0.24,0.03,0.14,5270.00,0.61
2024-04-10,-0.00,-0.00,0.06,0.07,0.33,-0.06,-0.28,5175.00,0.43
2024-04-11,0.00,0.00,0.06,0.07,0.33,-0.03,-0.14,5080.00,0.49
2024-04-12,0.00,0.00,0.06,0.05,0.24,0.00,0.00,5060.00,0.24
2024-04-15,-0.00,-0.00,0.06,0.14,0.66,0.02,0.09,5265.00,1.16
2024-04-16,0.00,0.00,0.05,0.08,0.38,0.04,0.19,5190.00,0.69
2024-04-17,-0.00,-0.00,0.03,0.12,0.57,-0.01,-0.05,5185.00,1.29
2024-04-18,0.00,0.00,0.03,0.05,0.24,-0.01,-0.05,4500.00,0.22
2024-04-19,-0.00,-0.00,0.03,0.00,0.00,-0.01,-0.05,4225.00,0.05
2024-04-22,-0.00,-0.00,0.03,0.11,0.52,0.00,0.00,4575.00,1.97
2024-04-23,0.00,0.00,0.03,0.01,0.05,0.03,0.14,4395.00,0.55
2024-04-24,0.00,0.00,0.02,0.16,0.76,0.00,0.00,4730.00,3.02
2024-04-25,-0.00,-0.00,0.02,0.06,0.28,-0.09,-0.43,3960.00,0.45
2024-04-26,-0.00,-0.00,0.02,0.06,0.28,0.03,0.14,4025.00,0.57
2024-04-29,0.00,0.00,0.02,0.16,0.76,0.03,0.14,3660.00,0.57
2024-04-30,0.00,0.00,0.02,0.11,0.52,0.04,0.19,3770.00,1.19
2024-05-01,-0.00,-0.00,0.02,0.06,0.28,0.05,0.24,3660.00,0.14
2024-05-02,0.00,0.00,0.02,0.05,0.24,0.01,0.05,3625.00,0.36
2024-05-03,0.00,0.00,0.03,0.10,0.47,0.00,0.00,3650.00,1.04
2024-05-06,-0.00,-0.00,0.03,0.12,0.57,0.00,0.00,3630.00,1.07
2024-05-07,0.00,0.00,0.03,0.06,0.28,0.00,0.00,3510.00,0.23
2024-05-08,-0.00,-0.00,0.03,0.06,0.28,0.00,0.00,3520.00,0.68
2024-05-09,-0.00,-0.00,0.03,0.11,0.52,-0.05,-0.24,3495.00,0.57
2024-05-10,0.00,0.00,0.03,0.07,0.33,0.08,0.38,3550.00,0.65
2024-05-13,0.00,0.00,0.03,0.08,0.37,0.03,0.14,3550.00,1.72
2024-05-14,0.01,0.01,0.03,0.16,0.74,0.16,0.75,3590.00,1.23
2024-05-15,-0.00,-0.00,0.04,0.14,0.65,-0.03,-0.14,3510.00,1.45
2024-05-16,0.00,0.00,0.04,0.07,0.33,-0.01,-0.05,3700.00,1.30
2024-05-17,-0.00,-0.00,0.04,0.11,0.51,-0.07,-0.33,3790.00,0.53
2024-05-20,0.00,0.00,0.04,0.10,0.47,0.00,0.00,3475.00,0.78
2024-05-21,-0.00,-0.00,0.04,0.07,0.33,-0.07,-0.33,3440.00,0.49
2024-05-22,0.00,0.00,0.04,0.15,0.70,0.03,0.14,6805.00,11.99
2024-05-23,-0.00,-0.00,0.04,0.04,0.19,-0.02,-0.09,6880.00,0.48
2024-05-24,0.00,0.00,0.04,0.06,0.28,0.03,0.14,6830.00,0.19
2024-05-28,-0.00,-0.00,0.04,0.02,0.09,0.00,0.00,6780.00,0.16
2024-05-29,-0.00,-0.00,0.04,0.06,0.28,-0.04,-0.19,6690.00,0.40
2024-05-30,-0.00,-0.00,0.04,0.05,0.23,0.00,0.00,6795.00,0.38
2024-05-31,0.00,0.00,0.04,0.12,0.56,0.01,0.05,6875.00,0.42
2024-06-03,-0.00,-0.00,0.04,0.05,0.23,0.02,0.09,6830.00,0.42
2024-06-04,0.00,0.00,0.04,0.05,0.23,0.00,0.00,6720.00,0.25
2024-06-05,-0.00,-0.00,0.04,0.12,0.56,-0.05,-0.23,6985.00,0.87
2024-06-06,0.00,0.00,0.04,0.08,0.37,-0.02,-0.09,7135.00,0.76
2024-06-07,0.00,0.00,0.03,0.00,0.00,0.00,0.00,7060.00,0.07
2024-06-10,-0.00,-0.00,0.04,0.04,0.19,0.00,0.00,7100.00,0.44
2024-06-11,0.00,0.00,0.03,0.02,0.09,0.00,0.00,6890.00,0.28
2024-06-12,0.00,0.00,0.02,0.08,0.37,0.00,0.00,6745.00,0.22
2024-06-13,0.00,0.00,0.02,0.07,0.33,0.04,0.19,6565.00,0.23
2024-06-14,0.00,0.00,0.02,0.02,0.09,0.00,0.00,6430.00,0.33
2024-06-17,0.00,0.00,0.02,0.04,0.19,0.02,0.09,6435.00,0.33
2024-06-18,0.00,0.00,0.02,0.03,0.14,0.03,0.14,6630.00,1.00
2024-06-20,0.00,0.00,0.02,0.08,0.37,0.00,0.00,6630.00,0.26
2024-06-21,-0.00,-0.00,0.02,0.19,0.88,-0.16,-0.74,2735.00,1.35
2024-06-24,0.00,0.00,0.02,0.25,1.16,0.05,0.23,3250.00,4.18
2024-06-25,-0.00,-0.00,0.02,0.17,0.79,-0.10,-0.46,3340.00,0.93
2024-06-26,0.00,0.00,0.02,0.12,0.56,-0.01,-0.05,3860.00,2.98
2024-06-27,0.00,0.00,0.02,0.12,0.56,0.04,0.19,3830.00,0.55
2024-06-28,0.00,0.00,0.02,0.06,0.28,-0.02,-0.09,3755.00,0.29
2024-07-01,-0.00,-0.00,0.02,0.11,0.51,-0.11,-0.51,3810.00,1.05
2024-07-02,0.00,0.00,0.02,0.26,1.20,-0.12,-0.56,4620.00,4.13
2024-07-03,-0.00,-0.00,0.02,0.03,0.14,0.01,0.05,4660.00,0.54
2024-07-05,0.00,0.00,0.02,0.09,0.42,-0.05,-0.23,4410.00,0.25
2024-07-08,0.00,0.00,0.02,0.06,0.28,-0.03,-0.14,4375.00,1.07
2024-07-09,-0.00,-0.00,0.02,0.07,0.32,0.00,0.00,4425.00,0.34
2024-07-10,0.00,0.00,0.02,0.07,0.32,-0.04,-0.19,4565.00,1.29
2024-07-11,-0.00,-0.00,0.02,0.04,0.19,0.01,0.05,4485.00,0.07
2024-07-12,0.00,0.00,0.02,0.05,0.23,0.04,0.19,4570.00,0.70
2024-07-15,0.00,0.00,0.02,0.02,0.09,0.06,0.28,4550.00,0.24
2024-07-16,0.00,0.00,0.02,0.13,0.60,0.00,0.00,4900.00,1.86
2024-07-17,-0.00,-0.00,0.03,0.13,0.60,-0.13,-0.60,4940.00,0.59
2024-07-18,0.00,0.00,0.03,0.16,0.74,0.05,0.23,4790.00,0.75
2024-07-19,-0.00,-0.00,0.03,0.09,0.42,-0.07,-0.32,4775.00,0.29
2024-07-22,-0.00,-0.00,0.03,0.09,0.42,0.00,0.00,4740.00,0.63
2024-07-23,-0.00,-0.00,0.03,0.00,0.00,-0.01,-0.05,4080.00,0.10
2024-07-24,0.00,0.00,0.03,0.13,0.60,0.01,0.05,4155.00,1.11
2024-07-25,-0.01,-0.01,0.03,0.03,0.14,-0.09,-0.42,3745.00,0.88
2024-07-26,0.00,0.00,0.03,0.21,0.97,0.05,0.23,4315.00,3.13
2024-07-29,0.00,0.00,0.03,0.19,0.88,0.00,0.00,4455.00,0.88
2024-07-30,-0.00,-0.00,0.04,0.14,0.65,-0.06,-0.28,4440.00,0.83
2024-07-31,0.00,0.00,0.04,0.16,0.74,0.05,0.23,3595.00,0.61
2024-08-01,-0.00,-0.00,0.04,0.17,0.79,-0.02,-0.09,3630.00,0.88
2024-08-02,0.00,0.00,0.04,0.19,0.88,-0.12,-0.56,3750.00,0.93
2024-08-05,-0.00,-0.00,0.04,0.39,1.81,-0.07,-0.32,3650.00,0.74
2024-08-06,-0.00,-0.00,0.04,0.19,0.88,-0.18,-0.83,3835.00,1.36
2024-08-07,0.00,0.00,0.04,0.17,0.79,0.00,0.00,3985.00,2.23
2024-08-08,0.00,0.00,0.04,0.14,0.65,0.04,0.19,4370.00,1.83
2024-08-09,0.00,0.00,0.04,0.07,0.32,0.01,0.05,4305.00,0.44
2024-08-12,-0.00,-0.00,0.04,0.12,0.56,-0.15,-0.69,4585.00,1.46
2024-08-13,0.00,0.00,0.04,0.12,0.56,-0.03,-0.14,4290.00,0.75
2024-08-14,0.01,0.01,0.05,0.13,0.60,0.03,0.14,4760.00,2.58
2024-08-15,0.00,0.00,0.05,0.09,0.41,0.02,0.09,5140.00,2.18
2024-08-16,-0.00,-0.00,0.05,0.19,0.88,0.01,0.05,5240.00,0.65
2024-08-19,0.00,0.00,0.05,0.21,0.97,0.00,0.00,5435.00,1.27
2024-08-20,-0.00,-0.00,0.05,0.07,0.32,0.00,0.00,5480.00,0.24
2024-08-21,0.00,0.00,0.05,0.06,0.28,0.04,0.18,5345.00,0.36
2024-08-22,0.00,0.00,0.05,0.10,0.46,-0.02,-0.09,5635.00,1.61
2024-08-23,0.00,0.00,0.05,0.06,0.28,0.00,0.00,5145.00,0.72
2024-08-26,0.01,0.01,0.05,0.18,0.82,0.00,0.00,5745.00,2.77
2024-08-27,-0.00,-0.00,0.05,0.09,0.41,0.02,0.09,6055.00,1.64
2024-08-28,0.00,0.00,0.05,0.10,0.46,0.00,0.00,6140.00,0.64
2024-08-29,-0.00,-0.00,0.05,0.11,0.50,-0.04,-0.18,6430.00,1.40
2024-08-30,0.00,0.00,0.05,0.05,0.23,-0.02,-0.09,6415.00,0.50
2024-09-03,0.00,0.00,0.04,0.10,0.46,-0.04,-0.18,6865.00,1.70
2024-09-04,-0.00,-0.00,0.04,0.07,0.32,-0.01,-0.05,6980.00,1.07
2024-09-05,0.00,0.00,0.04,0.09,0.41,-0.06,-0.27,6715.00,0.54
2024-09-06,0.00,0.00,0.04,0.02,0.09,0.00,0.00,6370.00,0.17
2024-09-09,-0.00,-0.00,0.04,0.17,0.78,-0.01,-0.05,6415.00,0.44
2024-09-10,0.00,0.00,0.04,0.03,0.14,0.02,0.09,6115.00,0.11
2024-09-11,0.00,0.00,0.04,0.05,0.23,-0.01,-0.05,6380.00,1.33
2024-09-12,0.00,0.00,0.03,0.17,0.77,-0.15,-0.68,6035.00,0.89
2024-09-13,0.00,0.00,0.03,0.11,0.50,-0.06,-0.27,5655.00,0.64
2024-09-16,0.00,0.00,0.03,0.08,0.36,-0.06,-0.27,5560.00,0.27
2024-09-17,0.00,0.00,0.03,0.00,0.00,0.00,0.00,5245.00,0.11
2024-09-18,-0.00,-0.00,0.03,0.09,0.41,0.02,0.09,5280.00,0.38
2024-09-19,0.00,0.00,0.03,0.07,0.32,0.08,0.36,5285.00,0.38
2024-09-20,0.00,0.00,0.03,0.00,0.00,0.07,0.32,4835.00,0.02
2024-09-23,-0.00,-0.00,0.03,0.06,0.27,0.03,0.14,4730.00,0.34
2024-09-24,0.00,0.00,0.02,0.15,0.68,0.03,0.14,4010.00,0.37
2024-09-25,-0.00,-0.00,0.02,0.14,0.64,-0.12,-0.54,3765.00,1.33
2024-09-26,0.00,0.00,0.02,0.14,0.63,-0.04,-0.18,3960.00,1.97
2024-09-27,-0.00,-0.00,0.02,0.12,0.54,-0.06,-0.27,3620.00,0.61
2024-09-30,0.00,0.00,0.02,0.13,0.59,-0.04,-0.18,3785.00,1.72
2024-10-01,-0.00,-0.00,0.02,0.00,0.00,-0.01,-0.05,3235.00,0.22
2024-10-02,0.00,0.00,0.02,0.11,0.50,0.02,0.09,2990.00,0.87
2024-10-03,0.00,0.00,0.02,0.01,0.05,-0.01,-0.05,2835.00,0.18
2024-10-04,0.00,0.00,0.02,0.01,0.05,-0.01,-0.05,2990.00,1.40
2024-10-07,0.00,0.00,0.02,0.08,0.36,-0.01,-0.05,2950.00,0.68
2024-10-08,-0.00,-0.00,0.02,0.15,0.68,-0.06,-0.27,3110.00,1.25
2024-10-09,0.00,0.00,0.02,0.13,0.59,-0.12,-0.54,2875.00,1.32
2024-10-10,0.00,0.00,0.02,0.00,0.00,0.00,0.00,2605.00,0.00
2024-10-11,0.00,0.00,0.02,0.07,0.32,0.00,0.00,2555.00,1.02
2024-10-14,-0.00,-0.00,0.02,0.05,0.23,-0.01,-0.05,2580.00,0.78
2024-10-15,0.00,0.00,0.02,0.00,0.00,0.01,0.05,2600.00,0.38
2024-10-16,0.00,0.00,0.02,0.00,0.00,0.00,0.00,2525.00,0.20
2024-10-17,0.00,0.00,0.02,0.06,0.27,-0.06,-0.27,2575.00,1.17
2024-10-18,0.00,0.00,0.01,0.10,0.45,0.00,0.00,2750.00,1.31
2024-10-21,-0.00,-0.00,0.01,0.00,0.00,-0.01,-0.05,2690.00,0.15
2024-10-22,0.00,0.00,0.01,0.06,0.27,-0.03,-0.14,2810.00,1.39
2024-10-23,0.00,0.00,0.01,0.13,0.59,0.01,0.05,2720.00,1.18
2024-10-24,-0.00,-0.00,0.01,0.05,0.23,0.01,0.05,2360.00,0.25
2024-10-25,0.00,0.00,0.01,0.03,0.14,0.02,0.09,2280.00,0.26
2024-10-28,0.00,0.00,0.01,0.06,0.27,-0.06,-0.27,2040.00,0.83
2024-10-29,-0.00,-0.00,0.01,0.03,0.14,0.00,0.00,2140.00,1.26
2024-10-30,0.00,0.00,0.01,0.00,0.00,0.01,0.05,2110.00,0.95
2024-10-31,-0.00,-0.00,0.01,0.03,0.14,0.01,0.05,2130.00,0.42
2024-11-01,0.00,0.00,0.02,0.09,0.41,-0.04,-0.18,2020.00,0.99
2024-11-04,-0.00,-0.00,0.02,0.00,0.00,-0.04,-0.18,1945.00,0.26
2024-11-05,0.00,0.00,0.02,0.00,0.00,0.05,0.23,1905.00,1.63
2024-11-06,0.00,0.00,0.02,0.10,0.45,-0.10,-0.45,1855.00,1.51
2024-11-07,-0.00,-0.00,0.02,0.03,0.14,-0.02,-0.09,2020.00,1.63
2024-11-08,0.00,0.00,0.02,0.08,0.36,0.00,0.00,1990.00,1.01
2024-11-11,-0.00,-0.00,0.02,0.00,0.00,-0.04,-0.18,1910.00,0.21
2024-11-12,0.00,0.00,0.02,0.00,0.00,0.00,0.00,1860.00,0.00
2024-11-13,0.00,0.00,0.02,0.16,0.72,-0.10,-0.45,1930.00,0.98
2024-11-14,-0.00,-0.00,0.02,0.08,0.36,-0.08,-0.36,1990.00,2.11
2024-11-15,-0.00,-0.00,0.03,0.15,0.68,0.11,0.49,1860.00,0.54
2024-11-18,0.01,0.00,0.03,0.15,0.67,0.06,0.27,2085.00,2.35
2024-11-19,0.00,0.00,0.03,0.10,0.45,-0.07,-0.31,2000.00,1.10
2024-11-20,0.01,0.01,0.04,0.14,0.62,0.14,0.63,1875.00,0.37
2024-11-21,-0.01,-0.01,0.04,0.16,0.72,-0.11,-0.49,2090.00,2.34
2024-11-22,0.00,0.00,0.04,0.09,0.40,0.06,0.27,2210.00,1.36
2024-11-25,0.00,0.00,0.04,0.12,0.54,0.01,0.04,2450.00,2.65
2024-11-26,0.00,0.00,0.04,0.04,0.18,0.01,0.04,2475.00,1.29
2024-11-27,0.00,0.00,0.04,0.02,0.09,-0.01,-0.04,2580.00,1.59
2024-11-29,-0.00,-0.00,0.04,0.07,0.31,0.00,0.00,2745.00,1.53
2024-12-02,0.00,0.00,0.04,0.10,0.45,-0.02,-0.09,2925.00,1.91
2024-12-03,-0.00,-0.00,0.05,0.13,0.58,-0.02,-0.09,3325.00,2.56
2024-12-04,0.00,0.00,0.05,0.03,0.13,0.03,0.13,3685.00,2.80
2024-12-05,0.00,0.00,0.05,0.08,0.36,0.05,0.22,3910.00,1.87
2024-12-06,-0.00,-0.00,0.05,0.05,0.22,0.00,0.00,3975.00,1.16
2024-12-09,-0.00,-0.00,0.05,0.05,0.22,-0.04,-0.18,4240.00,1.72
2024-12-10,-0.00,-0.00,0.05,0.12,0.54,0.00,0.00,4840.00,2.56
2024-12-11,-0.00,-0.00,0.05,0.11,0.49,0.02,0.09,4955.00,0.46
2024-12-12,0.00,0.00,0.05,0.02,0.09,0.00,0.00,4920.00,0.24
2024-12-13,0.00,0.00,0.05,0.01,0.04,0.03,0.13,4780.00,0.29
2024-12-16,0.00,0.00,0.05,0.01,0.04,0.01,0.04,4795.00,0.27
2024-12-17,-0.00,-0.00,0.04,0.19,0.85,0.02,0.09,4745.00,0.82
2024-12-18,-0.01,-0.01,0.05,0.35,1.58,-0.01,-0.04,5590.00,3.42
2024-12-19,0.01,0.01,0.05,0.10,0.45,0.13,0.59,5675.00,0.42
2024-12-20,0.00,0.00,0.05,0.19,0.85,0.00,0.00,5515.00,0.31
2024-12-23,-0.00,-0.00,0.05,0.09,0.41,0.00,0.00,5490.00,0.46
2024-12-24,-0.00,-0.00,0.05,0.12,0.54,0.00,0.00,6150.00,3.20
2024-12-26,0.00,0.00,0.05,0.05,0.23,0.05,0.23,6510.00,1.60
2024-12-27,0.00,0.00,0.05,0.07,0.31,0.00,0.00,6445.00,0.43
2024-12-30,0.00,0.00,0.05,0.13,0.58,-0.02,-0.09,6975.00,2.12
2024-12-31,0.00,0.00,0.05,0.13,0.58,-0.12,-0.54,6940.00,0.71
2025-01-02,-0.00,-0.00,0.05,0.07,0.31,-0.05,-0.22,7600.00,2.86
2025-01-03,0.00,0.00,0.05,0.13,0.58,-0.01,-0.04,8815.00,3.93
2025-01-06,0.00,0.00,0.05,0.10,0.45,0.00,0.00,8795.00,0.78
2025-01-07,-0.00,-0.00,0.05,0.04,0.18,-0.03,-0.13,9160.00,1.30
2025-01-08,0.00,0.00,0.05,0.05,0.22,0.00,0.00,8955.00,0.36
2025-01-10,-0.00,-0.00,0.05,0.07,0.31,-0.07,-0.31,8545.00,0.49
2025-01-13,0.00,0.00,0.05,0.04,0.18,0.01,0.04,8720.00,0.67
2025-01-14,-0.00,-0.00,0.05,0.05,0.22,-0.04,-0.18,8715.00,0.13
2025-01-15,0.00,0.00,0.05,0.06,0.27,0.04,0.18,9200.00,1.21
2025-01-16,0.00,0.00,0.05,0.08,0.36,-0.06,-0.27,9470.00,0.71
2025-01-17,0.00,0.00,0.05,0.07,0.31,0.01,0.04,9600.00,0.68
2025-01-21,0.00,0.00,0.03,0.04,0.18,0.01,0.04,8850.00,0.46
2025-01-22,0.00,0.00,0.03,0.10,0.45,-0.02,-0.09,8815.00,0.19
2025-01-23,-0.00,-0.00,0.03,0.02,0.09,-0.09,-0.40,8970.00,0.54
2025-01-24,0.00,0.00,0.03,0.12,0.54,-0.01,-0.04,9110.00,0.58
2025-01-27,0.00,0.00,0.03,0.04,0.18,-0.01,-0.04,9155.00,2.25
2025-01-28,0.00,0.00,0.03,0.02,0.09,-0.02,-0.09,8750.00,0.26
2025-01-29,-0.00,-0.00,0.03,0.02,0.09,-0.02,-0.09,9055.00,0.98
2025-01-30,0.00,0.00,0.03,0.05,0.22,0.02,0.09,8900.00,1.31
2025-01-31,-0.00,-0.00,0.03,0.06,0.27,0.00,0.00,8830.00,0.40
2025-02-03,0.00,0.00,0.03,0.03,0.13,0.01,0.04,7815.00,0.18
2025-02-04,-0.00,-0.00,0.02,0.04,0.18,0.00,0.00,6470.00,1.19
2025-02-05,0.00,0.00,0.02,0.07,0.31,0.02,0.09,7005.00,2.51
2025-02-06,0.00,0.00,0.02,0.03,0.13,0.00,0.00,6840.00,1.26
2025-02-07,0.00,0.00,0.02,0.05,0.22,0.00,0.00,6880.00,0.58
2025-02-10,0.00,0.00,0.02,0.05,0.22,-0.01,-0.04,6900.00,0.67
2025-02-11,0.00,0.00,0.02,0.04,0.18,0.03,0.13,6770.00,0.47
2025-02-12,0.00,0.00,0.02,0.09,0.40,-0.06,-0.27,6910.00,0.56
2025-02-13,0.00,0.00,0.03,0.24,1.06,0.02,0.09,6615.00,0.79
2025-02-14,0.01,0.01,0.03,0.26,1.14,0.10,0.44,6930.00,1.88
2025-02-18,0.00,0.00,0.03,0.08,0.35,-0.02,-0.09,6955.00,1.01
2025-02-19,-0.00,-0.00,0.03,0.08,0.35,-0.08,-0.35,6940.00,0.55
2025-02-20,0.00,0.00,0.03,0.06,0.26,-0.02,-0.09,7010.00,0.44
2025-02-21,0.00,0.00,0.03,0.05,0.22,-0.01,-0.04,6890.00,0.35
2025-02-24,-0.00,-0.00,0.03,0.08,0.35,-0.05,-0.22,6780.00,0.46
2025-02-25,0.00,0.00,0.03,0.09,0.39,0.05,0.22,6075.00,1.07
2025-02-26,-0.01,-0.01,0.04,0.12,0.53,-0.03,-0.13,6275.00,1.00
2025-02-27,0.00,0.00,0.04,0.10,0.44,-0.02,-0.09,5875.00,0.15
2025-02-28,0.01,0.01,0.05,0.19,0.83,-0.01,-0.04,5490.00,0.73
2025-03-03,-0.00,-0.00,0.05,0.13,0.57,-0.17,-0.74,5795.00,1.66
2025-03-04,0.00,0.00,0.05,0.08,0.35,0.01,0.04,6010.00,0.95
2025-03-05,-0.00,-0.00,0.05,0.09,0.39,0.01,0.04,6265.00,2.04
2025-03-06,0.00,0.00,0.05,0.06,0.26,0.03,0.13,5460.00,0.27
2025-03-07,-0.00,-0.00,0.05,0.05,0.22,0.00,0.00,5190.00,0.62
2025-03-10,0.00,0.00,0.05,0.07,0.31,0.02,0.09,5135.00,0.56
2025-03-11,0.00,0.00,0.05,0.08,0.35,0.01,0.04,5145.00,0.93
2025-03-12,0.00,0.00,0.05,0.07,0.31,-0.03,-0.13,5065.00,0.32
2025-03-13,0.00,0.00,0.05,0.04,0.18,0.01,0.04,5035.00,0.66
2025-03-14,0.00,0.00,0.05,0.06,0.26,-0.02,-0.09,4885.00,0.45
2025-03-17,-0.00,-0.00,0.04,0.06,0.26,0.00,0.00,4465.00,1.03
2025-03-18,-0.00,-0.00,0.04,0.04,0.18,0.00,0.00,4350.00,1.08
2025-03-19,0.00,0.00,0.04,0.05,0.22,0.03,0.13,4330.00,0.79
2025-03-20,0.00,0.00,0.04,0.11,0.48,-0.01,-0.04,4885.00,2.91
2025-03-21,0.00,0.00,0.04,0.06,0.26,0.00,0.00,4915.00,0.61
2025-03-24,0.00,0.00,0.04,0.09,0.39,0.00,0.00,4990.00,0.92
2025-03-25,0.00,0.00,0.04,0.03,0.13,0.00,0.00,4935.00,1.09
2025-03-26,-0.00,-0.00,0.04,0.08,0.35,-0.03,-0.13,4870.00,1.03
2025-03-27,0.00,0.00,0.04,0.10,0.44,0.06,0.26,4855.00,0.12
2025-03-28,-0.00,-0.00,0.03,0.07,0.31,0.04,0.18,4760.00,0.44
2025-03-31,0.00,0.00,0.02,0.05,0.22,0.03,0.13,4365.00,0.39
2025-04-01,-0.00,-0.00,0.02,0.04,0.18,-0.02,-0.09,4175.00,0.46
2025-04-02,-0.00,-0.00,0.02,0.00,0.00,-0.01,-0.04,3560.00,0.14
2025-04-03,-0.00,-0.00,0.02,0.12,0.53,0.04,0.18,3740.00,1.36
2025-04-04,-0.01,-0.01,0.04,0.18,0.80,-0.16,-0.70,4040.00,2.28
2025-04-07,0.00,0.00,0.04,0.24,1.06,0.05,0.22,4735.00,3.55
2025-04-08,-0.00,-0.00,0.04,0.13,0.58,-0.03,-0.13,4700.00,0.87
2025-04-09,0.00,0.00,0.04,0.19,0.84,-0.03,-0.13,5105.00,1.90
2025-04-10,-0.00,-0.00,0.04,0.17,0.75,-0.02,-0.09,5560.00,2.23
2025-04-11,0.00,0.00,0.04,0.24,1.06,-0.09,-0.40,5575.00,0.45
2025-04-14,0.00,0.00,0.04,0.15,0.66,0.10,0.44,5475.00,0.47
2025-04-15,0.00,0.00,0.04,0.23,1.02,0.01,0.04,5870.00,2.15
2025-04-16,-0.00,-0.00,0.04,0.10,0.44,0.00,0.00,5990.00,0.97
2025-04-17,0.00,0.00,0.05,0.08,0.35,0.02,0.09,5665.00,1.36
2025-04-21,-0.00,-0.00,0.05,0.07,0.31,-0.04,-0.18,5695.00,0.63
2025-04-22,0.00,0.00,0.04,0.09,0.40,0.00,0.00,5590.00,0.45
2025-04-23,0.00,0.00,0.05,0.11,0.48,0.01,0.04,5595.00,0.98
2025-04-24,0.00,0.00,0.05,0.03,0.13,0.05,0.22,5640.00,1.05
2025-04-25,0.00,0.00,0.05,0.09,0.40,-0.06,-0.26,5710.00,0.35
2025-04-28,0.00,0.00,0.05,0.10,0.44,0.00,0.00,5965.00,1.21
2025-04-29,0.01,0.01,0.05,0.09,0.39,0.05,0.22,6265.00,1.23
2025-04-30,0.00,0.00,0.05,0.07,0.31,-0.07,-0.31,6190.00,0.06
2025-05-01,-0.00,-0.00,0.05,0.03,0.13,0.02,0.09,6185.00,0.06
2025-05-02,0.00,0.00,0.05,0.18,0.78,-0.03,-0.13,6160.00,0.75
2025-05-05,0.00,0.00,0.03,0.03,0.13,0.08,0.35,5740.00,0.14
2025-05-06,-0.00,-0.00,0.03,0.11,0.48,-0.08,-0.35,4980.00,0.32
2025-05-07,-0.01,-0.01,0.04,0.06,0.26,-0.06,-0.26,4825.00,0.21
2025-05-08,0.00,0.00,0.04,0.06,0.26,0.02,0.09,4495.00,0.69
2025-05-09,0.00,0.00,0.04,0.14,0.61,-0.01,-0.04,4180.00,1.46
2025-05-12,0.00,0.00,0.04,0.10,0.44,-0.01,-0.04,4320.00,1.23
2025-05-13,0.00,0.00,0.04,0.06,0.26,0.03,0.13,4260.00,0.33
2025-05-14,0.00,0.00,0.04,0.15,0.65,-0.01,-0.04,3755.00,0.67
2025-05-15,0.01,0.01,0.04,0.22,0.95,0.14,0.61,3835.00,1.93
2025-05-16,-0.00,-0.00,0.04,0.04,0.17,-0.02,-0.09,3715.00,1.43
2025-05-19,0.00,0.00,0.04,0.06,0.26,0.02,0.09,3590.00,0.31
2025-05-20,-0.00,-0.00,0.04,0.12,0.52,0.09,0.39,3690.00,1.22
2025-05-21,0.00,0.00,0.04,0.02,0.09,0.03,0.13,3460.00,0.26
2025-05-22,-0.00,-0.00,0.04,0.06,0.26,-0.05,-0.21,3480.00,1.81
2025-05-23,-0.00,-0.00,0.04,0.09,0.39,0.04,0.17,4190.00,3.87
2025-05-27,0.00,0.00,0.04,0.03,0.13,0.05,0.22,3905.00,0.38
2025-05-28,0.00,0.00,0.04,0.02,0.09,0.01,0.04,3570.00,0.28
2025-05-29,0.00,0.00,0.04,0.04,0.17,0.03,0.13,3630.00,0.44
2025-05-30,-0.00,-0.00,0.04,0.05,0.22,-0.02,-0.09,3805.00,1.02
2025-06-02,0.00,0.00,0.04,0.11,0.47,0.01,0.04,4070.00,2.43
2025-06-03,0.00,0.00,0.04,0.03,0.13,-0.01,-0.04,4275.00,1.15
2025-06-04,0.00,0.00,0.03,0.03,0.13,0.02,0.09,4450.00,1.15
2025-06-05,-0.00,-0.00,0.03,0.00,0.00,-0.06,-0.26,4455.00,0.25
2025-06-06,0.00,0.00,0.03,0.03,0.13,0.04,0.17,4350.00,0.23
2025-06-09,0.00,0.00,0.03,0.06,0.26,-0.03,-0.13,4125.00,0.39
2025-06-10,-0.00,-0.00,0.03,0.01,0.04,-0.02,-0.09,3895.00,0.18
2025-06-11,0.00,0.00,0.03,0.04,0.17,-0.04,-0.17,3950.00,0.63
2025-06-12,0.00,0.00,0.03,0.01,0.04,0.00,0.00,3900.00,0.38
2025-06-13,0.00,0.00,0.02,0.02,0.09,-0.01,-0.04,3730.00,1.07
2025-06-16,0.00,0.00,0.02,0.03,0.13,0.00,0.00,3665.00,1.09
2025-06-17,-0.00,-0.00,0.02,0.06,0.26,0.01,0.04,4105.00,2.41
2025-06-18,0.00,0.00,0.02,0.06,0.26,0.01,0.04,4170.00,1.39
2025-06-20,0.00,0.00,0.02,0.04,0.17,0.00,0.00,4810.00,2.85
2025-06-23,-0.00,-0.00,0.02,0.08,0.34,0.02,0.09,4560.00,0.29
2025-06-24,-0.00,-0.00,0.02,0.05,0.21,0.02,0.09,4250.00,2.35
2025-06-25,-0.00,-0.00,0.02,0.08,0.34,-0.03,-0.13,4970.00,3.20
2025-06-26,0.00,0.00,0.02,0.01,0.04,0.04,0.17,5025.00,0.42
2025-06-27,0.00,0.00,0.02,0.07,0.30,0.01,0.04,4990.00,0.18
2025-06-30,-0.00,-0.00,0.02,0.13,0.56,-0.10,-0.43,4860.00,0.27
2025-07-01,0.00,0.00,0.02,0.07,0.30,-0.02,-0.09,4425.00,0.27
2025-07-02,-0.00,-0.00,0.03,0.07,0.30,0.00,0.00,4195.00,0.07
2025-07-03,0.00,0.00,0.02,0.00,0.00,0.00,0.00,3940.00,0.00
2025-07-07,0.00,0.00,0.02,0.06,0.26,0.06,0.26,3960.00,0.38
2025-07-08,0.00,0.00,0.03,0.09,0.39,0.00,0.00,4135.00,1.09
2025-07-09,0.00,0.00,0.03,0.07,0.30,0.02,0.09,4305.00,1.16
2025-07-10,0.00,0.00,0.03,0.03,0.13,0.00,0.00,4345.00,0.35
2025-07-11,0.00,0.00,0.03,0.13,0.55,-0.11,-0.47,4285.00,0.30
2025-07-14,-0.00,-0.00,0.03,0.03,0.13,-0.05,-0.21,4350.00,0.64
2025-07-15,-0.00,-0.00,0.03,0.07,0.30,0.01,0.04,4365.00,0.99
2025-07-16,0.00,0.00,0.03,0.06,0.26,0.00,0.00,4210.00,0.21
2025-07-17,0.00,0.00,0.03,0.08,0.34,-0.06,-0.26,3910.00,1.00
2025-07-18,0.00,0.00,0.03,0.08,0.34,0.00,0.00,3705.00,0.46
2025-07-21,-0.00,-0.00,0.03,0.06,0.26,-0.06,-0.26,3350.00,1.97
2025-07-22,0.00,0.00,0.03,0.08,0.34,0.00,0.00,3340.00,0.33
2025-07-23,-0.00,-0.00,0.03,0.07,0.30,-0.08,-0.34,3700.00,4.65
2025-07-24,0.00,0.00,0.03,0.03,0.13,0.01,0.04,2950.00,0.31
2025-07-25,0.00,0.00,0.03,0.05,0.21,0.03,0.13,2885.00,0.28
2025-07-28,0.00,0.00,0.03,0.10,0.43,-0.03,-0.13,2975.00,0.91
2025-07-29,-0.00,-0.00,0.03,0.02,0.09,-0.05,-0.21,2925.00,0.10
2025-07-30,0.00,0.00,0.03,0.06,0.26,0.03,0.13,2980.00,0.77
2025-07-31,-0.00,-0.00,0.03,0.11,0.47,-0.07,-0.30,3010.00,0.30
2025-08-01,0.00,0.00,0.03,0.09,0.38,0.04,0.17,3230.00,1.36
2025-08-04,0.00,0.00,0.03,0.04,0.17,0.01,0.04,3300.00,0.88
2025-08-05,0.00,0.00,0.03,0.07,0.30,-0.02,-0.08,3350.00,1.64
2025-08-06,0.00,0.00,0.02,0.05,0.21,-0.05,-0.21,3220.00,0.75
2025-08-07,0.00,0.00,0.03,0.06,0.25,0.03,0.13,3295.00,0.91
2025-08-08,0.00,0.00,0.03,0.05,0.21,0.00,0.00,3345.00,0.69
2025-08-11,-0.00,-0.00,0.03,0.14,0.59,-0.11,-0.47,3355.00,0.89
2025-08-12,0.00,0.00,0.03,0.05,0.21,0.07,0.30,3325.00,1.11
2025-08-13,-0.00,-0.00,0.03,0.06,0.25,0.03,0.13,3315.00,0.21
2025-08-14,0.00,0.00,0.03,0.07,0.30,0.07,0.30,3170.00,0.32
2025-08-15,0.00,0.00,0.03,0.14,0.59,0.09,0.38,3320.00,1.42
2025-08-18,-0.00,-0.00,0.03,0.05,0.21,0.02,0.08,3100.00,0.71
2025-08-19,0.00,0.00,0.03,0.10,0.42,-0.02,-0.08,3155.00,0.70
2025-08-20,-0.00,-0.00,0.02,0.02,0.08,-0.01,-0.04,2345.00,0.43
2025-08-21,0.00,0.00,0.02,0.05,0.21,-0.04,-0.17,2385.00,0.71
2025-08-22,0.00,0.00,0.02,0.15,0.63,-0.01,-0.04,2390.00,0.38
2025-08-25,-0.00,-0.00,0.02,0.10,0.42,0.01,0.04,2660.00,3.05
2025-08-26,0.00,0.00,0.02,0.09,0.38,-0.02,-0.08,2785.00,1.01
2025-08-27,0.00,0.00,0.02,0.05,0.21,-0.02,-0.08,2705.00,0.26
2025-08-28,0.00,0.00,0.02,0.04,0.17,0.00,0.00,2790.00,0.93
2025-08-29,0.00,0.00,0.02,0.04,0.17,-0.03,-0.13,2650.00,0.60
2025-09-02,0.00,0.00,0.02,0.13,0.54,0.00,0.00,2975.00,3.16
2025-09-03,-0.00,-0.00,0.02,0.09,0.38,-0.01,-0.04,2900.00,1.38
2025-09-04,0.00,0.00,0.02,0.05,0.21,0.00,0.00,2895.00,0.79
2025-09-05,0.00,0.00,0.02,0.01,0.04,0.00,0.00,2780.00,0.25
2025-09-08,-0.00,-0.00,0.02,0.12,0.50,0.00,0.00,2845.00,1.27
2025-09-09,-0.00,-0.00,0.02,0.22,0.92,0.16,0.67,2895.00,1.38
2025-09-10,0.00,0.00,0.02,0.14,0.59,0.12,0.50,2820.00,0.78
2025-09-11,-0.00,-0.00,0.02,0.07,0.29,-0.11,-0.46,2955.00,1.15
2025-09-12,-0.00,-0.00,0.02,0.00,0.00,-0.06,-0.25,2915.00,0.07
2025-09-15,0.00,0.00,0.02,0.06,0.25,0.06,0.25,2770.00,0.65
2025-09-16,0.00,0.00,0.02,0.03,0.13,-0.03,-0.13,2705.00,0.33
2025-09-17,-0.00,-0.00,0.02,0.04,0.17,-0.04,-0.17,2715.00,0.88
2025-09-18,0.00,0.00,0.02,0.04,0.17,0.04,0.17,2695.00,0.22
2025-09-19,0.00,0.00,0.02,0.13,0.54,0.01,0.04,2935.00,2.21
2025-09-22,0.00,0.00,0.02,0.11,0.46,0.05,0.21,2950.00,0.41
2025-09-23,-0.00,-0.00,0.02,0.07,0.29,-0.08,-0.34,2720.00,1.29
2025-09-24,0.00,0.00,0.02,0.06,0.25,-0.04,-0.17,2735.00,1.13
2025-09-25,-0.00,-0.00,0.03,0.03,0.13,-0.05,-0.21,2845.00,1.02
2025-09-26,0.00,0.00,0.03,0.06,0.25,-0.01,-0.04,2835.00,0.85
2025-09-29,0.00,0.00,0.03,0.09,0.38,-0.02,-0.08,3020.00,1.75
2025-09-30,0.00,0.00,0.03,0.05,0.21,0.00,0.00,2735.00,1.35
2025-10-01,0.00,0.00,0.03,0.06,0.25,0.06,0.25,2720.00,1.36
2025-10-02,0.00,0.00,0.03,0.06,0.25,0.01,0.04,2680.00,0.56
2025-10-03,0.00,0.00,0.03,0.13,0.54,-0.08,-0.33,2685.00,0.30
2025-10-06,0.00,0.00,0.03,0.05,0.21,0.01,0.04,2680.00,1.31
2025-10-07,0.00,0.00,0.03,0.04,0.17,-0.04,-0.17,2510.00,0.24
2025-10-08,-0.01,-0.01,0.03,0.13,0.55,-0.04,-0.17,2550.00,1.18
2025-10-09,0.00,0.00,0.03,0.00,0.00,0.00,0.00,2380.00,0.00
2025-10-10,-0.00,-0.00,0.03,0.10,0.42,-0.07,-0.29,3345.00,5.83
2025-10-13,0.00,0.00,0.03,0.10,0.42,0.02,0.08,3445.00,1.10
2025-10-14,0.01,0.01,0.04,0.03,0.13,0.09,0.38,3450.00,0.29
2025-10-15,0.00,0.00,0.04,0.13,0.54,-0.01,-0.04,3575.00,1.37
2025-10-16,-0.00,-0.00,0.04,0.13,0.54,-0.02,-0.08,3970.00,2.14
2025-10-17,-0.00,-0.00,0.04,0.05,0.21,-0.08,-0.34,3975.00,1.66
2025-10-20,0.01,0.01,0.04,0.04,0.17,0.12,0.50,4900.00,4.02
2025-10-21,-0.00,-0.00,0.04,0.03,0.13,-0.02,-0.08,4940.00,0.87
2025-10-22,-0.00,-0.00,0.04,0.07,0.29,-0.01,-0.04,4950.00,0.67
2025-10-23,0.00,0.00,0.04,0.06,0.25,0.02,0.08,5490.00,2.50
2025-10-24,0.00,0.00,0.04,0.04,0.17,0.04,0.17,5810.00,1.51
2025-10-27,-0.00,-0.00,0.04,0.09,0.38,-0.01,-0.04,6900.00,3.93
2025-10-28,0.00,0.00,0.04,0.18,0.75,0.06,0.25,7885.00,2.97
2025-10-29,-0.00,-0.00,0.04,0.15,0.63,0.00,0.00,8285.00,1.41
2025-10-30,0.00,0.00,0.04,0.09,0.38,0.05,0.21,9290.00,2.33
2025-10-31,-0.00,-0.00,0.04,0.15,0.63,0.05,0.21,11070.00,3.29
2025-11-03,0.01,0.01,0.05,0.15,0.63,0.01,0.04,11225.00,0.59
2025-11-04,-0.00,-0.00,0.05,0.06,0.25,-0.04,-0.17,11365.00,0.30
2025-11-05,0.00,0.00,0.04,0.16,0.67,-0.06,-0.25,11370.00,0.27
2025-11-06,0.00,0.00,0.04,0.06,0.25,-0.05,-0.21,11450.00,0.14
2025-11-07,-0.00,-0.00,0.04,0.03,0.13,-0.03,-0.13,10650.00,0.33
2025-11-10,0.00,0.00,0.04,0.12,0.50,0.04,0.17,10880.00,0.77
2025-11-11,0.00,0.00,0.04,0.09,0.37,-0.02,-0.08,11115.00,0.51
2025-11-12,0.00,0.00,0.04,0.00,0.00,0.01,0.04,10885.00,0.03
2025-11-13,0.00,0.00,0.04,0.08,0.33,0.00,0.00,10745.00,0.53
2025-11-14,0.00,0.00,0.04,0.08,0.33,0.08,0.33,11425.00,1.77
2025-11-17,0.00,0.00,0.03,0.05,0.21,0.05,0.21,11320.00,1.55
2025-11-18,0.00,0.00,0.03,0.09,0.37,0.03,0.12,11625.00,0.89
2025-11-19,0.00,0.00,0.03,0.03,0.12,0.03,0.12,11910.00,0.76
2025-11-20,-0.00,-0.00,0.03,0.10,0.41,0.00,0.00,11665.00,0.75
2025-11-21,0.00,0.00,0.03,0.07,0.29,0.04,0.17,11525.00,0.52
2025-11-24,-0.00,-0.00,0.03,0.06,0.25,-0.07,-0.29,10580.00,0.78
2025-11-25,0.00,0.00,0.04,0.03,0.12,0.03,0.12,9460.00,0.11
2025-11-26,0.00,0.00,0.03,0.06,0.25,0.00,0.00,8985.00,0.24
2025-11-28,-0.00,-0.00,0.03,0.06,0.25,-0.05,-0.21,8065.00,0.40
2025-12-01,0.00,0.00,0.03,0.06,0.25,-0.03,-0.12,6385.00,0.44
2025-12-02,-0.00,-0.00,0.03,0.05,0.21,-0.03,-0.12,6295.00,0.76
2025-12-03,0.00,0.00,0.03,0.05,0.21,0.00,0.00,6370.00,0.77
2025-12-04,0.00,0.00,0.03,0.00,0.00,0.04,0.17,6230.00,0.05
2025-12-05,-0.00,-0.00,0.03,0.04,0.17,-0.01,-0.04,6295.00,0.46
2025-12-08,0.00,0.00,0.03,0.04,0.17,0.00,0.00,6345.00,0.71
2025-12-09,0.00,0.00,0.03,0.04,0.17,-0.04,-0.17,6035.00,0.36
2025-12-10,0.00,0.00,0.03,0.04,0.17,-0.03,-0.12,5860.00,0.38
2025-12-11,-0.00,-0.00,0.03,0.04,0.17,-0.04,-0.17,5935.00,0.30
2025-12-12,0.00,0.00,0.02,0.01,0.04,-0.01,-0.04,5680.00,0.11
2025-12-15,-0.00,-0.00,0.02,0.02,0.08,-0.01,-0.04,4775.00,0.44
2025-12-16,0.00,0.00,0.02,0.02,0.08,0.01,0.04,4055.00,0.79
2025-12-17,0.00,0.00,0.02,0.05,0.21,0.00,0.00,4480.00,4.22
2025-12-18,0.00,0.00,0.02,0.07,0.29,0.03,0.12,4440.00,1.85
2025-12-19,0.00,0.00,0.02,0.06,0.25,0.07,0.29,4420.00,1.90
2025-12-22,-0.00,-0.00,0.02,0.08,0.33,-0.03,-0.12,4320.00,0.93
2025-12-23,0.00,0.00,0.02,0.02,0.08,0.02,0.08,4015.00,0.52
2025-12-24,0.00,0.00,0.02,0.01,0.04,0.06,0.25,3990.00,0.13
2025-12-26,0.00,0.00,0.02,0.07,0.29,-0.05,-0.21,4010.00,0.65
2025-12-29,-0.00,-0.00,0.02,0.08,0.33,-0.02,-0.08,3995.00,0.73
2025-12-30,-0.00,-0.00,0.02,0.04,0.16,-0.05,-0.21,4120.00,1.29
2025-12-31,0.00,0.00,0.02,0.09,0.37,0.02,0.08,4020.00,0.70
2026-01-02,0.00,0.00,0.02,0.04,0.16,0.04,0.16,3865.00,0.47
2026-01-05,0.00,0.00,0.01,0.00,0.00,0.00,0.00,3860.00,0.05
2026-01-06,-0.00,-0.00,0.02,0.04,0.16,0.00,0.00,3835.00,0.63
2026-01-07,0.00,0.00,0.02,0.03,0.12,-0.01,-0.04,3890.00,1.44
2026-01-08,-0.00,-0.00,0.02,0.02,0.08,-0.03,-0.12,3905.00,0.64
2026-01-09,0.00,0.00,0.02,0.04,0.16,0.02,0.08,3845.00,0.26
2026-01-12,0.00,0.00,0.02,0.01,0.04,0.04,0.16,3870.00,0.59
2026-01-13,-0.00,-0.00,0.02,0.06,0.25,0.00,0.00,3910.00,0.36
2026-01-14,0.00,0.00,0.02,0.01,0.04,0.00,0.00,4000.00,0.98
2026-01-15,0.00,0.00,0.02,0.05,0.20,0.00,0.00,3970.00,0.65
2026-01-16,0.00,0.00,0.02,0.01,0.04,-0.01,-0.04,3100.00,0.48
2026-01-20,-0.00,-0.00,0.02,0.02,0.08,-0.01,-0.04,3000.00,2.07
2026-01-21,0.00,0.00,0.02,0.08,0.33,-0.05,-0.20,2635.00,0.42
2026-01-22,-0.00,-0.00,0.02,0.06,0.25,-0.02,-0.08,2605.00,1.31
2026-01-23,0.00,0.00,0.02,0.13,0.53,-0.03,-0.12,2625.00,0.95
2026-01-26,-0.00,-0.00,0.02,0.03,0.12,0.00,0.00,2810.00,1.49
2026-01-27,-0.00,-0.00,0.02,0.11,0.45,0.07,0.29,3150.00,2.98
2026-01-28,0.00,0.00,0.02,0.06,0.25,0.06,0.25,3375.00,2.19
2026-01-29,0.00,0.00,0.02,0.07,0.29,0.08,0.33,3215.00,0.65
2026-01-30,-0.00,-0.00,0.02,0.00,0.00,-0.01,-0.04,3115.00,0.26
2026-02-02,0.00,0.00,0.02,0.05,0.20,0.07,0.29,3245.00,1.36
2026-02-03,0.00,0.00,0.02,0.02,0.08,-0.01,-0.04,3320.00,0.51
2026-02-04,0.00,0.00,0.02,0.09,0.37,0.00,0.00,3795.00,3.14
2026-02-05,-0.00,-0.00,0.02,0.06,0.25,0.01,0.04,3855.00,1.76
2026-02-06,0.00,0.00,0.02,0.05,0.20,0.01,0.04,4095.00,1.78
2026-02-09,0.00,0.00,0.02,0.11,0.45,0.09,0.37,4370.00,1.49
2026-02-10,0.00,0.00,0.02,0.10,0.41,0.00,0.00,4605.00,1.52
2026-02-11,0.00,0.00,0.02,0.31,1.26,-0.03,-0.12,4775.00,1.01
2026-02-12,-0.00,-0.00,0.02,0.22,0.90,0.03,0.12,6730.00,6.39
2026-02-13,0.00,0.00,0.03,0.12,0.49,0.14,0.57,7445.00,2.27
2026-02-17,0.00,0.00,0.03,0.11,0.45,0.03,0.12,7750.00,0.98
2026-02-18,0.00,0.00,0.03,0.14,0.56,-0.02,-0.08,7500.00,0.16
2026-02-19,-0.00,-0.00,0.03,0.07,0.28,0.00,0.00,7650.00,0.54
2026-02-20,0.00,0.00,0.03,0.21,0.85,0.00,0.00,7820.00,0.87
2026-02-23,-0.00,-0.00,0.03,0.08,0.32,0.01,0.04,7855.00,0.41
2026-02-24,-0.00,-0.00,0.03,0.03,0.12,-0.06,-0.24,7675.00,0.08
2026-02-25,0.00,0.00,0.03,0.09,0.36,-0.04,-0.16,7345.00,0.38
2026-02-26,-0.00,-0.00,0.04,0.27,1.10,0.13,0.53,7455.00,1.29
2026-02-27,0.00,0.00,0.04,0.22,0.89,-0.04,-0.16,7465.00,0.31
2026-03-02,0.00,0.00,0.04,0.13,0.53,-0.08,-0.32,7565.00,0.37
2026-03-03,0.00,0.00,0.04,0.14,0.57,0.05,0.20,7545.00,0.53
2026-03-04,0.00,0.00,0.04,0.14,0.57,-0.04,-0.16,7725.00,0.69
2026-03-05,-0.00,-0.00,0.04,0.08,0.32,-0.04,-0.16,7205.00,0.21
2026-03-06,0.00,0.00,0.04,0.19,0.77,0.00,0.00,8235.00,3.33
2026-03-09,0.00,0.00,0.04,0.11,0.44,0.01,0.04,8310.00,1.06
2026-03-10,0.00,0.00,0.04,0.12,0.48,-0.05,-0.20,8320.00,0.81
2026-03-11,-0.01,-0.01,0.04,0.13,0.53,-0.02,-0.08,8300.00,0.80
2026-03-12,0.00,0.00,0.05,0.00,0.00,0.10,0.41,8205.00,0.35
2026-03-13,0.00,0.00,0.04,0.13,0.52,0.04,0.16,6210.00,0.50
2026-03-16,0.00,0.00,0.04,0.11,0.44,-0.05,-0.20,5495.00,0.47
2026-03-17,0.00,0.00,0.04,0.13,0.52,-0.12,-0.48,5355.00,0.90
2026-03-18,-0.00,-0.00,0.04,0.16,0.65,-0.13,-0.52,5640.00,1.22
2026-03-19,-0.00,-0.00,0.04,0.14,0.57,0.05,0.20,5575.00,0.50
2026-03-20,-0.00,-0.00,0.04,0.09,0.36,0.08,0.32,5270.00,0.13
2026-03-23,0.00,0.00,0.04,0.05,0.20,0.00,0.00,5410.00,1.11
2026-03-24,0.00,0.00,0.04,0.05,0.20,0.03,0.12,5590.00,0.75
2026-03-25,-0.00,-0.00,0.04,0.11,0.45,0.02,0.08,5815.00,1.26
2026-03-26,-0.00,-0.00,0.04,0.21,0.86,0.00,0.00,5490.00,0.56
2026-03-27,0.01,0.01,0.05,0.06,0.24,0.13,0.53,5470.00,0.35
2026-03-30,0.00,0.00,0.05,0.11,0.44,-0.03,-0.12,5585.00,0.91
2026-03-31,-0.00,-0.00,0.05,0.07,0.28,-0.05,-0.20,5495.00,0.40
2026-04-01,0.00,0.00,0.05,0.15,0.60,-0.07,-0.28,5325.00,0.36
2026-04-02,-0.00,-0.00,0.05,0.06,0.24,-0.07,-0.28,5360.00,0.41
2026-04-06,0.00,0.00,0.05,0.12,0.48,-0.01,-0.04,4270.00,1.31
2026-04-07,-0.00,-0.00,0.05,0.06,0.24,0.01,0.04,3960.00,0.66
2026-04-08,0.00,0.00,0.05,0.01,0.04,0.00,0.00,3710.00,0.46
2026-04-09,0.00,0.00,0.05,0.03,0.12,-0.03,-0.12,3430.00,0.29
2026-04-10,0.00,0.00,0.04,0.23,0.93,0.00,0.00,3400.00,0.68
2026-04-13,0.00,0.00,0.04,0.28,1.12,0.01,0.04,3415.00,1.00
2026-04-14,-0.00,-0.00,0.05,0.21,0.84,0.07,0.28,3645.00,1.98
2026-04-15,0.00,0.00,0.05,0.12,0.48,0.12,0.48,3455.00,0.29
2026-04-16,0.00,0.00,0.04,0.05,0.20,0.02,0.08,3155.00,0.29
2026-04-17,-0.00,-0.00,0.04,0.10,0.40,-0.04,-0.16,3430.00,2.42
2026-04-20,-0.00,-0.00,0.04,0.18,0.72,0.17,0.68,3700.00,1.65
2026-04-21,0.00,0.00,0.04,0.05,0.20,0.06,0.24,3525.00,0.71
2026-04-22,0.00,0.00,0.05,0.10,0.40,0.01,0.04,3500.00,1.06
2026-04-23,-0.00,-0.00,0.04,0.09,0.36,-0.07,-0.28,3320.00,1.11
2026-04-24,0.00,0.00,0.04,0.09,0.36,0.01,0.04,3360.00,1.16
2026-04-27,-0.01,-0.01,0.04,0.11,0.44,-0.08,-0.32,3515.00,1.42
2026-04-28,0.00,0.00,0.04,0.05,0.20,0.06,0.24,3610.00,1.94
2026-04-29,-0.00,-0.00,0.04,0.10,0.40,0.08,0.32,3590.00,0.50
2026-04-30,0.00,0.00,0.04,0.03,0.12,0.00,0.00,3595.00,0.56
2026-05-01,-0.00,-0.00,0.04,0.02,0.08,-0.02,-0.08,3675.00,1.03
2026-05-04,0.00,0.00,0.04,0.07,0.28,0.00,0.00,3465.00,0.40
2026-05-05,-0.00,-0.00,0.04,0.06,0.24,0.00,0.00,3400.00,0.38
2026-05-06,0.00,0.00,0.04,0.04,0.16,-0.01,-0.04,3555.00,1.35
2026-05-07,0.00,0.00,0.04,0.01,0.04,0.02,0.08,3555.00,0.28
2026-05-08,0.00,0.00,0.04,0.01,0.04,0.01,0.04,3455.00,0.09
2026-05-11,-0.00,-0.00,0.04,0.05,0.20,0.00,0.00,3400.00,0.68
2026-05-12,0.00,0.00,0.04,0.02,0.08,0.02,0.08,3125.00,0.54
2026-05-13,0.00,0.00,0.04,0.03,0.12,-0.01,-0.04,3130.00,0.35
2026-05-14,0.00,0.00,0.04,0.04,0.16,-0.04,-0.16,3105.00,0.13
2026-05-15,0.00,0.00,0.04,0.04,0.16,0.09,0.36,2830.00,0.99
2026-05-18,-0.00,-0.00,0.04,0.07,0.28,-0.02,-0.08,2825.00,2.12
2026-05-19,-0.01,-0.01,0.04,0.24,0.96,0.09,0.36,3455.00,4.37
2026-05-20,0.00,0.00,0.05,0.10,0.40,0.10,0.40,3400.00,0.76
2026-05-21,0.01,0.01,0.05,0.25,0.99,0.04,0.16,3770.00,2.94
2026-05-22,0.00,0.00,0.05,0.14,0.55,-0.06,-0.24,3725.00,0.81
2026-05-26,-0.00,-0.00,0.04,0.05,0.20,-0.07,-0.28,3900.00,2.18
2026-05-27,0.00,0.00,0.04,0.09,0.36,0.03,0.12,3750.00,1.07
2026-05-28,0.00,0.00,0.04,0.07,0.28,-0.05,-0.20,3740.00,0.43
2026-05-29,-0.00,-0.00,0.04,0.04,0.16,0.02,0.08,3810.00,0.89
2026-06-01,-0.00,-0.00,0.04,0.05,0.20,0.02,0.08,4065.00,2.19
2026-06-02,0.00,0.00,0.04,0.01,0.04,0.02,0.08,4015.00,0.10
2026-06-03,-0.00,-0.00,0.04,0.07,0.28,0.00,0.00,4185.00,1.12
2026-06-04,0.00,0.00,0.04,0.00,0.00,0.00,0.00,3945.00,0.00
2026-06-05,0.00,0.00,0.04,0.00,0.00,0.07,0.28,3910.00,0.08
2026-06-08,-0.00,-0.00,0.04,0.00,0.00,-0.02,-0.08,3935.00,0.20
2026-06-09,0.00,0.00,0.04,0.05,0.20,0.02,0.08,3885.00,0.33
2026-06-10,0.00,0.00,0.04,0.02,0.08,-0.01,-0.04,3930.00,0.66
2026-06-11,0.00,0.00,0.05,0.06,0.24,0.01,0.04,3980.00,0.53
2026-06-12,0.00,0.00,0.05,0.07,0.28,0.04,0.16,4105.00,0.71
2026-06-15,-0.01,-0.01,0.05,0.02,0.08,-0.11,-0.43,4095.00,0.63
2026-06-16,0.00,0.00,0.05,0.03,0.12,0.05,0.20,3840.00,0.23
2026-06-17,-0.00,-0.00,0.04,0.07,0.28,-0.08,-0.32,3220.00,0.84
2026-06-18,0.00,0.00,0.04,0.07,0.28,-0.07,-0.28,3280.00,1.16
2026-06-22,-0.00,-0.00,0.03,0.04,0.16,-0.03,-0.12,2755.00,0.22
2026-06-23,0.00,0.00,0.03,0.19,0.75,0.26,1.03,2730.00,0.92
