Date,RSI_7,RSI_14,RSI_Sinal
2021-11-17,,,Neutro
2021-11-18,0.00,0.00,Sobrevendido
2021-11-19,57.14,57.14,Neutro
2021-11-22,30.37,30.37,Neutro
2021-11-23,22.40,22.40,Sobrevendido
2021-11-24,19.50,19.50,Sobrevendido
2021-11-26,16.95,16.95,Sobrevendido
2021-11-29,17.65,17.65,Sobrevendido
2021-11-30,17.95,15.91,Sobrevendido
2021-12-01,5.49,18.72,Sobrevendido
2021-12-02,6.33,16.62,Sobrevendido
2021-12-03,6.14,14.21,Sobrevendido
2021-12-06,7.10,14.13,Sobrevendido
2021-12-07,23.14,19.35,Sobrevendido
2021-12-08,19.59,18.45,Sobrevendido
2021-12-09,20.47,18.97,Sobrevendido
2021-12-10,14.36,9.44,Sobrevendido
2021-12-13,15.24,10.49,Sobrevendido
2021-12-14,20.10,11.60,Sobrevendido
2021-12-15,33.54,19.44,Sobrevendido
2021-12-16,24.41,23.70,Sobrevendido
2021-12-17,65.06,44.79,Neutro
2021-12-20,67.58,46.65,Neutro
2021-12-21,74.90,48.06,Neutro
2021-12-22,73.56,48.82,Neutro
2021-12-23,79.91,57.83,Neutro
2021-12-27,63.73,51.95,Neutro
2021-12-28,66.87,52.45,Neutro
2021-12-29,38.92,54.84,Neutro
2021-12-30,45.07,58.79,Neutro
2021-12-31,30.00,57.58,Neutro
2022-01-03,30.47,57.29,Neutro
2022-01-04,19.17,51.81,Neutro
2022-01-05,22.33,46.88,Neutro
2022-01-06,4.27,44.14,Neutro
2022-01-07,3.94,20.66,Sobrevendido
2022-01-10,0.00,19.76,Sobrevendido
2022-01-11,18.93,23.60,Sobrevendido
2022-01-12,23.50,26.67,Sobrevendido
2022-01-13,32.13,24.27,Sobrevendido
2022-01-14,41.19,30.20,Neutro
2022-01-18,35.27,19.13,Sobrevendido
2022-01-19,44.77,22.20,Sobrevendido
2022-01-20,53.49,20.11,Sobrevendido
2022-01-21,16.38,17.92,Sobrevendido
2022-01-24,13.79,19.17,Sobrevendido
2022-01-25,19.86,25.77,Sobrevendido
2022-01-26,34.44,37.27,Neutro
2022-01-27,38.18,36.77,Neutro
2022-01-28,44.55,44.65,Neutro
2022-01-31,62.38,59.49,Neutro
2022-02-01,85.48,57.44,Neutro
2022-02-02,72.52,50.35,Neutro
2022-02-03,71.60,51.95,Neutro
2022-02-04,69.11,53.56,Neutro
2022-02-07,83.02,66.48,Neutro
2022-02-08,70.90,60.62,Neutro
2022-02-09,59.33,60.99,Neutro
2022-02-10,57.91,71.98,Sobrecomprado
2022-02-11,75.73,73.76,Sobrecomprado
2022-02-14,65.62,69.04,Neutro
2022-02-15,64.01,66.88,Neutro
2022-02-16,40.14,71.38,Sobrecomprado
2022-02-17,37.70,61.59,Neutro
2022-02-18,38.06,52.04,Neutro
2022-02-22,41.10,51.83,Neutro
2022-02-23,32.58,55.33,Neutro
2022-02-24,46.83,57.64,Neutro
2022-02-25,49.37,57.45,Neutro
2022-02-28,52.26,47.27,Neutro
2022-03-01,74.05,55.96,Neutro
2022-03-02,77.42,58.68,Neutro
2022-03-03,58.05,49.85,Neutro
2022-03-04,67.11,47.43,Neutro
2022-03-07,61.92,52.98,Neutro
2022-03-08,60.40,53.63,Neutro
2022-03-09,71.22,60.78,Neutro
2022-03-10,78.71,76.82,Sobrecomprado
2022-03-11,70.00,73.08,Sobrecomprado
2022-03-14,55.08,56.16,Neutro
2022-03-15,47.66,53.48,Neutro
2022-03-16,51.06,53.85,Neutro
2022-03-17,46.32,49.95,Neutro
2022-03-18,26.91,41.43,Neutro
2022-03-21,9.47,40.25,Neutro
2022-03-22,25.54,44.49,Neutro
2022-03-23,40.38,48.66,Neutro
2022-03-24,46.70,47.31,Neutro
2022-03-25,46.96,49.61,Neutro
2022-03-28,43.27,45.16,Neutro
2022-03-29,74.80,46.58,Neutro
2022-03-30,77.69,41.39,Neutro
2022-03-31,67.69,42.24,Neutro
2022-04-01,66.67,52.60,Neutro
2022-04-04,75.27,60.16,Neutro
2022-04-05,61.30,53.59,Neutro
2022-04-06,55.36,48.93,Neutro
2022-04-07,17.21,55.71,Neutro
2022-04-08,5.22,53.95,Neutro
2022-04-11,4.53,42.19,Neutro
2022-04-12,0.00,38.76,Neutro
2022-04-13,9.90,45.05,Neutro
2022-04-14,8.93,35.38,Neutro
2022-04-18,8.33,32.46,Neutro
2022-04-19,9.51,12.69,Sobrevendido
2022-04-20,10.25,8.06,Sobrevendido
2022-04-21,10.48,7.64,Sobrevendido
2022-04-22,14.19,7.18,Sobrevendido
2022-04-25,21.21,15.71,Sobrevendido
2022-04-26,19.18,14.19,Sobrevendido
2022-04-27,27.13,16.03,Sobrevendido
2022-04-28,25.09,16.34,Sobrevendido
2022-04-29,17.99,14.43,Sobrevendido
2022-05-02,27.68,19.58,Sobrevendido
2022-05-03,35.19,26.07,Sobrevendido
2022-05-04,36.00,29.32,Sobrevendido
2022-05-05,45.57,31.42,Neutro
2022-05-06,42.48,35.85,Neutro
2022-05-09,34.20,30.64,Neutro
2022-05-10,37.02,27.64,Sobrevendido
2022-05-11,26.03,26.77,Sobrevendido
2022-05-12,15.14,24.91,Sobrevendido
2022-05-13,23.92,29.51,Sobrevendido
2022-05-16,15.57,24.78,Sobrevendido
2022-05-17,27.20,31.82,Neutro
2022-05-18,29.67,31.34,Neutro
2022-05-19,43.72,41.42,Neutro
2022-05-20,45.54,38.15,Neutro
2022-05-23,44.19,33.74,Neutro
2022-05-24,31.03,28.19,Sobrevendido
2022-05-25,54.77,30.53,Neutro
2022-05-26,47.07,33.65,Neutro
2022-05-27,52.42,37.14,Neutro
2022-05-31,34.25,41.32,Neutro
2022-06-01,38.50,43.86,Neutro
2022-06-02,55.56,46.59,Neutro
2022-06-03,58.82,36.92,Neutro
2022-06-06,55.49,54.98,Neutro
2022-06-07,36.02,43.76,Neutro
2022-06-08,36.42,47.37,Neutro
2022-06-09,22.46,29.25,Sobrevendido
2022-06-10,24.00,32.17,Neutro
2022-06-13,8.33,30.28,Neutro
2022-06-14,9.95,34.13,Neutro
2022-06-15,4.97,29.66,Sobrevendido
2022-06-16,5.59,20.81,Sobrevendido
2022-06-17,0.62,18.58,Sobrevendido
2022-06-21,0.72,13.19,Sobrevendido
2022-06-22,0.63,12.91,Sobrevendido
2022-06-23,1.01,6.12,Sobrevendido
2022-06-24,1.19,7.27,Sobrevendido
2022-06-27,30.83,15.28,Sobrevendido
2022-06-28,25.34,14.98,Sobrevendido
2022-06-29,31.76,15.53,Sobrevendido
2022-06-30,43.36,22.34,Sobrevendido
2022-07-01,62.14,29.53,Sobrevendido
2022-07-05,60.42,36.21,Neutro
2022-07-06,58.39,37.77,Neutro
2022-07-07,57.53,45.49,Neutro
2022-07-08,77.27,50.00,Neutro
2022-07-11,59.35,45.87,Neutro
2022-07-12,46.39,44.98,Neutro
2022-07-13,37.76,49.82,Neutro
2022-07-14,40.30,50.72,Neutro
2022-07-15,48.18,53.50,Neutro
2022-07-18,28.57,44.96,Neutro
2022-07-19,37.01,57.53,Neutro
2022-07-20,67.81,63.46,Neutro
2022-07-21,83.97,62.96,Neutro
2022-07-22,65.85,52.77,Neutro
2022-07-25,62.79,52.94,Neutro
2022-07-26,58.18,53.64,Neutro
2022-07-27,70.00,55.13,Neutro
2022-07-28,64.29,52.54,Neutro
2022-07-29,48.28,59.16,Neutro
2022-08-01,46.43,66.67,Neutro
2022-08-02,65.00,65.57,Neutro
2022-08-03,94.24,76.85,Sobrecomprado
2022-08-04,76.61,67.56,Neutro
2022-08-05,74.68,72.07,Sobrecomprado
2022-08-08,82.30,74.62,Sobrecomprado
2022-08-09,79.49,69.14,Neutro
2022-08-10,82.42,71.95,Sobrecomprado
2022-08-11,85.53,81.33,Sobrecomprado
2022-08-12,72.20,79.90,Sobrecomprado
2022-08-15,80.95,79.10,Sobrecomprado
2022-08-16,75.73,75.27,Sobrecomprado
2022-08-17,47.03,66.42,Neutro
2022-08-18,58.72,69.47,Neutro
2022-08-19,34.17,59.84,Neutro
2022-08-22,22.93,60.66,Neutro
2022-08-23,32.47,55.19,Neutro
2022-08-24,31.03,57.60,Neutro
2022-08-25,30.58,53.16,Neutro
2022-08-26,36.00,41.67,Neutro
2022-08-29,14.38,40.43,Neutro
2022-08-30,32.98,33.83,Neutro
2022-08-31,16.13,20.00,Sobrevendido
2022-09-01,6.25,21.30,Sobrevendido
2022-09-02,12.03,23.51,Sobrevendido
2022-09-06,13.60,24.17,Sobrevendido
2022-09-07,29.46,33.22,Neutro
2022-09-08,30.89,21.74,Sobrevendido
2022-09-09,46.20,41.27,Neutro
2022-09-12,81.44,41.27,Neutro
2022-09-13,59.40,31.77,Neutro
2022-09-14,63.51,39.15,Neutro
2022-09-15,63.51,40.66,Neutro
2022-09-16,70.65,53.67,Neutro
2022-09-19,53.28,45.78,Neutro
2022-09-20,37.89,41.30,Neutro
2022-09-21,35.24,49.07,Neutro
2022-09-22,44.21,50.46,Neutro
2022-09-23,30.24,44.19,Neutro
2022-09-26,27.60,42.01,Neutro
2022-09-27,12.09,41.53,Neutro
2022-09-28,26.27,44.48,Neutro
2022-09-29,34.78,36.99,Neutro
2022-09-30,55.37,42.24,Neutro
2022-10-03,50.40,46.67,Neutro
2022-10-04,79.17,48.31,Neutro
2022-10-05,93.04,50.00,Neutro
2022-10-06,83.96,38.54,Neutro
2022-10-07,48.19,39.08,Neutro
2022-10-10,44.13,40.96,Neutro
2022-10-11,27.50,39.50,Neutro
2022-10-12,33.74,40.97,Neutro
2022-10-13,25.00,49.62,Neutro
2022-10-14,15.29,48.16,Neutro
2022-10-17,25.30,48.16,Neutro
2022-10-18,37.84,44.04,Neutro
2022-10-19,37.50,41.58,Neutro
2022-10-20,36.21,31.16,Neutro
2022-10-21,27.68,31.27,Neutro
2022-10-24,16.36,21.26,Sobrevendido
2022-10-25,49.62,31.03,Neutro
2022-10-26,51.09,36.96,Neutro
2022-10-27,47.95,43.58,Neutro
2022-10-28,56.43,48.02,Neutro
2022-10-31,61.24,49.39,Neutro
2022-11-01,65.04,47.23,Neutro
2022-11-02,49.08,35.90,Neutro
2022-11-03,21.92,35.13,Neutro
2022-11-04,21.92,36.04,Neutro
2022-11-07,26.02,37.92,Neutro
2022-11-08,15.97,35.92,Neutro
2022-11-09,13.69,34.34,Neutro
2022-11-10,23.68,39.94,Neutro
2022-11-11,52.28,50.83,Neutro
2022-11-14,48.82,37.82,Neutro
2022-11-15,40.50,32.66,Neutro
2022-11-16,36.65,32.85,Neutro
2022-11-17,37.33,28.81,Sobrevendido
2022-11-18,42.86,29.13,Sobrevendido
2022-11-21,29.00,26.41,Sobrevendido
2022-11-22,0.00,30.21,Neutro
2022-11-23,13.16,36.31,Neutro
2022-11-25,14.29,31.48,Neutro
2022-11-28,15.46,30.19,Neutro
2022-11-29,19.48,32.65,Neutro
2022-11-30,22.97,37.26,Neutro
2022-12-01,52.08,33.47,Neutro
2022-12-02,57.14,14.51,Sobrevendido
2022-12-05,40.00,19.46,Sobrevendido
2022-12-06,32.56,19.59,Sobrevendido
2022-12-07,35.00,21.17,Sobrevendido
2022-12-08,36.84,25.22,Sobrevendido
2022-12-09,38.46,28.32,Sobrevendido
2022-12-12,25.00,41.25,Neutro
2022-12-13,14.29,39.29,Neutro
2022-12-14,21.05,30.14,Neutro
2022-12-15,22.86,28.21,Sobrevendido
2022-12-16,45.16,39.44,Neutro
2022-12-19,43.75,40.00,Neutro
2022-12-20,50.00,44.00,Neutro
2022-12-21,41.46,34.25,Neutro
2022-12-22,30.36,24.18,Sobrevendido
2022-12-23,32.76,28.12,Sobrevendido
2022-12-27,35.85,30.68,Neutro
2022-12-28,22.41,30.34,Neutro
2022-12-29,29.82,34.83,Neutro
2022-12-30,38.46,42.57,Neutro
2023-01-03,38.46,39.62,Neutro
2023-01-04,64.15,46.79,Neutro
2023-01-05,62.75,46.79,Neutro
2023-01-06,60.38,48.11,Neutro
2023-01-09,78.26,47.12,Neutro
2023-01-10,86.30,61.54,Neutro
2023-01-11,70.59,54.89,Neutro
2023-01-12,81.58,61.70,Neutro
2023-01-13,83.13,75.74,Sobrecomprado
2023-01-17,84.62,76.76,Sobrecomprado
2023-01-18,85.56,76.22,Sobrecomprado
2023-01-19,80.22,79.56,Sobrecomprado
2023-01-20,74.65,80.56,Sobrecomprado
2023-01-23,90.00,81.08,Sobrecomprado
2023-01-24,88.24,84.72,Sobrecomprado
2023-01-25,80.00,81.88,Sobrecomprado
2023-01-26,75.56,81.62,Sobrecomprado
2023-01-27,66.67,78.72,Sobrecomprado
2023-01-30,73.91,78.10,Sobrecomprado
2023-01-31,70.00,72.97,Sobrecomprado
2023-02-01,42.86,80.20,Sobrecomprado
2023-02-02,75.00,82.76,Sobrecomprado
2023-02-03,56.25,67.23,Neutro
2023-02-06,52.31,61.82,Neutro
2023-02-07,53.97,59.65,Neutro
2023-02-08,49.28,59.13,Neutro
2023-02-09,33.72,45.24,Neutro
2023-02-10,30.21,32.48,Neutro
2023-02-13,35.58,48.03,Neutro
2023-02-14,62.50,60.42,Neutro
2023-02-15,84.85,79.01,Sobrecomprado
2023-02-16,83.17,78.14,Sobrecomprado
2023-02-17,74.78,70.44,Sobrecomprado
2023-02-21,70.19,63.15,Neutro
2023-02-22,70.99,62.31,Neutro
2023-02-23,62.87,56.50,Neutro
2023-02-24,54.09,56.50,Neutro
2023-02-27,0.00,55.88,Neutro
2023-02-28,2.08,57.05,Neutro
2023-03-01,2.80,57.43,Neutro
2023-03-02,3.45,57.17,Neutro
2023-03-03,16.13,59.60,Neutro
2023-03-06,23.94,56.17,Neutro
2023-03-07,44.44,52.49,Neutro
2023-03-08,36.84,12.17,Sobrevendido
2023-03-09,28.41,12.07,Sobrevendido
2023-03-10,41.75,21.90,Sobrevendido
2023-03-13,58.14,30.64,Neutro
2023-03-14,53.85,33.33,Neutro
2023-03-15,55.00,40.40,Neutro
2023-03-16,62.11,55.06,Neutro
2023-03-17,79.73,58.00,Neutro
2023-03-20,100.00,58.28,Neutro
2023-03-21,100.00,66.29,Neutro
2023-03-22,64.15,61.46,Neutro
2023-03-23,70.31,64.08,Neutro
2023-03-24,56.95,56.28,Neutro
2023-03-27,41.10,49.38,Neutro
2023-03-28,43.05,55.11,Neutro
2023-03-29,49.41,63.09,Neutro
2023-03-30,38.03,59.45,Neutro
2023-03-31,55.36,59.63,Neutro
2023-04-03,38.30,56.76,Neutro
2023-04-04,48.65,54.22,Neutro
2023-04-05,55.38,45.50,Neutro
2023-04-06,63.75,50.22,Neutro
2023-04-10,68.82,56.27,Neutro
2023-04-11,81.51,60.07,Neutro
2023-04-12,68.10,62.91,Neutro
2023-04-13,79.05,66.45,Neutro
2023-04-14,84.26,75.73,Sobrecomprado
2023-04-17,81.48,75.97,Sobrecomprado
2023-04-18,82.28,77.84,Sobrecomprado
2023-04-19,68.92,68.90,Neutro
2023-04-20,51.75,63.37,Neutro
2023-04-21,57.84,62.40,Neutro
2023-04-24,46.58,64.96,Neutro
2023-04-25,30.71,64.27,Neutro
2023-04-26,46.90,68.56,Neutro
2023-04-27,32.46,66.85,Neutro
2023-04-28,35.58,59.15,Neutro
2023-05-01,35.24,46.55,Neutro
2023-05-02,47.24,53.78,Neutro
2023-05-03,34.04,40.73,Neutro
2023-05-04,35.04,32.85,Neutro
2023-05-05,30.47,39.19,Neutro
2023-05-08,22.54,26.48,Sobrevendido
2023-05-09,45.05,41.83,Neutro
2023-05-10,56.42,48.59,Neutro
2023-05-11,39.39,42.46,Neutro
2023-05-12,51.30,44.01,Neutro
2023-05-15,59.15,49.71,Neutro
2023-05-16,54.73,45.29,Neutro
2023-05-17,71.95,46.59,Neutro
2023-05-18,55.46,48.91,Neutro
2023-05-19,52.25,54.83,Neutro
2023-05-22,85.90,52.54,Neutro
2023-05-23,54.12,52.16,Neutro
2023-05-24,30.65,52.73,Neutro
2023-05-25,23.46,45.74,Neutro
2023-05-26,14.67,53.97,Neutro
2023-05-30,36.67,47.37,Neutro
2023-05-31,31.00,42.18,Neutro
2023-06-01,25.00,52.94,Neutro
2023-06-02,31.94,43.95,Neutro
2023-06-05,22.55,25.61,Sobrevendido
2023-06-06,46.67,36.56,Neutro
2023-06-07,46.67,33.33,Neutro
2023-06-08,44.00,40.53,Neutro
2023-06-09,53.68,42.05,Neutro
2023-06-12,57.69,42.35,Neutro
2023-06-13,53.57,45.11,Neutro
2023-06-14,68.18,43.68,Neutro
2023-06-15,42.50,44.86,Neutro
2023-06-16,51.11,48.72,Neutro
2023-06-20,69.66,59.18,Neutro
2023-06-21,65.28,60.67,Neutro
2023-06-22,72.68,67.25,Neutro
2023-06-23,80.00,69.50,Neutro
2023-06-26,68.00,68.06,Neutro
2023-06-27,78.10,68.28,Neutro
2023-06-28,73.08,66.44,Neutro
2023-06-29,67.82,68.65,Neutro
2023-06-30,66.29,65.84,Neutro
2023-07-03,73.80,73.30,Sobrecomprado
2023-07-05,75.61,77.40,Sobrecomprado
2023-07-06,91.27,80.42,Sobrecomprado
2023-07-07,92.28,85.93,Sobrecomprado
2023-07-10,96.52,86.67,Sobrecomprado
2023-07-11,85.66,78.81,Sobrecomprado
2023-07-12,89.66,80.77,Sobrecomprado
2023-07-13,88.85,81.93,Sobrecomprado
2023-07-14,70.65,72.84,Sobrecomprado
2023-07-17,65.77,76.85,Sobrecomprado
2023-07-18,50.92,71.13,Sobrecomprado
2023-07-19,57.23,76.09,Sobrecomprado
2023-07-20,49.86,65.57,Neutro
2023-07-21,47.04,66.72,Neutro
2023-07-24,30.08,59.63,Neutro
2023-07-25,37.21,56.95,Neutro
2023-07-26,43.89,56.45,Neutro
2023-07-27,40.42,45.99,Neutro
2023-07-28,23.94,44.69,Neutro
2023-07-31,46.83,49.07,Neutro
2023-08-01,34.34,42.86,Neutro
2023-08-02,32.76,31.14,Neutro
2023-08-03,28.50,33.01,Neutro
2023-08-04,20.00,32.54,Neutro
2023-08-07,23.81,33.58,Neutro
2023-08-08,30.05,26.95,Sobrevendido
2023-08-09,20.71,30.86,Neutro
2023-08-10,26.28,30.43,Neutro
2023-08-11,36.31,34.44,Neutro
2023-08-14,33.14,30.65,Neutro
2023-08-15,34.76,26.65,Sobrevendido
2023-08-16,34.55,29.13,Sobrevendido
2023-08-17,10.96,21.58,Sobrevendido
2023-08-18,11.35,16.81,Sobrevendido
2023-08-21,10.26,18.27,Sobrevendido
2023-08-22,0.00,18.69,Sobrevendido
2023-08-23,22.40,28.62,Sobrevendido
2023-08-24,21.21,28.72,Sobrevendido
2023-08-25,22.40,29.31,Sobrevendido
2023-08-28,35.34,21.76,Sobrevendido
2023-08-29,72.43,46.01,Neutro
2023-08-30,79.78,47.31,Neutro
2023-08-31,65.74,39.01,Neutro
2023-09-01,52.05,41.28,Neutro
2023-09-05,52.53,40.69,Neutro
2023-09-06,57.28,44.38,Neutro
2023-09-07,54.23,47.32,Neutro
2023-09-08,27.56,54.17,Neutro
2023-09-11,16.07,48.84,Neutro
2023-09-12,34.03,53.06,Neutro
2023-09-13,44.83,49.55,Neutro
2023-09-14,68.75,59.42,Neutro
2023-09-15,50.00,53.72,Neutro
2023-09-18,56.09,55.22,Neutro
2023-09-19,47.41,40.39,Neutro
2023-09-20,50.69,35.58,Neutro
2023-09-21,38.26,36.63,Neutro
2023-09-22,36.96,39.60,Neutro
2023-09-25,15.25,40.65,Neutro
2023-09-26,18.37,36.75,Neutro
2023-09-27,4.00,37.75,Neutro
2023-09-28,17.50,37.22,Neutro
2023-09-29,22.83,42.39,Neutro
2023-10-02,30.88,36.58,Neutro
2023-10-03,21.00,32.12,Neutro
2023-10-04,27.45,19.71,Sobrevendido
2023-10-05,28.87,22.54,Sobrevendido
2023-10-06,43.90,23.79,Sobrevendido
2023-10-09,30.40,24.08,Sobrevendido
2023-10-10,31.67,27.83,Sobrevendido
2023-10-11,33.33,32.42,Neutro
2023-10-12,41.76,30.89,Neutro
2023-10-13,34.44,30.73,Neutro
2023-10-16,58.00,43.65,Neutro
2023-10-17,52.27,47.39,Neutro
2023-10-18,45.10,37.00,Neutro
2023-10-19,42.20,36.68,Neutro
2023-10-20,46.30,39.64,Neutro
2023-10-23,54.90,48.70,Neutro
2023-10-24,68.25,54.17,Neutro
2023-10-25,52.68,55.19,Neutro
2023-10-26,32.26,40.57,Neutro
2023-10-27,50.94,48.08,Neutro
2023-10-30,46.15,44.25,Neutro
2023-10-31,47.50,46.93,Neutro
2023-11-01,43.22,48.64,Neutro
2023-11-02,49.24,58.53,Neutro
2023-11-03,55.00,53.88,Neutro
2023-11-06,63.46,46.49,Neutro
2023-11-07,57.14,53.81,Neutro
2023-11-08,53.61,49.53,Neutro
2023-11-09,44.55,46.15,Neutro
2023-11-10,45.92,44.44,Neutro
2023-11-13,7.02,36.51,Neutro
2023-11-14,4.69,37.50,Neutro
2023-11-15,33.33,51.45,Neutro
2023-11-16,24.47,40.54,Neutro
2023-11-17,32.39,44.64,Neutro
2023-11-20,47.89,45.93,Neutro
2023-11-21,44.16,45.14,Neutro
2023-11-22,58.25,40.00,Neutro
2023-11-24,73.68,51.27,Neutro
2023-11-27,74.82,61.06,Neutro
2023-11-28,94.71,69.70,Neutro
2023-11-29,96.74,80.77,Sobrecomprado
2023-11-30,96.71,84.51,Sobrecomprado
2023-12-01,100.00,87.61,Sobrecomprado
2023-12-04,92.69,82.92,Sobrecomprado
2023-12-05,92.08,85.52,Sobrecomprado
2023-12-06,84.78,81.03,Sobrecomprado
2023-12-07,83.64,88.54,Sobrecomprado
2023-12-08,79.17,89.03,Sobrecomprado
2023-12-11,51.67,72.85,Sobrecomprado
2023-12-12,38.95,74.78,Sobrecomprado
2023-12-13,58.72,76.57,Sobrecomprado
2023-12-14,56.89,75.05,Sobrecomprado
2023-12-15,63.68,74.39,Sobrecomprado
2023-12-18,55.19,70.53,Sobrecomprado
2023-12-19,47.62,61.64,Neutro
2023-12-20,67.57,57.73,Neutro
2023-12-21,86.25,69.57,Neutro
2023-12-22,86.44,75.38,Sobrecomprado
2023-12-26,87.63,76.35,Sobrecomprado
2023-12-27,89.36,80.86,Sobrecomprado
2023-12-28,73.01,68.57,Neutro
2023-12-29,60.78,57.62,Neutro
2024-01-02,59.35,60.82,Neutro
2024-01-03,38.37,58.28,Neutro
2024-01-04,31.52,55.97,Neutro
2024-01-05,21.37,51.90,Neutro
2024-01-08,10.75,52.41,Neutro
2024-01-09,12.95,50.45,Neutro
2024-01-10,34.78,54.09,Neutro
2024-01-11,33.90,52.79,Neutro
2024-01-12,26.76,33.97,Neutro
2024-01-16,19.17,26.39,Sobrevendido
2024-01-17,22.39,21.75,Sobrevendido
2024-01-18,13.07,11.71,Sobrevendido
2024-01-19,14.80,13.75,Sobrevendido
2024-01-22,0.00,17.98,Sobrevendido
2024-01-23,0.00,18.82,Sobrevendido
2024-01-24,0.00,19.32,Sobrevendido
2024-01-25,6.90,16.50,Sobrevendido
2024-01-26,27.55,23.77,Sobrevendido
2024-01-29,59.26,23.35,Sobrevendido
2024-01-30,50.53,24.64,Sobrevendido
2024-01-31,35.82,13.75,Sobrevendido
2024-02-01,35.29,14.77,Sobrevendido
2024-02-02,41.60,21.67,Sobrevendido
2024-02-05,34.59,23.64,Sobrevendido
2024-02-06,33.59,31.00,Neutro
2024-02-07,36.96,45.21,Neutro
2024-02-08,67.42,62.34,Neutro
2024-02-09,88.26,70.60,Sobrecomprado
2024-02-12,95.95,78.84,Sobrecomprado
2024-02-13,95.63,81.20,Sobrecomprado
2024-02-14,99.79,85.33,Sobrecomprado
2024-02-15,88.69,77.32,Sobrecomprado
2024-02-16,73.64,66.48,Neutro
2024-02-20,68.55,68.19,Neutro
2024-02-21,58.41,70.00,Neutro
2024-02-22,45.28,71.69,Sobrecomprado
2024-02-23,39.78,66.95,Neutro
2024-02-26,26.60,71.34,Sobrecomprado
2024-02-27,30.98,69.30,Neutro
2024-02-28,33.76,62.02,Neutro
2024-02-29,30.04,55.56,Neutro
2024-03-01,35.81,50.39,Neutro
2024-03-04,31.91,39.30,Neutro
2024-03-05,30.04,35.59,Neutro
2024-03-06,17.32,22.54,Sobrevendido
2024-03-07,18.10,25.00,Sobrevendido
2024-03-08,26.67,30.99,Neutro
2024-03-11,24.69,27.90,Sobrevendido
2024-03-12,18.45,28.46,Sobrevendido
2024-03-13,21.83,28.32,Sobrevendido
2024-03-14,26.96,29.12,Sobrevendido
2024-03-15,4.55,13.79,Sobrevendido
2024-03-18,5.88,14.71,Sobrevendido
2024-03-19,5.21,18.29,Sobrevendido
2024-03-20,65.78,46.70,Neutro
2024-03-21,70.69,45.03,Neutro
2024-03-22,53.25,41.29,Neutro
2024-03-25,70.40,56.71,Neutro
2024-03-26,71.21,54.20,Neutro
2024-03-27,63.19,50.13,Neutro
2024-03-28,66.31,50.67,Neutro
2024-04-01,64.93,65.27,Neutro
2024-04-02,53.70,59.64,Neutro
2024-04-03,58.59,56.25,Neutro
2024-04-04,53.41,61.67,Neutro
2024-04-05,48.33,59.51,Neutro
2024-04-08,50.78,57.35,Neutro
2024-04-09,43.34,54.55,Neutro
2024-04-10,10.15,41.72,Neutro
2024-04-11,18.49,42.77,Neutro
2024-04-12,18.62,45.48,Neutro
2024-04-15,4.46,35.15,Neutro
2024-04-16,6.29,33.74,Neutro
2024-04-17,17.27,38.99,Neutro
2024-04-18,35.90,41.22,Neutro
2024-04-19,51.88,26.97,Sobrevendido
2024-04-22,64.84,44.21,Neutro
2024-04-23,79.62,50.33,Neutro
2024-04-24,79.11,41.90,Neutro
2024-04-25,75.00,43.00,Neutro
2024-04-26,68.35,44.44,Neutro
2024-04-29,50.28,44.59,Neutro
2024-04-30,33.69,41.25,Neutro
2024-05-01,5.30,39.81,Neutro
2024-05-02,16.11,48.69,Neutro
2024-05-03,30.30,56.90,Neutro
2024-05-06,53.59,63.77,Neutro
2024-05-07,49.74,58.07,Neutro
2024-05-08,63.58,56.60,Neutro
2024-05-09,79.84,52.53,Neutro
2024-05-10,64.38,37.67,Neutro
2024-05-13,59.86,37.46,Neutro
2024-05-14,55.47,42.69,Neutro
2024-05-15,45.19,50.53,Neutro
2024-05-16,76.39,61.06,Neutro
2024-05-17,78.34,70.85,Sobrecomprado
2024-05-20,83.07,81.76,Sobrecomprado
2024-05-21,100.00,86.46,Sobrecomprado
2024-05-22,100.00,86.84,Sobrecomprado
2024-05-23,80.73,74.07,Sobrecomprado
2024-05-24,82.79,75.05,Sobrecomprado
2024-05-28,79.94,78.89,Sobrecomprado
2024-05-29,75.29,76.26,Sobrecomprado
2024-05-30,65.49,71.78,Sobrecomprado
2024-05-31,57.14,78.09,Sobrecomprado
2024-06-03,54.65,78.69,Sobrecomprado
2024-06-04,82.73,81.60,Sobrecomprado
2024-06-05,78.08,81.13,Sobrecomprado
2024-06-06,85.63,82.74,Sobrecomprado
2024-06-07,90.43,82.92,Sobrecomprado
2024-06-10,93.41,79.35,Sobrecomprado
2024-06-11,95.60,82.02,Sobrecomprado
2024-06-12,96.33,83.78,Sobrecomprado
2024-06-13,95.81,91.28,Sobrecomprado
2024-06-14,87.41,84.77,Sobrecomprado
2024-06-17,87.46,86.77,Sobrecomprado
2024-06-18,79.38,83.50,Sobrecomprado
2024-06-20,81.77,86.10,Sobrecomprado
2024-06-21,60.99,79.74,Sobrecomprado
2024-06-24,37.50,73.94,Sobrecomprado
2024-06-25,40.87,72.43,Sobrecomprado
2024-06-26,38.50,66.56,Neutro
2024-06-27,10.65,58.48,Neutro
2024-06-28,10.65,54.13,Neutro
2024-07-01,36.27,61.20,Neutro
2024-07-02,59.55,60.16,Neutro
2024-07-03,66.54,54.50,Neutro
2024-07-05,68.48,57.07,Neutro
2024-07-08,72.69,57.56,Neutro
2024-07-09,57.89,41.78,Neutro
2024-07-10,63.18,44.47,Neutro
2024-07-11,39.04,37.88,Neutro
2024-07-12,32.13,45.83,Neutro
2024-07-15,30.66,47.17,Neutro
2024-07-16,26.69,47.12,Neutro
2024-07-17,23.88,45.67,Neutro
2024-07-18,27.16,43.61,Neutro
2024-07-19,37.99,50.04,Neutro
2024-07-22,53.63,45.56,Neutro
2024-07-23,35.27,33.55,Neutro
2024-07-24,32.76,31.62,Neutro
2024-07-25,24.06,25.40,Sobrevendido
2024-07-26,31.47,27.05,Sobrevendido
2024-07-29,43.27,33.62,Neutro
2024-07-30,18.63,31.89,Neutro
2024-07-31,28.24,43.51,Neutro
2024-08-01,27.53,31.98,Neutro
2024-08-02,27.68,30.70,Neutro
2024-08-05,32.56,27.03,Sobrevendido
2024-08-06,25.89,29.12,Sobrevendido
2024-08-07,15.90,28.66,Sobrevendido
2024-08-08,31.61,26.58,Sobrevendido
2024-08-09,19.81,23.61,Sobrevendido
2024-08-12,25.78,26.66,Sobrevendido
2024-08-13,29.45,28.51,Sobrevendido
2024-08-14,30.85,31.71,Neutro
2024-08-15,41.70,32.95,Neutro
2024-08-16,79.51,36.31,Neutro
2024-08-19,69.12,39.84,Neutro
2024-08-20,74.22,32.43,Neutro
2024-08-21,81.25,44.23,Neutro
2024-08-22,67.77,45.00,Neutro
2024-08-23,77.08,52.19,Neutro
2024-08-26,61.79,51.91,Neutro
2024-08-27,47.86,61.90,Neutro
2024-08-28,37.76,47.87,Neutro
2024-08-29,54.94,59.66,Neutro
2024-08-30,40.40,52.86,Neutro
2024-09-03,36.49,46.56,Neutro
2024-09-04,26.83,46.00,Neutro
2024-09-05,31.42,44.58,Neutro
2024-09-06,30.91,37.84,Neutro
2024-09-09,46.35,42.75,Neutro
2024-09-10,34.86,45.84,Neutro
2024-09-11,42.86,41.38,Neutro
2024-09-12,63.69,44.30,Neutro
2024-09-13,73.60,40.99,Neutro
2024-09-16,75.26,46.40,Neutro
2024-09-17,92.51,51.52,Neutro
2024-09-18,69.80,52.75,Neutro
2024-09-19,61.21,41.76,Neutro
2024-09-20,49.31,45.12,Neutro
2024-09-23,65.70,64.67,Neutro
2024-09-24,77.31,75.80,Sobrecomprado
2024-09-25,68.66,71.40,Sobrecomprado
2024-09-26,69.78,78.92,Sobrecomprado
2024-09-27,70.55,70.28,Sobrecomprado
2024-09-30,60.52,60.71,Neutro
2024-10-01,53.13,52.02,Neutro
2024-10-02,47.95,54.19,Neutro
2024-10-03,23.61,52.94,Neutro
2024-10-04,49.09,58.75,Neutro
2024-10-07,35.45,52.93,Neutro
2024-10-08,35.19,53.03,Neutro
2024-10-09,33.57,47.64,Neutro
2024-10-10,41.30,48.45,Neutro
2024-10-11,48.86,48.36,Neutro
2024-10-14,60.18,45.95,Neutro
2024-10-15,50.91,50.00,Neutro
2024-10-16,66.45,51.92,Neutro
2024-10-17,64.33,50.86,Neutro
2024-10-18,81.53,58.79,Neutro
2024-10-21,87.06,67.53,Neutro
2024-10-22,75.50,63.07,Neutro
2024-10-23,52.65,56.75,Neutro
2024-10-24,57.99,54.71,Neutro
2024-10-25,48.06,58.01,Neutro
2024-10-28,75.46,70.44,Sobrecomprado
2024-10-29,64.56,72.42,Sobrecomprado
2024-10-30,59.36,71.89,Sobrecomprado
2024-10-31,48.26,59.06,Neutro
2024-11-01,54.55,53.77,Neutro
2024-11-04,40.99,48.48,Neutro
2024-11-05,46.53,47.09,Neutro
2024-11-06,51.42,61.94,Neutro
2024-11-07,56.96,60.26,Neutro
2024-11-08,57.08,58.09,Neutro
2024-11-11,84.31,67.54,Neutro
2024-11-12,80.07,69.29,Neutro
2024-11-13,68.09,57.74,Neutro
2024-11-14,60.42,54.85,Neutro
2024-11-15,46.23,48.83,Neutro
2024-11-18,40.70,48.48,Neutro
2024-11-19,44.31,50.46,Neutro
2024-11-20,13.70,55.48,Neutro
2024-11-21,13.59,53.62,Neutro
2024-11-22,48.45,61.62,Neutro
2024-11-25,51.32,57.57,Neutro
2024-11-26,34.37,41.25,Neutro
2024-11-27,68.01,55.35,Neutro
2024-11-29,72.40,60.48,Neutro
2024-12-02,66.80,49.42,Neutro
2024-12-03,71.60,52.39,Neutro
2024-12-04,72.63,65.51,Neutro
2024-12-05,75.07,68.19,Neutro
2024-12-06,87.13,70.70,Sobrecomprado
2024-12-09,67.91,67.96,Neutro
2024-12-10,48.74,61.48,Neutro
2024-12-11,59.36,63.72,Neutro
2024-12-12,54.84,64.73,Neutro
2024-12-13,35.99,59.83,Neutro
2024-12-16,47.51,64.25,Neutro
2024-12-17,27.93,67.96,Neutro
2024-12-18,23.44,48.70,Neutro
2024-12-19,25.93,39.48,Neutro
2024-12-20,28.57,45.73,Neutro
2024-12-23,26.20,41.38,Neutro
2024-12-24,36.51,36.27,Neutro
2024-12-26,21.38,34.91,Neutro
2024-12-27,19.43,23.10,Sobrevendido
2024-12-30,23.36,23.40,Sobrevendido
2024-12-31,27.35,26.59,Sobrevendido
2025-01-02,32.00,30.19,Neutro
2025-01-03,51.11,37.92,Neutro
2025-01-06,49.49,42.35,Neutro
2025-01-07,50.52,34.85,Neutro
2025-01-08,47.56,32.19,Neutro
2025-01-10,63.87,42.88,Neutro
2025-01-13,57.55,43.87,Neutro
2025-01-14,56.20,44.66,Neutro
2025-01-15,52.76,51.90,Neutro
2025-01-16,45.40,47.57,Neutro
2025-01-17,58.40,54.34,Neutro
2025-01-21,53.81,50.62,Neutro
2025-01-22,57.67,60.59,Neutro
2025-01-23,70.78,64.27,Neutro
2025-01-24,73.93,65.85,Neutro
2025-01-27,40.34,44.50,Neutro
2025-01-28,40.83,42.28,Neutro
2025-01-29,35.70,43.43,Neutro
2025-01-30,45.87,48.96,Neutro
2025-01-31,36.67,45.98,Neutro
2025-02-03,34.73,51.14,Neutro
2025-02-04,18.57,48.41,Neutro
2025-02-05,86.03,47.31,Neutro
2025-02-06,90.37,50.75,Neutro
2025-02-07,96.98,52.48,Neutro
2025-02-10,97.06,61.53,Neutro
2025-02-11,85.71,54.48,Neutro
2025-02-12,86.29,54.32,Neutro
2025-02-13,86.59,48.40,Neutro
2025-02-14,82.77,83.80,Sobrecomprado
2025-02-18,77.82,83.22,Sobrecomprado
2025-02-19,66.26,85.28,Sobrecomprado
2025-02-20,36.70,72.39,Sobrecomprado
2025-02-21,23.63,55.50,Neutro
2025-02-24,3.28,45.85,Neutro
2025-02-25,0.69,37.57,Neutro
2025-02-26,0.66,32.89,Neutro
2025-02-27,0.58,25.62,Sobrevendido
2025-02-28,6.88,20.42,Sobrevendido
2025-03-03,6.85,14.40,Sobrevendido
2025-03-04,9.27,15.24,Sobrevendido
2025-03-05,23.08,14.39,Sobrevendido
2025-03-06,30.41,12.70,Sobrevendido
2025-03-07,35.64,13.78,Sobrevendido
2025-03-10,30.63,12.07,Sobrevendido
2025-03-11,31.69,16.08,Sobrevendido
2025-03-12,39.77,17.32,Sobrevendido
2025-03-13,36.14,20.29,Sobrevendido
2025-03-14,34.77,27.95,Sobrevendido
2025-03-17,44.58,36.88,Neutro
2025-03-18,32.49,33.95,Neutro
2025-03-19,60.74,44.41,Neutro
2025-03-20,53.51,40.69,Neutro
2025-03-21,52.36,45.73,Neutro
2025-03-24,68.22,51.38,Neutro
2025-03-25,53.94,43.65,Neutro
2025-03-26,39.19,41.65,Neutro
2025-03-27,47.35,38.97,Neutro
2025-03-28,24.66,44.42,Neutro
2025-03-31,25.00,39.38,Neutro
2025-04-01,40.66,46.05,Neutro
2025-04-02,29.87,50.10,Neutro
2025-04-03,25.18,38.64,Neutro
2025-04-04,32.09,36.20,Neutro
2025-04-07,35.20,41.95,Neutro
2025-04-08,32.09,28.31,Sobrevendido
2025-04-09,46.52,36.82,Neutro
2025-04-10,27.80,34.40,Neutro
2025-04-11,28.35,29.07,Sobrevendido
2025-04-14,42.79,32.63,Neutro
2025-04-15,38.91,35.55,Neutro
2025-04-16,40.55,38.01,Neutro
2025-04-17,58.48,43.78,Neutro
2025-04-21,33.61,42.60,Neutro
2025-04-22,71.43,42.60,Neutro
2025-04-23,69.11,41.41,Neutro
2025-04-24,70.99,53.92,Neutro
2025-04-25,93.60,58.67,Neutro
2025-04-28,83.33,57.18,Neutro
2025-04-29,74.64,65.70,Neutro
2025-04-30,70.55,53.96,Neutro
2025-05-01,63.25,67.60,Neutro
2025-05-02,66.67,67.86,Neutro
2025-05-05,46.15,58.03,Neutro
2025-05-06,48.67,69.09,Neutro
2025-05-07,56.34,69.64,Neutro
2025-05-08,69.14,71.67,Sobrecomprado
2025-05-09,78.88,74.92,Sobrecomprado
2025-05-12,81.32,74.25,Sobrecomprado
2025-05-13,85.02,78.37,Sobrecomprado
2025-05-14,92.79,73.79,Sobrecomprado
2025-05-15,81.41,67.34,Neutro
2025-05-16,85.66,75.25,Sobrecomprado
2025-05-19,84.52,78.30,Sobrecomprado
2025-05-20,83.98,81.89,Sobrecomprado
2025-05-21,82.55,81.98,Sobrecomprado
2025-05-22,80.53,82.97,Sobrecomprado
2025-05-23,80.10,86.72,Sobrecomprado
2025-05-27,91.16,86.05,Sobrecomprado
2025-05-28,64.71,77.86,Sobrecomprado
2025-05-29,51.81,71.11,Sobrecomprado
2025-05-30,43.89,66.42,Neutro
2025-06-02,45.70,65.33,Neutro
2025-06-03,38.04,60.91,Neutro
2025-06-04,57.71,68.62,Neutro
2025-06-05,43.88,64.35,Neutro
2025-06-06,65.95,65.51,Neutro
2025-06-09,77.88,68.83,Neutro
2025-06-10,84.31,69.34,Neutro
2025-06-11,76.98,64.78,Neutro
2025-06-12,72.22,59.87,Neutro
2025-06-13,57.46,57.57,Neutro
2025-06-16,76.17,61.28,Neutro
2025-06-17,50.38,58.44,Neutro
2025-06-18,36.76,61.63,Neutro
2025-06-20,49.61,68.51,Neutro
2025-06-23,57.03,67.64,Neutro
2025-06-24,70.69,71.41,Sobrecomprado
2025-06-25,80.91,70.40,Sobrecomprado
2025-06-26,84.13,80.86,Sobrecomprado
2025-06-27,100.00,81.11,Sobrecomprado
2025-06-30,100.00,81.06,Sobrecomprado
2025-07-01,100.00,82.38,Sobrecomprado
2025-07-02,100.00,85.45,Sobrecomprado
2025-07-03,100.00,88.71,Sobrecomprado
2025-07-07,100.00,92.48,Sobrecomprado
2025-07-08,98.46,91.23,Sobrecomprado
2025-07-09,98.05,99.18,Sobrecomprado
2025-07-10,97.67,99.18,Sobrecomprado
2025-07-11,68.38,88.50,Sobrecomprado
2025-07-14,74.25,89.69,Sobrecomprado
2025-07-15,51.16,83.97,Sobrecomprado
2025-07-16,56.25,84.17,Sobrecomprado
2025-07-17,66.29,83.11,Sobrecomprado
2025-07-18,63.61,79.49,Sobrecomprado
2025-07-21,64.97,78.32,Sobrecomprado
2025-07-22,84.91,77.54,Sobrecomprado
2025-07-23,81.32,77.43,Sobrecomprado
2025-07-24,69.81,61.46,Neutro
2025-07-25,56.47,56.36,Neutro
2025-07-28,29.41,47.83,Neutro
2025-07-29,24.71,42.55,Neutro
2025-07-30,27.11,44.53,Neutro
2025-07-31,18.84,49.18,Neutro
2025-08-01,8.16,36.61,Neutro
2025-08-04,31.64,47.40,Neutro
2025-08-05,34.62,44.11,Neutro
2025-08-06,67.90,51.60,Neutro
2025-08-07,82.18,53.68,Neutro
2025-08-08,78.24,51.77,Neutro
2025-08-11,70.48,46.36,Neutro
2025-08-12,80.60,42.98,Neutro
2025-08-13,70.90,47.27,Neutro
2025-08-14,80.51,58.06,Neutro
2025-08-15,72.46,69.66,Neutro
2025-08-18,77.95,80.20,Sobrecomprado
2025-08-19,52.47,63.28,Neutro
2025-08-20,64.41,66.98,Neutro
2025-08-21,64.10,70.52,Sobrecomprado
2025-08-22,73.18,72.56,Sobrecomprado
2025-08-25,74.28,76.41,Sobrecomprado
2025-08-26,71.05,71.44,Sobrecomprado
2025-08-27,61.04,66.76,Neutro
2025-08-28,84.81,69.37,Neutro
2025-08-29,89.07,78.73,Sobrecomprado
2025-09-02,93.04,82.60,Sobrecomprado
2025-09-03,83.50,78.95,Sobrecomprado
2025-09-04,64.32,68.72,Neutro
2025-09-05,65.19,67.71,Neutro
2025-09-08,69.59,65.89,Neutro
2025-09-09,77.27,79.69,Sobrecomprado
2025-09-10,77.27,81.94,Sobrecomprado
2025-09-11,66.61,79.70,Sobrecomprado
2025-09-12,75.07,79.02,Sobrecomprado
2025-09-15,93.79,80.37,Sobrecomprado
2025-09-16,88.90,78.47,Sobrecomprado
2025-09-17,89.97,81.80,Sobrecomprado
2025-09-18,75.06,76.20,Sobrecomprado
2025-09-19,72.55,75.10,Sobrecomprado
2025-09-22,83.30,75.73,Sobrecomprado
2025-09-23,80.97,78.16,Sobrecomprado
2025-09-24,83.78,88.38,Sobrecomprado
2025-09-25,82.89,85.71,Sobrecomprado
2025-09-26,61.04,74.04,Sobrecomprado
2025-09-29,73.52,74.10,Sobrecomprado
2025-09-30,71.69,72.01,Sobrecomprado
2025-10-01,66.19,74.05,Sobrecomprado
2025-10-02,66.48,72.88,Sobrecomprado
2025-10-03,61.86,73.13,Sobrecomprado
2025-10-06,78.03,80.08,Sobrecomprado
2025-10-07,99.70,81.39,Sobrecomprado
2025-10-08,90.55,81.37,Sobrecomprado
2025-10-09,91.84,82.05,Sobrecomprado
2025-10-10,76.27,72.25,Sobrecomprado
2025-10-13,80.08,75.20,Sobrecomprado
2025-10-14,81.37,75.23,Sobrecomprado
2025-10-15,70.68,74.01,Sobrecomprado
2025-10-16,50.28,71.29,Sobrecomprado
2025-10-17,51.19,66.83,Neutro
2025-10-20,40.44,63.83,Neutro
2025-10-21,40.52,58.39,Neutro
2025-10-22,23.41,54.66,Neutro
2025-10-23,18.52,55.17,Neutro
2025-10-24,40.67,54.96,Neutro
2025-10-27,56.82,53.30,Neutro
2025-10-28,53.45,52.28,Neutro
2025-10-29,52.39,46.52,Neutro
2025-10-30,56.50,48.37,Neutro
2025-10-31,69.86,46.28,Neutro
2025-11-03,73.38,48.08,Neutro
2025-11-04,59.56,48.56,Neutro
2025-11-05,70.99,64.48,Neutro
2025-11-06,56.66,55.32,Neutro
2025-11-07,52.67,52.56,Neutro
2025-11-10,52.66,54.15,Neutro
2025-11-11,45.44,54.67,Neutro
2025-11-12,30.94,49.86,Neutro
2025-11-13,26.05,37.51,Neutro
2025-11-14,0.00,33.74,Neutro
2025-11-17,4.81,36.53,Neutro
2025-11-18,13.41,39.51,Neutro
2025-11-19,12.85,38.93,Neutro
2025-11-20,13.14,34.52,Neutro
2025-11-21,13.48,24.52,Sobrevendido
2025-11-24,49.54,33.54,Neutro
2025-11-25,53.37,18.79,Sobrevendido
2025-11-26,53.20,25.57,Sobrevendido
2025-11-28,46.64,28.54,Sobrevendido
2025-12-01,60.14,31.99,Neutro
2025-12-02,43.52,28.03,Sobrevendido
2025-12-03,54.30,34.62,Neutro
2025-12-04,43.63,46.73,Neutro
2025-12-05,41.76,47.49,Neutro
2025-12-08,43.93,48.41,Neutro
2025-12-09,47.19,46.93,Neutro
2025-12-10,38.28,47.07,Neutro
2025-12-11,61.61,50.78,Neutro
2025-12-12,35.39,46.76,Neutro
2025-12-15,14.08,29.21,Sobrevendido
2025-12-16,22.27,32.66,Neutro
2025-12-17,10.30,27.91,Sobrevendido
2025-12-18,18.17,32.64,Neutro
2025-12-19,39.21,38.73,Neutro
2025-12-22,45.40,51.40,Neutro
2025-12-23,55.75,46.85,Neutro
2025-12-24,76.42,41.89,Neutro
2025-12-26,64.41,41.98,Neutro
2025-12-29,75.71,37.06,Neutro
2025-12-30,62.45,34.40,Neutro
2025-12-31,33.33,37.70,Neutro
2026-01-02,53.56,47.93,Neutro
2026-01-05,70.89,62.82,Neutro
2026-01-06,61.55,67.79,Neutro
2026-01-07,59.42,61.53,Neutro
2026-01-08,66.68,70.01,Sobrecomprado
2026-01-09,71.44,68.22,Neutro
2026-01-12,78.81,68.42,Neutro
2026-01-13,76.34,69.02,Neutro
2026-01-14,66.45,68.72,Neutro
2026-01-15,73.43,66.64,Neutro
2026-01-16,93.29,75.75,Sobrecomprado
2026-01-20,73.97,70.24,Sobrecomprado
2026-01-21,70.32,70.87,Sobrecomprado
2026-01-22,56.33,69.55,Neutro
2026-01-23,60.85,69.13,Neutro
2026-01-26,48.77,55.83,Neutro
2026-01-27,64.54,67.33,Neutro
2026-01-28,60.29,73.40,Sobrecomprado
2026-01-29,61.43,66.73,Neutro
2026-01-30,50.44,58.02,Neutro
2026-02-02,51.41,53.09,Neutro
2026-02-03,45.61,51.62,Neutro
2026-02-04,38.11,42.43,Neutro
2026-02-05,14.83,39.31,Neutro
2026-02-06,12.05,34.83,Neutro
2026-02-09,26.42,42.41,Neutro
2026-02-10,29.33,40.56,Neutro
2026-02-11,29.79,41.27,Neutro
2026-02-12,23.49,34.34,Neutro
2026-02-13,43.14,40.06,Neutro
2026-02-17,53.71,28.70,Sobrevendido
2026-02-18,50.83,25.63,Sobrevendido
2026-02-19,37.96,29.77,Sobrevendido
2026-02-20,37.68,31.95,Neutro
2026-02-23,48.90,36.55,Neutro
2026-02-24,68.64,39.26,Neutro
2026-02-25,56.57,48.65,Neutro
2026-02-26,62.84,57.77,Neutro
2026-02-27,46.21,48.53,Neutro
2026-03-02,43.28,40.85,Neutro
2026-03-03,45.77,41.95,Neutro
2026-03-04,54.63,51.95,Neutro
2026-03-05,33.96,50.14,Neutro
2026-03-06,30.31,41.48,Neutro
2026-03-09,36.85,46.80,Neutro
2026-03-10,42.13,43.98,Neutro
2026-03-11,51.38,48.16,Neutro
2026-03-12,56.47,52.12,Neutro
2026-03-13,42.30,48.73,Neutro
2026-03-16,66.83,49.18,Neutro
2026-03-17,74.30,48.30,Neutro
2026-03-18,64.66,46.83,Neutro
2026-03-19,65.64,51.21,Neutro
2026-03-20,45.59,49.83,Neutro
2026-03-23,54.88,56.01,Neutro
2026-03-24,47.42,44.24,Neutro
2026-03-25,20.10,53.24,Neutro
2026-03-26,14.99,51.81,Neutro
2026-03-27,12.45,41.06,Neutro
2026-03-30,9.52,36.30,Neutro
2026-03-31,26.14,32.90,Neutro
2026-04-01,21.20,33.53,Neutro
2026-04-02,26.74,34.91,Neutro
2026-04-06,27.01,24.94,Sobrevendido
2026-04-07,41.72,30.16,Neutro
2026-04-08,59.60,35.49,Neutro
2026-04-09,96.74,37.38,Neutro
2026-04-10,96.49,45.10,Neutro
2026-04-13,100.00,51.98,Neutro
2026-04-14,100.00,61.90,Neutro
2026-04-15,100.00,63.49,Neutro
2026-04-16,92.11,70.89,Sobrecomprado
2026-04-17,91.72,78.84,Sobrecomprado
2026-04-20,91.94,93.36,Sobrecomprado
2026-04-21,69.26,76.42,Sobrecomprado
2026-04-22,68.14,80.25,Sobrecomprado
2026-04-23,66.62,82.44,Sobrecomprado
2026-04-24,56.54,78.09,Sobrecomprado
2026-04-27,52.19,71.55,Sobrecomprado
2026-04-28,40.10,61.85,Neutro
2026-04-29,35.02,58.67,Neutro
2026-04-30,50.91,59.14,Neutro
2026-05-01,41.24,54.28,Neutro
2026-05-04,41.95,53.54,Neutro
2026-05-05,60.43,58.81,Neutro
2026-05-06,76.71,67.16,Neutro
2026-05-07,76.04,60.29,Neutro
2026-05-08,84.47,63.52,Neutro
2026-05-11,66.07,60.25,Neutro
2026-05-12,67.43,58.72,Neutro
2026-05-13,59.87,53.53,Neutro
2026-05-14,56.83,58.35,Neutro
2026-05-15,34.55,54.61,Neutro
2026-05-18,36.89,56.24,Neutro
2026-05-19,20.40,54.95,Neutro
2026-05-20,44.37,56.97,Neutro
2026-05-21,52.93,60.90,Neutro
2026-05-22,53.26,56.77,Neutro
2026-05-26,52.74,54.85,Neutro
2026-05-27,76.84,56.38,Neutro
2026-05-28,73.37,56.74,Neutro
2026-05-29,79.41,52.36,Neutro
2026-06-01,76.65,61.23,Neutro
2026-06-02,71.79,61.11,Neutro
2026-06-03,72.19,61.47,Neutro
2026-06-04,55.16,53.82,Neutro
2026-06-05,15.60,51.49,Neutro
2026-06-08,38.24,58.78,Neutro
2026-06-09,31.20,56.02,Neutro
2026-06-10,23.47,48.80,Neutro
2026-06-11,33.49,48.64,Neutro
2026-06-12,41.05,52.86,Neutro
2026-06-15,48.28,51.08,Neutro
2026-06-16,60.27,39.96,Neutro
2026-06-17,47.26,42.65,Neutro
2026-06-18,68.09,45.71,Neutro
2026-06-22,65.73,40.17,Neutro
2026-06-23,42.88,36.48,Neutro
