Date,RSI_7,RSI_14,RSI_Sinal
2019-09-05,,,Neutro
2019-09-06,100.00,100.00,Sobrecomprado
2019-09-09,100.00,100.00,Sobrecomprado
2019-09-10,63.51,63.51,Neutro
2019-09-11,65.24,65.24,Neutro
2019-09-12,72.64,72.64,Sobrecomprado
2019-09-13,58.11,58.11,Neutro
2019-09-16,58.11,58.11,Neutro
2019-09-17,32.31,58.11,Neutro
2019-09-18,25.69,50.12,Neutro
2019-09-19,35.75,50.12,Neutro
2019-09-20,37.85,52.13,Neutro
2019-09-23,11.92,52.13,Neutro
2019-09-24,23.38,52.13,Neutro
2019-09-25,23.38,52.13,Neutro
2019-09-26,39.18,34.36,Neutro
2019-09-27,65.52,32.37,Neutro
2019-09-30,65.52,42.26,Neutro
2019-10-01,50.00,39.76,Neutro
2019-10-02,50.00,19.90,Sobrevendido
2019-10-03,9.85,13.57,Sobrevendido
2019-10-04,9.48,13.19,Sobrevendido
2019-10-07,0.00,13.19,Sobrevendido
2019-10-08,0.00,16.10,Sobrevendido
2019-10-09,3.26,18.18,Sobrevendido
2019-10-10,8.72,15.74,Sobrevendido
2019-10-11,8.63,15.61,Sobrevendido
2019-10-14,47.22,15.48,Sobrevendido
2019-10-15,62.07,15.83,Sobrevendido
2019-10-16,50.00,7.93,Sobrevendido
2019-10-17,71.05,12.50,Sobrevendido
2019-10-18,55.26,12.16,Sobrevendido
2019-10-21,63.83,19.42,Sobrevendido
2019-10-22,75.81,24.71,Sobrevendido
2019-10-23,80.00,68.32,Neutro
2019-10-24,85.39,79.66,Sobrecomprado
2019-10-25,94.12,82.61,Sobrecomprado
2019-10-28,94.06,87.77,Sobrecomprado
2019-10-29,95.96,84.67,Sobrecomprado
2019-10-30,94.94,83.33,Sobrecomprado
2019-10-31,94.29,85.61,Sobrecomprado
2019-11-01,82.43,81.29,Sobrecomprado
2019-11-04,75.00,81.56,Sobrecomprado
2019-11-05,61.76,86.03,Sobrecomprado
2019-11-06,41.94,81.82,Sobrecomprado
2019-11-07,44.83,84.38,Sobrecomprado
2019-11-08,52.94,82.30,Sobrecomprado
2019-11-11,32.26,75.25,Sobrecomprado
2019-11-12,43.48,73.20,Sobrecomprado
2019-11-13,29.17,60.53,Neutro
2019-11-14,19.23,43.33,Neutro
2019-11-15,38.46,40.35,Neutro
2019-11-18,46.15,45.45,Neutro
2019-11-19,21.88,37.88,Neutro
2019-11-20,52.38,43.84,Neutro
2019-11-21,50.00,47.76,Neutro
2019-11-22,36.07,34.12,Neutro
2019-11-25,53.33,44.55,Neutro
2019-11-26,50.00,46.87,Neutro
2019-11-27,47.83,47.37,Neutro
2019-11-29,53.23,42.55,Neutro
2019-12-02,71.29,65.73,Neutro
2019-12-03,78.51,70.91,Sobrecomprado
2019-12-04,96.75,79.53,Sobrecomprado
2019-12-05,97.35,84.85,Sobrecomprado
2019-12-06,97.40,84.73,Sobrecomprado
2019-12-09,85.00,76.12,Sobrecomprado
2019-12-10,87.82,80.67,Sobrecomprado
2019-12-11,85.64,80.86,Sobrecomprado
2019-12-12,84.97,82.48,Sobrecomprado
2019-12-13,80.41,88.74,Sobrecomprado
2019-12-16,70.71,88.19,Sobrecomprado
2019-12-17,64.42,85.81,Sobrecomprado
2019-12-18,41.61,66.67,Neutro
2019-12-19,27.95,63.66,Neutro
2019-12-20,60.14,70.59,Sobrecomprado
2019-12-23,57.30,68.57,Neutro
2019-12-24,56.68,64.94,Neutro
2019-12-26,56.36,60.16,Neutro
2019-12-27,58.36,60.05,Neutro
2019-12-30,86.73,66.39,Neutro
2019-12-31,91.40,61.96,Neutro
2020-01-02,67.35,61.18,Neutro
2020-01-03,76.92,60.36,Neutro
2020-01-06,74.47,59.26,Neutro
2020-01-07,75.00,59.13,Neutro
2020-01-08,78.18,61.73,Neutro
2020-01-09,79.66,85.10,Sobrecomprado
2020-01-10,100.00,93.22,Sobrecomprado
2020-01-13,100.00,88.06,Sobrecomprado
2020-01-14,100.00,91.89,Sobrecomprado
2020-01-15,60.38,63.59,Neutro
2020-01-16,71.49,72.12,Sobrecomprado
2020-01-17,64.78,67.37,Neutro
2020-01-21,61.68,65.57,Neutro
2020-01-22,52.87,60.88,Neutro
2020-01-23,44.44,60.62,Neutro
2020-01-24,31.76,51.67,Neutro
2020-01-27,45.14,52.40,Neutro
2020-01-28,9.52,46.74,Neutro
2020-01-29,9.33,42.89,Neutro
2020-01-30,9.21,39.89,Neutro
2020-01-31,6.97,32.13,Neutro
2020-02-03,15.38,29.44,Sobrevendido
2020-02-04,19.66,26.52,Sobrevendido
2020-02-05,17.05,31.05,Neutro
2020-02-06,15.54,12.94,Sobrevendido
2020-02-07,15.62,12.87,Sobrevendido
2020-02-10,17.62,13.91,Sobrevendido
2020-02-11,29.82,15.24,Sobrevendido
2020-02-12,5.05,12.19,Sobrevendido
2020-02-13,12.96,17.13,Sobrevendido
2020-02-14,9.79,13.79,Sobrevendido
2020-02-18,11.76,14.10,Sobrevendido
2020-02-19,11.20,13.88,Sobrevendido
2020-02-20,7.69,13.62,Sobrevendido
2020-02-21,28.22,28.88,Sobrevendido
2020-02-24,30.26,20.32,Sobrevendido
2020-02-25,26.39,20.63,Sobrevendido
2020-02-26,39.82,23.05,Sobrevendido
2020-02-27,46.39,27.31,Sobrevendido
2020-02-28,40.18,24.89,Sobrevendido
2020-03-02,67.96,42.77,Neutro
2020-03-03,37.18,33.50,Neutro
2020-03-04,45.45,39.90,Neutro
2020-03-05,41.11,36.19,Neutro
2020-03-06,33.64,35.21,Neutro
2020-03-09,25.69,29.49,Sobrevendido
2020-03-10,38.60,38.91,Neutro
2020-03-11,21.21,34.37,Neutro
2020-03-12,23.00,28.03,Sobrevendido
2020-03-13,26.13,33.33,Neutro
2020-03-16,21.93,28.68,Sobrevendido
2020-03-17,42.56,39.50,Neutro
2020-03-18,39.73,34.27,Neutro
2020-03-19,46.74,43.70,Neutro
2020-03-20,50.85,39.11,Neutro
2020-03-23,49.58,39.72,Neutro
2020-03-24,48.15,39.62,Neutro
2020-03-25,57.38,40.71,Neutro
2020-03-26,47.63,44.76,Neutro
2020-03-27,56.90,46.17,Neutro
2020-03-30,32.95,43.23,Neutro
2020-03-31,47.42,49.85,Neutro
2020-04-01,44.95,48.20,Neutro
2020-04-02,42.91,46.59,Neutro
2020-04-03,38.08,50.60,Neutro
2020-04-06,42.03,45.30,Neutro
2020-04-07,49.32,53.71,Neutro
2020-04-08,50.66,42.45,Neutro
2020-04-09,40.40,44.18,Neutro
2020-04-13,52.60,47.90,Neutro
2020-04-14,43.55,43.15,Neutro
2020-04-15,36.99,37.64,Neutro
2020-04-16,9.60,31.03,Neutro
2020-04-17,34.18,43.27,Neutro
2020-04-20,26.46,41.34,Neutro
2020-04-21,25.91,34.09,Neutro
2020-04-22,28.41,41.03,Neutro
2020-04-23,27.17,35.41,Neutro
2020-04-24,56.25,45.12,Neutro
2020-04-27,76.12,44.97,Neutro
2020-04-28,71.93,51.77,Neutro
2020-04-29,81.28,54.85,Neutro
2020-04-30,59.78,45.84,Neutro
2020-05-01,52.05,43.61,Neutro
2020-05-04,53.75,43.79,Neutro
2020-05-05,41.39,46.54,Neutro
2020-05-06,29.20,50.11,Neutro
2020-05-07,22.08,42.82,Neutro
2020-05-08,7.88,44.58,Neutro
2020-05-11,11.35,43.41,Neutro
2020-05-12,13.33,41.42,Neutro
2020-05-13,13.91,42.89,Neutro
2020-05-14,14.41,34.14,Neutro
2020-05-15,22.76,27.08,Sobrevendido
2020-05-18,61.01,40.61,Neutro
2020-05-19,44.44,29.33,Sobrevendido
2020-05-20,55.52,42.18,Neutro
2020-05-21,64.91,50.90,Neutro
2020-05-22,67.08,53.09,Neutro
2020-05-26,75.65,59.43,Neutro
2020-05-27,80.16,66.07,Neutro
2020-05-28,73.96,68.38,Neutro
2020-05-29,97.26,67.26,Neutro
2020-06-01,75.12,63.27,Neutro
2020-06-02,71.81,67.45,Neutro
2020-06-03,73.50,69.54,Neutro
2020-06-04,75.69,75.67,Sobrecomprado
2020-06-05,72.54,77.58,Sobrecomprado
2020-06-08,81.53,77.74,Sobrecomprado
2020-06-09,83.39,89.44,Sobrecomprado
2020-06-10,96.72,86.65,Sobrecomprado
2020-06-11,60.99,64.56,Neutro
2020-06-12,67.04,69.02,Neutro
2020-06-15,71.73,72.89,Sobrecomprado
2020-06-16,72.46,72.48,Sobrecomprado
2020-06-17,62.06,69.58,Neutro
2020-06-18,66.60,72.53,Sobrecomprado
2020-06-19,63.89,74.11,Sobrecomprado
2020-06-22,70.26,66.21,Neutro
2020-06-23,58.05,62.60,Neutro
2020-06-24,37.73,57.33,Neutro
2020-06-25,26.75,55.17,Neutro
2020-06-26,27.67,47.93,Neutro
2020-06-29,22.82,50.61,Neutro
2020-06-30,33.33,52.98,Neutro
2020-07-01,39.53,59.81,Neutro
2020-07-02,44.05,53.29,Neutro
2020-07-06,57.47,43.85,Neutro
2020-07-07,40.64,31.78,Neutro
2020-07-08,41.30,32.67,Neutro
2020-07-09,15.92,20.04,Sobrevendido
2020-07-10,19.91,27.79,Sobrevendido
2020-07-13,27.06,34.52,Neutro
2020-07-14,31.06,38.66,Neutro
2020-07-15,47.32,51.98,Neutro
2020-07-16,53.01,46.76,Neutro
2020-07-17,52.72,47.01,Neutro
2020-07-20,68.31,37.61,Neutro
2020-07-21,72.89,43.24,Neutro
2020-07-22,68.82,47.94,Neutro
2020-07-23,67.26,49.54,Neutro
2020-07-24,51.16,48.80,Neutro
2020-07-27,60.33,55.92,Neutro
2020-07-28,68.38,58.80,Neutro
2020-07-29,84.87,75.86,Sobrecomprado
2020-07-30,56.45,68.42,Neutro
2020-07-31,46.67,62.04,Neutro
2020-08-03,50.65,62.04,Neutro
2020-08-04,54.93,52.50,Neutro
2020-08-05,64.44,62.09,Neutro
2020-08-06,64.44,66.67,Neutro
2020-08-07,70.09,77.88,Sobrecomprado
2020-08-10,81.45,73.12,Sobrecomprado
2020-08-11,94.39,74.73,Sobrecomprado
2020-08-12,94.83,77.20,Sobrecomprado
2020-08-13,84.62,74.13,Sobrecomprado
2020-08-14,83.74,75.59,Sobrecomprado
2020-08-17,73.85,70.00,Neutro
2020-08-18,50.88,60.18,Neutro
2020-08-19,34.78,61.57,Neutro
2020-08-20,32.65,64.88,Neutro
2020-08-21,37.74,67.57,Neutro
2020-08-24,40.82,65.79,Neutro
2020-08-25,25.61,60.49,Neutro
2020-08-26,22.34,52.23,Neutro
2020-08-27,38.55,45.69,Neutro
2020-08-28,32.99,33.86,Neutro
2020-08-31,28.83,30.62,Neutro
2020-09-01,10.09,23.72,Sobrevendido
2020-09-02,39.60,40.08,Neutro
2020-09-03,25.99,25.89,Sobrevendido
2020-09-04,36.61,32.39,Neutro
2020-09-08,31.56,33.44,Neutro
2020-09-09,32.72,32.80,Neutro
2020-09-10,32.72,31.40,Neutro
2020-09-11,38.65,28.80,Sobrevendido
2020-09-14,31.72,35.22,Neutro
2020-09-15,45.04,32.96,Neutro
2020-09-16,33.33,35.54,Neutro
2020-09-17,48.28,37.24,Neutro
2020-09-18,56.52,40.96,Neutro
2020-09-21,44.22,37.36,Neutro
2020-09-22,37.33,38.10,Neutro
2020-09-23,22.14,27.76,Sobrevendido
2020-09-24,28.30,37.55,Neutro
2020-09-25,39.20,36.48,Neutro
2020-09-28,50.00,49.25,Neutro
2020-09-29,47.59,51.54,Neutro
2020-09-30,78.26,57.32,Neutro
2020-10-01,92.92,61.22,Neutro
2020-10-02,93.75,55.14,Neutro
2020-10-05,94.74,65.27,Neutro
2020-10-06,94.02,65.70,Neutro
2020-10-07,93.64,68.32,Neutro
2020-10-08,94.35,69.14,Neutro
2020-10-09,91.20,85.71,Sobrecomprado
2020-10-12,89.91,91.44,Sobrecomprado
2020-10-13,95.15,94.42,Sobrecomprado
2020-10-14,71.70,84.52,Sobrecomprado
2020-10-15,76.38,84.84,Sobrecomprado
2020-10-16,69.07,82.13,Sobrecomprado
2020-10-19,52.58,76.02,Sobrecomprado
2020-10-20,62.16,77.54,Sobrecomprado
2020-10-21,52.00,71.77,Sobrecomprado
2020-10-22,51.49,73.53,Sobrecomprado
2020-10-23,69.62,70.81,Sobrecomprado
2020-10-26,34.83,59.26,Neutro
2020-10-27,26.58,50.00,Neutro
2020-10-28,25.30,40.00,Neutro
2020-10-29,13.89,43.17,Neutro
2020-10-30,12.99,35.03,Neutro
2020-11-02,30.85,41.54,Neutro
2020-11-03,41.44,53.16,Neutro
2020-11-04,34.59,34.68,Neutro
2020-11-05,41.22,36.12,Neutro
2020-11-06,41.50,35.65,Neutro
2020-11-09,59.81,48.25,Neutro
2020-11-10,65.60,51.86,Neutro
2020-11-11,62.50,52.38,Neutro
2020-11-12,37.37,38.52,Neutro
2020-11-13,53.67,47.19,Neutro
2020-11-16,61.90,55.29,Neutro
2020-11-17,63.93,56.64,Neutro
2020-11-18,50.42,54.85,Neutro
2020-11-19,49.15,57.08,Neutro
2020-11-20,46.53,53.71,Neutro
2020-11-23,78.08,51.29,Neutro
2020-11-24,71.93,59.25,Neutro
2020-11-25,25.58,57.54,Neutro
2020-11-27,23.40,58.52,Neutro
2020-11-30,13.92,41.38,Neutro
2020-12-01,33.98,44.51,Neutro
2020-12-02,41.67,45.16,Neutro
2020-12-03,43.75,64.46,Neutro
2020-12-04,43.75,59.05,Neutro
2020-12-07,48.57,41.89,Neutro
2020-12-08,50.50,41.89,Neutro
2020-12-09,70.83,41.06,Neutro
2020-12-10,50.00,38.62,Neutro
2020-12-11,35.56,39.72,Neutro
2020-12-14,39.58,42.36,Neutro
2020-12-15,45.28,44.30,Neutro
2020-12-16,27.78,41.51,Neutro
2020-12-17,41.18,47.37,Neutro
2020-12-18,79.07,75.32,Sobrecomprado
2020-12-21,54.62,53.42,Neutro
2020-12-22,46.43,43.78,Neutro
2020-12-23,52.83,49.76,Neutro
2020-12-24,51.30,49.76,Neutro
2020-12-28,57.79,50.00,Neutro
2020-12-29,50.92,48.60,Neutro
2020-12-30,30.25,50.73,Neutro
2020-12-31,52.04,53.46,Neutro
2021-01-04,56.67,50.43,Neutro
2021-01-05,55.68,53.85,Neutro
2021-01-06,72.73,61.62,Neutro
2021-01-07,72.14,64.63,Neutro
2021-01-08,66.45,58.41,Neutro
2021-01-11,69.03,52.19,Neutro
2021-01-12,69.23,62.60,Neutro
2021-01-13,69.68,64.90,Neutro
2021-01-14,68.03,63.40,Neutro
2021-01-15,43.00,60.49,Neutro
2021-01-19,41.84,59.66,Neutro
2021-01-20,44.57,58.20,Neutro
2021-01-21,35.71,56.13,Neutro
2021-01-22,46.61,59.49,Neutro
2021-01-25,48.67,60.82,Neutro
2021-01-26,32.80,51.84,Neutro
2021-01-27,29.50,35.15,Neutro
2021-01-28,48.15,45.99,Neutro
2021-01-29,40.44,41.64,Neutro
2021-02-01,47.86,44.28,Neutro
2021-02-02,41.35,43.25,Neutro
2021-02-03,46.50,47.28,Neutro
2021-02-04,59.90,49.54,Neutro
2021-02-05,67.22,50.78,Neutro
2021-02-08,51.16,49.37,Neutro
2021-02-09,85.71,51.99,Neutro
2021-02-10,77.59,53.77,Neutro
2021-02-11,73.47,47.47,Neutro
2021-02-12,71.74,51.22,Neutro
2021-02-16,13.16,52.50,Neutro
2021-02-17,9.43,54.08,Neutro
2021-02-18,21.43,42.16,Neutro
2021-02-19,40.91,65.03,Neutro
2021-02-22,51.32,62.69,Neutro
2021-02-23,48.10,57.81,Neutro
2021-02-24,56.84,61.70,Neutro
2021-02-25,54.55,43.07,Neutro
2021-02-26,46.15,34.71,Neutro
2021-03-01,60.38,50.23,Neutro
2021-03-02,50.31,47.58,Neutro
2021-03-03,53.49,52.82,Neutro
2021-03-04,51.11,50.19,Neutro
2021-03-05,54.40,55.21,Neutro
2021-03-08,68.78,64.14,Neutro
2021-03-09,84.07,69.23,Neutro
2021-03-10,81.17,70.61,Sobrecomprado
2021-03-11,92.11,70.61,Sobrecomprado
2021-03-12,93.30,73.79,Sobrecomprado
2021-03-15,83.50,68.16,Neutro
2021-03-16,69.07,61.76,Neutro
2021-03-17,56.32,63.06,Neutro
2021-03-18,53.37,69.57,Neutro
2021-03-19,54.22,67.19,Neutro
2021-03-22,37.50,61.08,Neutro
2021-03-23,12.76,51.20,Neutro
2021-03-24,15.85,53.02,Neutro
2021-03-25,31.90,52.10,Neutro
2021-03-26,46.63,51.42,Neutro
2021-03-29,37.27,44.13,Neutro
2021-03-30,36.11,43.98,Neutro
2021-03-31,45.09,41.02,Neutro
2021-04-01,63.43,33.33,Neutro
2021-04-05,63.97,37.67,Neutro
2021-04-06,52.59,40.50,Neutro
2021-04-07,24.79,37.79,Neutro
2021-04-08,47.25,40.19,Neutro
2021-04-09,25.56,33.01,Neutro
2021-04-12,20.18,35.19,Neutro
2021-04-13,13.68,40.24,Neutro
2021-04-14,20.47,42.97,Neutro
2021-04-15,35.37,42.97,Neutro
2021-04-16,46.85,35.34,Neutro
2021-04-19,32.23,38.68,Neutro
2021-04-20,31.45,28.97,Sobrevendido
2021-04-21,54.92,38.14,Neutro
2021-04-22,62.18,38.14,Neutro
2021-04-23,72.05,49.31,Neutro
2021-04-26,70.78,53.49,Neutro
2021-04-27,76.92,66.01,Neutro
2021-04-28,68.81,55.75,Neutro
2021-04-29,79.91,62.89,Neutro
2021-04-30,77.11,68.73,Neutro
2021-05-03,79.09,73.16,Sobrecomprado
2021-05-04,70.83,71.43,Sobrecomprado
2021-05-05,69.57,70.16,Sobrecomprado
2021-05-06,62.02,70.99,Sobrecomprado
2021-05-07,94.12,75.91,Sobrecomprado
2021-05-10,91.67,82.35,Sobrecomprado
2021-05-11,74.32,76.36,Sobrecomprado
2021-05-12,44.62,71.23,Sobrecomprado
2021-05-13,58.23,66.80,Neutro
2021-05-14,61.63,66.80,Neutro
2021-05-17,62.50,62.21,Neutro
2021-05-18,54.46,72.58,Sobrecomprado
2021-05-19,50.54,66.67,Neutro
2021-05-20,70.09,71.82,Sobrecomprado
2021-05-21,85.15,69.28,Neutro
2021-05-24,85.00,73.18,Sobrecomprado
2021-05-25,54.10,57.21,Neutro
2021-05-26,62.91,62.76,Neutro
2021-05-27,71.53,64.49,Neutro
2021-05-28,70.55,62.76,Neutro
2021-06-01,67.42,68.62,Neutro
2021-06-02,65.87,74.45,Sobrecomprado
2021-06-03,61.61,72.64,Sobrecomprado
2021-06-04,97.33,70.56,Sobrecomprado
2021-06-07,97.26,74.11,Sobrecomprado
2021-06-08,97.89,82.01,Sobrecomprado
2021-06-09,96.88,80.99,Sobrecomprado
2021-06-10,77.45,71.79,Sobrecomprado
2021-06-11,80.00,72.61,Sobrecomprado
2021-06-14,67.16,64.63,Neutro
2021-06-15,71.79,80.09,Sobrecomprado
2021-06-16,66.15,77.34,Sobrecomprado
2021-06-17,37.33,60.82,Neutro
2021-06-18,42.04,62.85,Neutro
2021-06-21,54.49,63.57,Neutro
2021-06-22,50.35,63.57,Neutro
2021-06-23,56.25,61.83,Neutro
2021-06-24,50.44,62.83,Neutro
2021-06-25,26.16,43.38,Neutro
2021-06-28,52.47,45.19,Neutro
2021-06-29,42.13,42.09,Neutro
2021-06-30,32.94,43.25,Neutro
2021-07-01,44.93,47.14,Neutro
2021-07-02,42.27,47.41,Neutro
2021-07-06,35.50,40.41,Neutro
2021-07-07,51.85,38.62,Neutro
2021-07-08,32.35,43.29,Neutro
2021-07-09,51.82,46.35,Neutro
2021-07-12,62.59,46.69,Neutro
2021-07-13,43.48,44.41,Neutro
2021-07-14,55.77,46.60,Neutro
2021-07-15,75.00,47.09,Neutro
2021-07-16,57.85,54.42,Neutro
2021-07-19,56.45,43.85,Neutro
2021-07-20,59.09,55.39,Neutro
2021-07-21,58.46,60.65,Neutro
2021-07-22,57.58,51.01,Neutro
2021-07-23,60.84,58.70,Neutro
2021-07-26,66.27,69.47,Neutro
2021-07-27,85.13,74.68,Sobrecomprado
2021-07-28,93.58,78.78,Sobrecomprado
2021-07-29,94.12,80.36,Sobrecomprado
2021-07-30,88.72,76.62,Sobrecomprado
2021-08-02,94.82,79.69,Sobrecomprado
2021-08-03,94.54,79.75,Sobrecomprado
2021-08-04,93.63,79.57,Sobrecomprado
2021-08-05,93.59,88.89,Sobrecomprado
2021-08-06,93.24,93.43,Sobrecomprado
2021-08-09,90.99,93.02,Sobrecomprado
2021-08-10,100.00,92.90,Sobrecomprado
2021-08-11,100.00,97.03,Sobrecomprado
2021-08-12,100.00,97.16,Sobrecomprado
2021-08-13,73.83,82.21,Sobrecomprado
2021-08-16,62.80,77.81,Sobrecomprado
2021-08-17,56.35,72.95,Sobrecomprado
2021-08-18,46.03,62.67,Neutro
2021-08-19,45.16,66.11,Neutro
2021-08-20,29.41,63.64,Neutro
2021-08-23,12.20,63.01,Neutro
2021-08-24,18.07,58.25,Neutro
2021-08-25,53.33,58.53,Neutro
2021-08-26,42.86,49.86,Neutro
2021-08-27,57.80,51.66,Neutro
2021-08-30,43.63,44.36,Neutro
2021-08-31,45.50,38.53,Neutro
2021-09-01,41.43,30.63,Neutro
2021-09-02,48.06,39.45,Neutro
2021-09-03,26.58,38.91,Neutro
2021-09-07,35.29,39.72,Neutro
2021-09-08,13.21,40.86,Neutro
2021-09-09,15.56,35.03,Neutro
2021-09-10,12.90,35.15,Neutro
2021-09-13,18.29,34.93,Neutro
2021-09-14,2.70,32.18,Neutro
2021-09-15,12.39,20.66,Sobrevendido
2021-09-16,17.92,27.11,Sobrevendido
2021-09-17,50.34,34.66,Neutro
2021-09-20,42.44,33.21,Neutro
2021-09-21,43.20,32.44,Neutro
2021-09-22,52.00,42.20,Neutro
2021-09-23,75.11,50.90,Neutro
2021-09-24,74.30,52.91,Neutro
2021-09-27,79.93,62.63,Neutro
2021-09-28,56.90,54.71,Neutro
2021-09-29,74.29,62.17,Neutro
2021-09-30,69.10,59.79,Neutro
2021-10-01,66.30,60.29,Neutro
2021-10-04,53.07,63.92,Neutro
2021-10-05,57.71,65.31,Neutro
2021-10-06,41.75,64.10,Neutro
2021-10-07,72.44,62.33,Neutro
2021-10-08,62.28,70.81,Sobrecomprado
2021-10-11,69.61,69.23,Neutro
2021-10-12,67.37,66.58,Neutro
2021-10-13,61.54,55.72,Neutro
2021-10-14,55.06,57.02,Neutro
2021-10-15,64.21,49.13,Neutro
2021-10-18,52.78,66.23,Neutro
2021-10-19,58.54,60.71,Neutro
2021-10-20,66.67,68.39,Neutro
2021-10-21,70.00,68.57,Neutro
2021-10-22,99.19,81.94,Sobrecomprado
2021-10-25,95.58,77.72,Sobrecomprado
2021-10-26,92.31,78.89,Sobrecomprado
2021-10-27,93.39,78.24,Sobrecomprado
2021-10-28,94.44,81.42,Sobrecomprado
2021-10-29,95.81,87.03,Sobrecomprado
2021-11-01,91.46,84.43,Sobrecomprado
2021-11-02,90.00,94.30,Sobrecomprado
2021-11-03,95.52,95.54,Sobrecomprado
2021-11-04,97.07,95.63,Sobrecomprado
2021-11-05,97.64,96.41,Sobrecomprado
2021-11-08,95.17,94.92,Sobrecomprado
2021-11-09,95.39,95.55,Sobrecomprado
2021-11-10,97.98,95.66,Sobrecomprado
2021-11-11,97.89,95.28,Sobrecomprado
2021-11-12,92.72,94.17,Sobrecomprado
2021-11-15,92.82,95.09,Sobrecomprado
2021-11-16,89.44,94.99,Sobrecomprado
2021-11-17,90.71,93.64,Sobrecomprado
2021-11-18,89.17,93.53,Sobrecomprado
2021-11-19,72.03,90.60,Sobrecomprado
2021-11-22,79.11,91.18,Sobrecomprado
2021-11-23,89.87,91.20,Sobrecomprado
2021-11-24,76.71,84.06,Sobrecomprado
2021-11-26,58.00,68.10,Neutro
2021-11-29,47.15,59.14,Neutro
2021-11-30,43.85,55.23,Neutro
2021-12-01,52.62,57.20,Neutro
2021-12-02,55.20,61.92,Neutro
2021-12-03,40.30,60.84,Neutro
2021-12-06,42.72,57.70,Neutro
2021-12-07,61.17,59.56,Neutro
2021-12-08,85.35,63.40,Neutro
2021-12-09,61.15,52.77,Neutro
2021-12-10,57.10,54.75,Neutro
2021-12-13,38.69,48.53,Neutro
2021-12-14,39.11,39.77,Neutro
2021-12-15,48.81,45.65,Neutro
2021-12-16,41.18,51.83,Neutro
2021-12-17,20.75,55.06,Neutro
2021-12-20,27.47,50.27,Neutro
2021-12-21,13.82,36.83,Neutro
2021-12-22,46.34,43.45,Neutro
2021-12-23,50.44,46.22,Neutro
2021-12-27,46.95,47.71,Neutro
2021-12-28,45.35,43.80,Neutro
2021-12-29,52.80,40.95,Neutro
2021-12-30,61.06,49.72,Neutro
2021-12-31,85.49,46.51,Neutro
2022-01-03,68.91,51.05,Neutro
2022-01-04,76.13,56.96,Neutro
2022-01-05,52.36,48.75,Neutro
2022-01-06,70.32,55.81,Neutro
2022-01-07,69.93,60.11,Neutro
2022-01-10,59.66,60.36,Neutro
2022-01-11,58.68,69.74,Neutro
2022-01-12,48.79,53.66,Neutro
2022-01-13,41.59,52.70,Neutro
2022-01-14,52.79,52.60,Neutro
2022-01-18,15.49,47.20,Neutro
2022-01-19,6.30,40.10,Neutro
2022-01-20,6.30,36.68,Neutro
2022-01-21,5.99,35.55,Neutro
2022-01-24,31.10,40.51,Neutro
2022-01-25,31.93,36.72,Neutro
2022-01-26,25.32,36.45,Neutro
2022-01-27,27.86,23.08,Sobrevendido
2022-01-28,34.11,20.91,Sobrevendido
2022-01-31,48.03,27.50,Sobrevendido
2022-02-01,47.18,26.58,Sobrevendido
2022-02-02,21.78,27.31,Sobrevendido
2022-02-03,15.25,25.23,Sobrevendido
2022-02-04,32.58,27.57,Sobrevendido
2022-02-07,39.07,31.18,Neutro
2022-02-08,59.83,45.27,Neutro
2022-02-09,39.92,44.10,Neutro
2022-02-10,51.61,49.10,Neutro
2022-02-11,58.64,38.70,Neutro
2022-02-14,59.89,35.61,Neutro
2022-02-15,62.12,48.14,Neutro
2022-02-16,61.00,51.57,Neutro
2022-02-17,27.63,46.98,Neutro
2022-02-18,60.36,45.99,Neutro
2022-02-22,50.00,51.04,Neutro
2022-02-23,30.93,44.68,Neutro
2022-02-24,28.99,43.65,Neutro
2022-02-25,39.75,49.77,Neutro
2022-02-28,33.80,44.97,Neutro
2022-03-01,29.22,28.72,Sobrevendido
2022-03-02,42.26,46.14,Neutro
2022-03-03,43.11,44.70,Neutro
2022-03-04,44.44,39.93,Neutro
2022-03-07,39.81,36.31,Neutro
2022-03-08,25.06,30.64,Neutro
2022-03-09,40.05,37.52,Neutro
2022-03-10,43.22,36.79,Neutro
2022-03-11,22.19,33.57,Neutro
2022-03-14,23.78,34.70,Neutro
2022-03-15,48.35,46.25,Neutro
2022-03-16,65.91,50.68,Neutro
2022-03-17,72.50,44.62,Neutro
2022-03-18,68.57,50.52,Neutro
2022-03-21,76.36,55.16,Neutro
2022-03-22,86.67,50.27,Neutro
2022-03-23,61.63,43.42,Neutro
2022-03-24,55.12,51.46,Neutro
2022-03-25,53.82,60.21,Neutro
2022-03-28,52.30,62.34,Neutro
2022-03-29,50.00,58.83,Neutro
2022-03-30,44.55,57.93,Neutro
2022-03-31,32.99,57.39,Neutro
2022-04-01,45.45,55.37,Neutro
2022-04-04,32.94,46.80,Neutro
2022-04-05,14.47,39.81,Neutro
2022-04-06,12.79,37.36,Neutro
2022-04-07,0.56,30.36,Neutro
2022-04-08,0.55,27.98,Sobrevendido
2022-04-11,0.52,19.96,Sobrevendido
2022-04-12,1.12,25.06,Sobrevendido
2022-04-13,17.37,24.28,Sobrevendido
2022-04-14,17.62,16.30,Sobrevendido
2022-04-18,27.57,20.45,Sobrevendido
2022-04-19,50.00,27.55,Sobrevendido
2022-04-20,71.60,34.66,Neutro
2022-04-21,79.61,35.36,Neutro
2022-04-22,67.80,34.37,Neutro
2022-04-25,51.53,32.18,Neutro
2022-04-26,39.44,28.61,Sobrevendido
2022-04-27,32.56,30.25,Neutro
2022-04-28,16.67,35.05,Neutro
2022-04-29,6.94,35.32,Neutro
2022-05-02,14.49,41.53,Neutro
2022-05-03,19.90,42.63,Neutro
2022-05-04,31.12,40.39,Neutro
2022-05-05,31.44,35.63,Neutro
2022-05-06,36.07,34.17,Neutro
2022-05-09,29.82,23.19,Sobrevendido
2022-05-10,44.83,20.18,Sobrevendido
2022-05-11,37.86,22.08,Sobrevendido
2022-05-12,41.82,27.78,Sobrevendido
2022-05-13,18.90,26.32,Sobrevendido
2022-05-16,38.24,33.21,Neutro
2022-05-17,55.79,42.81,Neutro
2022-05-18,46.49,36.49,Neutro
2022-05-19,37.41,40.78,Neutro
2022-05-20,43.14,41.02,Neutro
2022-05-23,40.82,41.25,Neutro
2022-05-24,61.29,39.84,Neutro
2022-05-25,60.66,52.63,Neutro
2022-05-26,55.14,55.45,Neutro
2022-05-27,77.78,62.34,Neutro
2022-05-31,71.09,53.56,Neutro
2022-06-01,65.49,52.63,Neutro
2022-06-02,72.34,56.25,Neutro
2022-06-03,58.90,60.00,Neutro
2022-06-06,55.13,57.55,Neutro
2022-06-07,57.58,56.62,Neutro
2022-06-08,34.62,51.51,Neutro
2022-06-09,37.06,51.68,Neutro
2022-06-10,28.51,41.02,Neutro
2022-06-13,11.87,35.56,Neutro
2022-06-14,28.63,40.05,Neutro
2022-06-15,37.93,44.36,Neutro
2022-06-16,29.55,40.78,Neutro
2022-06-17,45.41,40.63,Neutro
2022-06-21,53.92,46.51,Neutro
2022-06-22,63.59,44.44,Neutro
2022-06-23,80.37,41.10,Neutro
2022-06-24,87.35,58.70,Neutro
2022-06-27,59.32,49.74,Neutro
2022-06-28,61.74,47.49,Neutro
2022-06-29,55.71,51.16,Neutro
2022-06-30,54.77,54.40,Neutro
2022-07-01,61.57,62.37,Neutro
2022-07-05,64.82,70.21,Sobrecomprado
2022-07-06,36.67,66.28,Neutro
2022-07-07,81.48,63.77,Neutro
2022-07-08,67.71,63.14,Neutro
2022-07-11,63.11,57.65,Neutro
2022-07-12,63.46,57.11,Neutro
2022-07-13,36.36,53.51,Neutro
2022-07-14,8.70,51.88,Neutro
2022-07-15,43.88,39.81,Neutro
2022-07-18,42.66,56.70,Neutro
2022-07-19,66.33,66.78,Neutro
2022-07-20,72.22,68.90,Neutro
2022-07-21,64.89,64.38,Neutro
2022-07-22,59.51,50.45,Neutro
2022-07-25,62.61,46.82,Neutro
2022-07-26,52.57,48.73,Neutro
2022-07-27,59.69,52.51,Neutro
2022-07-28,30.00,50.00,Neutro
2022-07-29,29.81,52.20,Neutro
2022-08-01,32.65,50.75,Neutro
2022-08-02,48.48,55.92,Neutro
2022-08-03,43.96,57.19,Neutro
2022-08-04,30.63,44.06,Neutro
2022-08-05,9.78,43.75,Neutro
2022-08-08,13.64,25.22,Sobrevendido
2022-08-09,17.65,26.20,Sobrevendido
2022-08-10,36.47,34.05,Neutro
2022-08-11,65.49,57.55,Neutro
2022-08-12,72.73,61.54,Neutro
2022-08-15,92.44,68.20,Neutro
2022-08-16,96.46,68.97,Neutro
2022-08-17,86.04,69.44,Neutro
2022-08-18,88.93,75.00,Sobrecomprado
2022-08-19,79.04,69.41,Neutro
2022-08-22,55.65,58.13,Neutro
2022-08-23,45.26,53.62,Neutro
2022-08-24,32.07,54.55,Neutro
2022-08-25,35.62,59.52,Neutro
2022-08-26,31.87,53.19,Neutro
2022-08-29,15.14,49.75,Neutro
2022-08-30,20.07,49.15,Neutro
2022-08-31,26.55,43.95,Neutro
2022-09-01,26.55,37.61,Neutro
2022-09-02,25.42,29.09,Sobrevendido
2022-09-06,5.85,23.68,Sobrevendido
2022-09-07,32.62,32.14,Neutro
2022-09-08,45.78,25.67,Sobrevendido
2022-09-09,47.67,30.15,Neutro
2022-09-12,56.90,39.75,Neutro
2022-09-13,50.25,37.59,Neutro
2022-09-14,55.93,38.50,Neutro
2022-09-15,66.48,34.37,Neutro
2022-09-16,57.93,43.67,Neutro
2022-09-19,59.60,52.37,Neutro
2022-09-20,58.78,52.81,Neutro
2022-09-21,51.47,54.52,Neutro
2022-09-22,59.32,53.65,Neutro
2022-09-23,58.33,56.90,Neutro
2022-09-26,53.27,61.59,Neutro
2022-09-27,38.79,49.43,Neutro
2022-09-28,47.01,53.68,Neutro
2022-09-29,32.21,45.45,Neutro
2022-09-30,30.97,40.55,Neutro
2022-10-03,56.10,57.45,Neutro
2022-10-04,67.54,63.99,Neutro
2022-10-05,62.18,59.00,Neutro
2022-10-06,57.14,50.61,Neutro
2022-10-07,36.82,40.68,Neutro
2022-10-10,53.02,44.88,Neutro
2022-10-11,53.95,44.65,Neutro
2022-10-12,39.30,46.85,Neutro
2022-10-13,58.92,62.30,Neutro
2022-10-14,64.98,63.92,Neutro
2022-10-17,78.40,70.26,Sobrecomprado
2022-10-18,91.72,68.04,Neutro
2022-10-19,90.91,73.19,Sobrecomprado
2022-10-20,77.17,67.35,Neutro
2022-10-21,83.44,66.60,Neutro
2022-10-24,58.90,58.91,Neutro
2022-10-25,54.25,60.68,Neutro
2022-10-26,44.25,66.80,Neutro
2022-10-27,43.68,73.71,Sobrecomprado
2022-10-28,48.15,73.07,Sobrecomprado
2022-10-31,65.47,73.56,Sobrecomprado
2022-11-01,46.09,72.91,Sobrecomprado
2022-11-02,52.21,56.73,Neutro
2022-11-03,41.60,49.55,Neutro
2022-11-04,51.97,47.85,Neutro
2022-11-07,54.14,48.64,Neutro
2022-11-08,52.00,49.85,Neutro
2022-11-09,48.15,56.15,Neutro
2022-11-10,79.41,69.59,Neutro
2022-11-11,74.09,68.48,Neutro
2022-11-14,69.03,61.84,Neutro
2022-11-15,66.36,61.76,Neutro
2022-11-16,62.57,59.88,Neutro
2022-11-17,54.90,54.00,Neutro
2022-11-18,56.92,54.00,Neutro
2022-11-21,26.32,59.07,Neutro
2022-11-22,37.06,62.85,Neutro
2022-11-23,43.44,62.45,Neutro
2022-11-25,31.73,57.94,Neutro
2022-11-28,20.25,48.69,Neutro
2022-11-29,22.92,45.32,Neutro
2022-11-30,49.05,53.83,Neutro
2022-12-01,35.10,30.90,Neutro
2022-12-02,33.33,34.84,Neutro
2022-12-05,29.79,34.45,Neutro
2022-12-06,29.91,30.47,Neutro
2022-12-07,47.02,33.84,Neutro
2022-12-08,57.81,42.86,Neutro
2022-12-09,30.60,41.86,Neutro
2022-12-12,38.68,36.31,Neutro
2022-12-13,50.00,39.39,Neutro
2022-12-14,63.83,39.51,Neutro
2022-12-15,36.59,32.66,Neutro
2022-12-16,35.40,41.34,Neutro
2022-12-19,19.38,42.37,Neutro
2022-12-20,20.49,25.78,Sobrevendido
2022-12-21,36.18,37.21,Neutro
2022-12-22,26.28,37.35,Neutro
2022-12-23,39.39,49.56,Neutro
2022-12-27,72.22,47.46,Neutro
2022-12-28,73.33,47.46,Neutro
2022-12-29,80.58,46.55,Neutro
2022-12-30,69.75,44.81,Neutro
2023-01-03,52.48,42.69,Neutro
2023-01-04,35.10,30.90,Neutro
2023-01-05,24.18,31.23,Neutro
2023-01-06,46.43,53.36,Neutro
2023-01-09,37.10,46.28,Neutro
2023-01-10,36.24,50.47,Neutro
2023-01-11,36.74,48.50,Neutro
2023-01-12,40.95,44.69,Neutro
2023-01-13,59.06,47.83,Neutro
2023-01-17,58.72,42.46,Neutro
2023-01-18,27.33,37.50,Neutro
2023-01-19,38.10,37.50,Neutro
2023-01-20,37.67,36.81,Neutro
2023-01-23,46.32,40.46,Neutro
2023-01-24,30.27,35.95,Neutro
2023-01-25,20.50,38.27,Neutro
2023-01-26,21.13,38.80,Neutro
2023-01-27,28.67,27.94,Sobrevendido
2023-01-30,28.17,33.22,Neutro
2023-01-31,40.00,38.92,Neutro
2023-02-01,40.00,42.81,Neutro
2023-02-02,71.07,49.13,Neutro
2023-02-03,74.83,43.87,Neutro
2023-02-06,71.07,43.63,Neutro
2023-02-07,76.11,55.11,Neutro
2023-02-08,65.82,50.00,Neutro
2023-02-09,45.29,42.65,Neutro
2023-02-10,48.62,44.44,Neutro
2023-02-13,42.59,56.70,Neutro
2023-02-14,41.57,57.41,Neutro
2023-02-15,54.76,62.69,Neutro
2023-02-16,42.77,60.47,Neutro
2023-02-17,53.47,60.59,Neutro
2023-02-21,59.23,51.33,Neutro
2023-02-22,55.46,51.33,Neutro
2023-02-23,44.21,43.19,Neutro
2023-02-24,56.00,46.06,Neutro
2023-02-27,33.93,49.55,Neutro
2023-02-28,35.85,41.04,Neutro
2023-03-01,27.66,47.12,Neutro
2023-03-02,26.53,50.28,Neutro
2023-03-03,34.55,48.85,Neutro
2023-03-06,19.32,32.24,Neutro
2023-03-07,15.04,31.38,Neutro
2023-03-08,13.28,19.57,Sobrevendido
2023-03-09,7.46,12.81,Sobrevendido
2023-03-10,5.17,8.49,Sobrevendido
2023-03-13,4.00,6.77,Sobrevendido
2023-03-14,16.00,18.24,Sobrevendido
2023-03-15,18.43,18.60,Sobrevendido
2023-03-16,28.57,25.46,Sobrevendido
2023-03-17,24.88,22.24,Sobrevendido
2023-03-20,35.35,23.97,Sobrevendido
2023-03-21,51.02,30.78,Neutro
2023-03-22,57.19,28.81,Sobrevendido
2023-03-23,39.08,25.58,Sobrevendido
2023-03-24,45.08,30.70,Neutro
2023-03-27,42.14,34.56,Neutro
2023-03-28,51.85,34.56,Neutro
2023-03-29,52.44,42.63,Neutro
2023-03-30,31.00,43.01,Neutro
2023-03-31,53.00,55.45,Neutro
2023-04-03,64.25,48.81,Neutro
2023-04-04,39.02,42.69,Neutro
2023-04-05,25.69,35.20,Neutro
2023-04-06,36.16,44.33,Neutro
2023-04-10,40.66,46.61,Neutro
2023-04-11,49.75,39.81,Neutro
2023-04-12,32.76,43.99,Neutro
2023-04-13,32.57,48.59,Neutro
2023-04-14,38.26,38.70,Neutro
2023-04-17,64.52,41.82,Neutro
2023-04-18,51.02,42.05,Neutro
2023-04-19,49.65,44.01,Neutro
2023-04-20,40.48,45.55,Neutro
2023-04-21,46.54,39.34,Neutro
2023-04-24,43.53,37.97,Neutro
2023-04-25,45.12,41.85,Neutro
2023-04-26,30.77,49.12,Neutro
2023-04-27,48.23,49.65,Neutro
2023-04-28,43.41,46.69,Neutro
2023-05-01,40.29,40.39,Neutro
2023-05-02,24.39,34.07,Neutro
2023-05-03,26.18,34.35,Neutro
2023-05-04,22.83,32.38,Neutro
2023-05-05,37.17,35.09,Neutro
2023-05-08,27.80,35.00,Neutro
2023-05-09,23.89,30.59,Neutro
2023-05-10,33.92,36.34,Neutro
2023-05-11,50.00,35.46,Neutro
2023-05-12,58.92,42.29,Neutro
2023-05-15,87.97,50.13,Neutro
2023-05-16,82.08,49.87,Neutro
2023-05-17,99.35,54.37,Neutro
2023-05-18,100.00,55.13,Neutro
2023-05-19,73.33,52.86,Neutro
2023-05-22,75.55,65.19,Neutro
2023-05-23,76.86,69.09,Neutro
2023-05-24,72.56,79.09,Sobrecomprado
2023-05-25,68.04,72.62,Sobrecomprado
2023-05-26,56.79,77.46,Sobrecomprado
2023-05-30,54.25,78.46,Sobrecomprado
2023-05-31,64.34,69.91,Neutro
2023-06-01,60.68,70.52,Sobrecomprado
2023-06-02,75.40,76.22,Sobrecomprado
2023-06-05,66.82,69.72,Neutro
2023-06-06,79.23,74.35,Sobrecomprado
2023-06-07,84.55,76.29,Sobrecomprado
2023-06-08,72.90,67.99,Neutro
2023-06-09,76.28,73.42,Sobrecomprado
2023-06-12,74.69,71.56,Sobrecomprado
2023-06-13,68.88,71.24,Sobrecomprado
2023-06-14,62.81,64.29,Neutro
2023-06-15,59.21,68.46,Neutro
2023-06-16,33.46,63.44,Neutro
2023-06-20,38.79,60.91,Neutro
2023-06-21,38.63,62.62,Neutro
2023-06-22,34.75,59.16,Neutro
2023-06-23,30.74,52.70,Neutro
2023-06-26,41.49,55.54,Neutro
2023-06-27,18.44,47.03,Neutro
2023-06-28,20.47,29.29,Sobrevendido
2023-06-29,42.14,40.05,Neutro
2023-06-30,39.86,39.11,Neutro
2023-07-03,57.78,42.64,Neutro
2023-07-05,41.04,34.39,Neutro
2023-07-06,30.95,36.52,Neutro
2023-07-07,50.22,37.91,Neutro
2023-07-10,57.73,42.99,Neutro
2023-07-11,55.91,50.00,Neutro
2023-07-12,71.83,58.73,Neutro
2023-07-13,64.11,61.63,Neutro
2023-07-14,72.54,59.63,Neutro
2023-07-17,90.36,60.48,Neutro
2023-07-18,90.64,67.77,Neutro
2023-07-19,92.46,75.32,Sobrecomprado
2023-07-20,91.57,73.35,Sobrecomprado
2023-07-21,88.64,78.26,Sobrecomprado
2023-07-24,100.00,76.99,Sobrecomprado
2023-07-25,100.00,83.28,Sobrecomprado
2023-07-26,100.00,95.74,Sobrecomprado
2023-07-27,100.00,95.45,Sobrecomprado
2023-07-28,78.35,85.50,Sobrecomprado
2023-07-31,80.37,85.46,Sobrecomprado
2023-08-01,81.74,84.25,Sobrecomprado
2023-08-02,81.82,87.93,Sobrecomprado
2023-08-03,77.88,85.71,Sobrecomprado
2023-08-04,57.55,83.09,Sobrecomprado
2023-08-07,56.62,81.39,Sobrecomprado
2023-08-08,85.47,81.03,Sobrecomprado
2023-08-09,66.09,75.38,Sobrecomprado
2023-08-10,67.23,76.79,Sobrecomprado
2023-08-11,72.14,78.17,Sobrecomprado
2023-08-14,49.75,64.57,Neutro
2023-08-15,39.45,45.82,Neutro
2023-08-16,24.37,34.94,Neutro
2023-08-17,16.61,37.37,Neutro
2023-08-18,14.29,28.14,Sobrevendido
2023-08-21,20.35,32.53,Neutro
2023-08-22,13.35,30.08,Neutro
2023-08-23,24.27,34.37,Neutro
2023-08-24,29.30,34.37,Neutro
2023-08-25,42.66,32.39,Neutro
2023-08-28,48.60,30.72,Neutro
2023-08-29,74.12,35.26,Neutro
2023-08-30,48.47,29.48,Sobrevendido
2023-08-31,55.24,25.45,Sobrevendido
2023-09-01,56.16,34.51,Neutro
2023-09-05,64.05,42.30,Neutro
2023-09-06,52.29,46.63,Neutro
2023-09-07,39.66,44.59,Neutro
2023-09-08,41.34,57.31,Neutro
2023-09-11,54.86,51.47,Neutro
2023-09-12,62.41,58.70,Neutro
2023-09-13,39.10,48.03,Neutro
2023-09-14,52.63,58.02,Neutro
2023-09-15,41.28,45.82,Neutro
2023-09-18,50.26,45.23,Neutro
2023-09-19,39.55,40.45,Neutro
2023-09-20,38.51,45.91,Neutro
2023-09-21,43.68,51.39,Neutro
2023-09-22,44.86,42.45,Neutro
2023-09-25,37.42,45.21,Neutro
2023-09-26,50.41,44.54,Neutro
2023-09-27,52.76,51.25,Neutro
2023-09-28,60.48,48.17,Neutro
2023-09-29,60.80,47.83,Neutro
2023-10-02,42.75,43.30,Neutro
2023-10-03,43.41,44.27,Neutro
2023-10-04,45.52,41.08,Neutro
2023-10-05,67.95,60.29,Neutro
2023-10-06,67.74,60.99,Neutro
2023-10-09,55.75,57.72,Neutro
2023-10-10,55.75,57.86,Neutro
2023-10-11,69.09,57.43,Neutro
2023-10-12,80.28,62.73,Neutro
2023-10-13,68.14,55.87,Neutro
2023-10-16,51.35,62.61,Neutro
2023-10-17,59.55,64.75,Neutro
2023-10-18,58.24,56.60,Neutro
2023-10-19,40.00,49.16,Neutro
2023-10-20,27.05,51.22,Neutro
2023-10-23,23.91,52.50,Neutro
2023-10-24,42.94,53.00,Neutro
2023-10-25,36.61,40.86,Neutro
2023-10-26,44.50,48.99,Neutro
2023-10-27,40.61,45.63,Neutro
2023-10-30,56.96,50.99,Neutro
2023-10-31,64.44,51.80,Neutro
2023-11-01,70.69,53.24,Neutro
2023-11-02,74.14,61.89,Neutro
2023-11-03,82.56,64.44,Neutro
2023-11-06,71.03,59.00,Neutro
2023-11-07,88.35,63.22,Neutro
2023-11-08,59.75,58.39,Neutro
2023-11-09,52.16,58.39,Neutro
2023-11-10,52.36,61.51,Neutro
2023-11-13,28.65,55.78,Neutro
2023-11-14,59.29,70.32,Sobrecomprado
2023-11-15,58.92,64.31,Neutro
2023-11-16,51.56,65.12,Neutro
2023-11-17,67.76,64.22,Neutro
2023-11-20,67.32,60.78,Neutro
2023-11-21,55.24,54.10,Neutro
2023-11-22,60.99,50.37,Neutro
2023-11-24,37.72,50.19,Neutro
2023-11-27,37.07,49.63,Neutro
2023-11-28,36.29,45.42,Neutro
2023-11-29,40.78,55.46,Neutro
2023-11-30,31.52,48.74,Neutro
2023-12-01,59.42,57.50,Neutro
2023-12-04,60.10,60.51,Neutro
2023-12-05,54.09,48.18,Neutro
2023-12-06,53.56,47.57,Neutro
2023-12-07,66.03,55.27,Neutro
2023-12-08,63.12,54.22,Neutro
2023-12-11,82.89,55.89,Neutro
2023-12-12,67.52,61.65,Neutro
2023-12-13,80.75,68.08,Neutro
2023-12-14,90.23,70.84,Sobrecomprado
2023-12-15,100.00,75.83,Sobrecomprado
2023-12-18,68.91,67.54,Neutro
2023-12-19,73.07,68.89,Neutro
2023-12-20,67.13,72.53,Sobrecomprado
2023-12-21,68.35,68.18,Neutro
2023-12-22,60.50,67.75,Neutro
2023-12-26,53.12,70.36,Sobrecomprado
2023-12-27,42.34,71.80,Sobrecomprado
2023-12-28,69.09,68.97,Neutro
2023-12-29,34.62,62.25,Neutro
2024-01-02,52.11,63.39,Neutro
2024-01-03,30.28,57.04,Neutro
2024-01-04,22.32,47.95,Neutro
2024-01-05,20.26,41.24,Neutro
2024-01-08,22.49,35.04,Neutro
2024-01-09,22.49,46.39,Neutro
2024-01-10,39.74,36.81,Neutro
2024-01-11,25.93,41.23,Neutro
2024-01-12,47.30,34.15,Neutro
2024-01-16,27.56,24.17,Sobrevendido
2024-01-17,31.85,24.59,Sobrevendido
2024-01-18,37.41,28.65,Sobrevendido
2024-01-19,59.26,41.18,Neutro
2024-01-22,67.04,56.97,Neutro
2024-01-23,52.19,44.77,Neutro
2024-01-24,61.37,59.00,Neutro
2024-01-25,75.30,62.09,Neutro
2024-01-26,71.70,59.64,Neutro
2024-01-29,77.20,66.23,Neutro
2024-01-30,72.24,66.98,Neutro
2024-01-31,43.01,52.94,Neutro
2024-02-01,57.59,54.78,Neutro
2024-02-02,39.71,50.85,Neutro
2024-02-05,36.78,56.13,Neutro
2024-02-06,35.80,53.00,Neutro
2024-02-07,11.26,48.75,Neutro
2024-02-08,20.49,45.96,Neutro
2024-02-09,49.81,45.79,Neutro
2024-02-12,55.85,56.75,Neutro
2024-02-13,46.39,43.12,Neutro
2024-02-14,51.39,44.77,Neutro
2024-02-15,63.82,52.41,Neutro
2024-02-16,63.43,44.04,Neutro
2024-02-20,61.08,44.32,Neutro
2024-02-21,49.77,49.79,Neutro
2024-02-22,40.54,47.03,Neutro
2024-02-23,66.67,55.95,Neutro
2024-02-26,56.23,53.46,Neutro
2024-02-27,32.64,55.04,Neutro
2024-02-28,38.65,57.29,Neutro
2024-02-29,49.75,57.68,Neutro
2024-03-01,51.56,50.32,Neutro
2024-03-04,53.80,44.67,Neutro
2024-03-05,41.78,58.89,Neutro
2024-03-06,58.94,57.14,Neutro
2024-03-07,59.21,44.35,Neutro
2024-03-08,69.93,53.80,Neutro
2024-03-11,41.45,46.15,Neutro
2024-03-12,47.37,49.85,Neutro
2024-03-13,58.57,55.86,Neutro
2024-03-14,31.56,35.58,Neutro
2024-03-15,45.77,50.34,Neutro
2024-03-18,33.51,41.04,Neutro
2024-03-19,33.88,44.44,Neutro
2024-03-20,50.98,48.40,Neutro
2024-03-21,53.50,51.97,Neutro
2024-03-22,48.51,51.11,Neutro
2024-03-25,58.21,47.50,Neutro
2024-03-26,47.17,46.45,Neutro
2024-03-27,80.47,52.81,Neutro
2024-03-28,81.06,53.55,Neutro
2024-04-01,47.62,49.63,Neutro
2024-04-02,39.68,47.41,Neutro
2024-04-03,41.95,45.71,Neutro
2024-04-04,54.72,56.51,Neutro
2024-04-05,48.91,48.12,Neutro
2024-04-08,33.60,57.46,Neutro
2024-04-09,37.88,59.47,Neutro
2024-04-10,33.44,40.21,Neutro
2024-04-11,43.49,41.44,Neutro
2024-04-12,39.80,40.88,Neutro
2024-04-15,31.40,44.27,Neutro
2024-04-16,31.52,41.18,Neutro
2024-04-17,28.91,31.21,Neutro
2024-04-18,14.55,27.46,Sobrevendido
2024-04-19,70.65,47.62,Neutro
2024-04-22,75.23,57.70,Neutro
2024-04-23,87.68,59.36,Neutro
2024-04-24,83.33,53.95,Neutro
2024-04-25,73.66,51.14,Neutro
2024-04-26,77.82,52.53,Neutro
2024-04-29,65.84,43.72,Neutro
2024-04-30,38.74,53.20,Neutro
2024-05-01,53.10,62.60,Neutro
2024-05-02,56.13,68.62,Neutro
2024-05-03,61.09,69.45,Neutro
2024-05-06,70.98,72.16,Sobrecomprado
2024-05-07,63.41,69.96,Neutro
2024-05-08,77.12,71.38,Sobrecomprado
2024-05-09,91.79,67.76,Neutro
2024-05-10,85.23,64.01,Neutro
2024-05-13,62.00,58.04,Neutro
2024-05-14,62.50,61.54,Neutro
2024-05-15,65.87,69.09,Neutro
2024-05-16,79.65,69.50,Neutro
2024-05-17,76.82,77.01,Sobrecomprado
2024-05-20,46.20,74.03,Sobrecomprado
2024-05-21,54.23,67.43,Neutro
2024-05-22,57.37,59.41,Neutro
2024-05-23,33.06,44.42,Neutro
2024-05-24,41.30,50.56,Neutro
2024-05-28,30.00,48.48,Neutro
2024-05-29,24.25,40.62,Neutro
2024-05-30,42.18,43.53,Neutro
2024-05-31,36.33,43.36,Neutro
2024-06-03,35.31,43.53,Neutro
2024-06-04,41.54,37.55,Neutro
2024-06-05,37.40,39.43,Neutro
2024-06-06,44.60,36.18,Neutro
2024-06-07,55.23,34.78,Neutro
2024-06-10,22.60,36.29,Neutro
2024-06-11,26.97,33.26,Neutro
2024-06-12,60.41,44.87,Neutro
2024-06-13,52.65,46.59,Neutro
2024-06-14,42.57,39.69,Neutro
2024-06-17,54.33,49.89,Neutro
2024-06-18,61.37,59.02,Neutro
2024-06-20,62.96,48.80,Neutro
2024-06-21,64.41,51.27,Neutro
2024-06-24,55.16,57.62,Neutro
2024-06-25,65.43,58.45,Neutro
2024-06-26,73.33,58.25,Neutro
2024-06-27,73.33,62.93,Neutro
2024-06-28,78.04,69.36,Neutro
2024-07-01,70.07,66.61,Neutro
2024-07-02,72.58,68.70,Neutro
2024-07-03,64.26,60.52,Neutro
2024-07-05,61.01,62.60,Neutro
2024-07-08,62.57,66.61,Neutro
2024-07-09,59.19,64.78,Neutro
2024-07-10,50.00,63.83,Neutro
2024-07-11,78.90,74.92,Sobrecomprado
2024-07-12,76.90,74.76,Sobrecomprado
2024-07-15,86.54,75.54,Sobrecomprado
2024-07-16,100.00,79.11,Sobrecomprado
2024-07-17,100.00,78.38,Sobrecomprado
2024-07-18,100.00,76.48,Sobrecomprado
2024-07-19,100.00,76.94,Sobrecomprado
2024-07-22,100.00,88.56,Sobrecomprado
2024-07-23,100.00,87.87,Sobrecomprado
2024-07-24,80.66,83.70,Sobrecomprado
2024-07-25,81.79,90.41,Sobrecomprado
2024-07-26,86.12,91.34,Sobrecomprado
2024-07-29,75.00,83.19,Sobrecomprado
2024-07-30,74.31,84.43,Sobrecomprado
2024-07-31,59.84,77.53,Sobrecomprado
2024-08-01,39.01,59.98,Neutro
2024-08-02,35.92,51.11,Neutro
2024-08-05,26.76,44.26,Neutro
2024-08-06,12.82,43.66,Neutro
2024-08-07,13.74,42.52,Neutro
2024-08-08,6.55,39.28,Neutro
2024-08-09,6.69,29.51,Sobrevendido
2024-08-12,9.62,27.67,Sobrevendido
2024-08-13,27.92,33.33,Neutro
2024-08-14,42.25,30.05,Neutro
2024-08-15,52.86,24.01,Sobrevendido
2024-08-16,67.57,31.06,Neutro
2024-08-19,64.71,25.20,Sobrevendido
2024-08-20,59.69,24.90,Sobrevendido
2024-08-21,70.95,34.93,Neutro
2024-08-22,60.98,41.80,Neutro
2024-08-23,86.91,71.61,Sobrecomprado
2024-08-26,85.76,72.35,Sobrecomprado
2024-08-27,82.91,75.47,Sobrecomprado
2024-08-28,86.14,77.30,Sobrecomprado
2024-08-29,96.69,79.64,Sobrecomprado
2024-08-30,96.55,84.93,Sobrecomprado
2024-09-03,87.77,77.29,Sobrecomprado
2024-09-04,62.84,79.88,Sobrecomprado
2024-09-05,52.94,75.36,Sobrecomprado
2024-09-06,40.70,65.19,Neutro
2024-09-09,7.81,64.67,Neutro
2024-09-10,19.73,71.49,Sobrecomprado
2024-09-11,14.81,67.26,Neutro
2024-09-12,29.79,70.00,Neutro
2024-09-13,64.07,63.59,Neutro
2024-09-16,72.84,65.15,Neutro
2024-09-17,90.00,65.41,Neutro
2024-09-18,90.20,58.43,Neutro
2024-09-19,91.77,64.62,Neutro
2024-09-20,64.83,48.81,Neutro
2024-09-23,62.50,52.67,Neutro
2024-09-24,39.13,51.03,Neutro
2024-09-25,27.56,49.70,Neutro
2024-09-26,23.43,50.82,Neutro
2024-09-27,26.01,52.20,Neutro
2024-09-30,32.82,58.00,Neutro
2024-10-01,35.43,51.08,Neutro
2024-10-02,30.57,46.02,Neutro
2024-10-03,32.42,35.33,Neutro
2024-10-04,42.04,35.78,Neutro
2024-10-07,45.45,34.85,Neutro
2024-10-08,40.47,33.28,Neutro
2024-10-09,17.97,26.89,Sobrevendido
2024-10-10,37.21,35.96,Neutro
2024-10-11,83.42,48.98,Neutro
2024-10-14,90.00,54.15,Neutro
2024-10-15,90.15,60.26,Neutro
2024-10-16,96.12,68.55,Neutro
2024-10-17,100.00,70.96,Sobrecomprado
2024-10-18,83.02,59.01,Neutro
2024-10-21,58.28,54.05,Neutro
2024-10-22,52.44,61.54,Neutro
2024-10-23,48.62,61.64,Neutro
2024-10-24,40.46,56.27,Neutro
2024-10-25,26.75,53.34,Neutro
2024-10-28,29.63,59.25,Neutro
2024-10-29,35.39,59.14,Neutro
2024-10-30,56.90,57.85,Neutro
2024-10-31,34.66,46.08,Neutro
2024-11-01,38.89,45.06,Neutro
2024-11-04,41.18,40.71,Neutro
2024-11-05,65.07,41.92,Neutro
2024-11-06,84.09,61.22,Neutro
2024-11-07,67.94,56.96,Neutro
2024-11-08,72.19,68.78,Neutro
2024-11-11,81.66,71.21,Sobrecomprado
2024-11-12,76.24,68.25,Neutro
2024-11-13,73.47,67.06,Neutro
2024-11-14,69.90,68.78,Neutro
2024-11-15,43.45,65.49,Neutro
2024-11-18,56.44,63.96,Neutro
2024-11-19,46.35,64.95,Neutro
2024-11-20,6.02,66.73,Neutro
2024-11-21,40.25,68.81,Neutro
2024-11-22,67.88,72.23,Sobrecomprado
2024-11-25,72.03,70.38,Sobrecomprado
2024-11-26,55.62,48.34,Neutro
2024-11-27,61.11,58.57,Neutro
2024-11-29,58.18,52.29,Neutro
2024-12-02,67.00,41.47,Neutro
2024-12-03,48.35,44.31,Neutro
2024-12-04,38.73,55.44,Neutro
2024-12-05,36.15,55.91,Neutro
2024-12-06,66.41,58.64,Neutro
2024-12-09,41.18,53.82,Neutro
2024-12-10,56.17,57.32,Neutro
2024-12-11,61.13,64.25,Neutro
2024-12-12,48.94,48.69,Neutro
2024-12-13,35.24,36.61,Neutro
2024-12-16,50.39,45.35,Neutro
2024-12-17,46.73,51.61,Neutro
2024-12-18,35.50,36.99,Neutro
2024-12-19,25.79,35.40,Neutro
2024-12-20,24.45,37.17,Neutro
2024-12-23,28.37,37.32,Neutro
2024-12-24,36.21,35.80,Neutro
2024-12-26,26.81,38.85,Neutro
2024-12-27,23.15,34.46,Neutro
2024-12-30,46.36,39.11,Neutro
2024-12-31,48.02,33.16,Neutro
2025-01-02,32.43,27.18,Sobrevendido
2025-01-03,44.12,34.47,Neutro
2025-01-06,31.29,34.28,Neutro
2025-01-07,19.72,23.72,Sobrevendido
2025-01-08,35.56,27.57,Sobrevendido
2025-01-10,17.39,29.41,Sobrevendido
2025-01-13,27.89,35.92,Neutro
2025-01-14,47.37,41.81,Neutro
2025-01-15,51.17,48.59,Neutro
2025-01-16,51.17,43.79,Neutro
2025-01-17,57.62,42.72,Neutro
2025-01-21,60.87,52.49,Neutro
2025-01-22,70.17,45.49,Neutro
2025-01-23,62.69,45.78,Neutro
2025-01-24,50.33,48.58,Neutro
2025-01-27,44.85,48.86,Neutro
2025-01-28,50.00,50.77,Neutro
2025-01-29,47.64,54.20,Neutro
2025-01-30,23.23,49.93,Neutro
2025-01-31,34.59,61.59,Neutro
2025-02-03,30.07,53.69,Neutro
2025-02-04,51.80,50.95,Neutro
2025-02-05,54.08,49.11,Neutro
2025-02-06,64.18,57.42,Neutro
2025-02-07,53.70,51.10,Neutro
2025-02-10,58.19,43.92,Neutro
2025-02-11,69.63,59.48,Neutro
2025-02-12,60.21,51.51,Neutro
2025-02-13,55.88,54.27,Neutro
2025-02-14,47.60,50.48,Neutro
2025-02-18,42.70,53.46,Neutro
2025-02-19,42.07,48.28,Neutro
2025-02-20,35.63,46.29,Neutro
2025-02-21,17.14,43.84,Neutro
2025-02-24,22.50,45.54,Neutro
2025-02-25,15.84,40.11,Neutro
2025-02-26,16.06,34.12,Neutro
2025-02-27,7.00,27.41,Sobrevendido
2025-02-28,25.97,35.62,Neutro
2025-03-03,28.14,33.06,Neutro
2025-03-04,23.15,19.50,Sobrevendido
2025-03-05,23.04,22.75,Sobrevendido
2025-03-06,16.67,16.23,Sobrevendido
2025-03-07,15.28,15.67,Sobrevendido
2025-03-10,10.96,9.38,Sobrevendido
2025-03-11,0.00,10.42,Sobrevendido
2025-03-12,5.76,14.88,Sobrevendido
2025-03-13,7.41,15.56,Sobrevendido
2025-03-14,30.77,27.06,Sobrevendido
2025-03-17,26.67,22.30,Sobrevendido
2025-03-18,26.36,21.31,Sobrevendido
2025-03-19,53.64,28.98,Sobrevendido
2025-03-20,50.64,23.46,Sobrevendido
2025-03-21,42.28,24.13,Sobrevendido
2025-03-24,61.54,39.39,Neutro
2025-03-25,44.36,38.08,Neutro
2025-03-26,55.90,40.50,Neutro
2025-03-27,62.09,42.43,Neutro
2025-03-28,43.78,49.14,Neutro
2025-03-31,52.15,51.31,Neutro
2025-04-01,62.20,50.24,Neutro
2025-04-02,43.12,56.28,Neutro
2025-04-03,18.15,31.20,Neutro
2025-04-04,11.58,31.32,Neutro
2025-04-07,18.45,36.15,Neutro
2025-04-08,19.19,28.63,Sobrevendido
2025-04-09,39.39,43.47,Neutro
2025-04-10,29.26,37.21,Neutro
2025-04-11,33.52,35.11,Neutro
2025-04-14,54.85,40.25,Neutro
2025-04-15,65.23,42.71,Neutro
2025-04-16,63.47,43.13,Neutro
2025-04-17,68.27,47.18,Neutro
2025-04-21,61.89,49.59,Neutro
2025-04-22,100.00,55.43,Neutro
2025-04-23,94.91,54.00,Neutro
2025-04-24,81.56,66.02,Neutro
2025-04-25,67.38,66.12,Neutro
2025-04-28,68.84,65.82,Neutro
2025-04-29,67.84,68.09,Neutro
2025-04-30,55.43,59.04,Neutro
2025-05-01,36.81,76.29,Sobrecomprado
2025-05-02,55.90,77.18,Sobrecomprado
2025-05-05,63.05,73.81,Sobrecomprado
2025-05-06,64.97,66.39,Neutro
2025-05-07,64.43,67.08,Neutro
2025-05-08,68.49,68.13,Neutro
2025-05-09,74.26,63.70,Neutro
2025-05-12,79.03,61.16,Neutro
2025-05-13,74.26,64.50,Neutro
2025-05-14,74.63,68.81,Neutro
2025-05-15,90.48,77.46,Sobrecomprado
2025-05-16,73.91,69.33,Neutro
2025-05-19,59.22,64.32,Neutro
2025-05-20,56.99,65.98,Neutro
2025-05-21,19.05,53.09,Neutro
2025-05-22,10.71,42.96,Neutro
2025-05-23,9.86,41.30,Neutro
2025-05-27,26.15,53.23,Neutro
2025-05-28,25.28,46.43,Neutro
2025-05-29,35.23,44.57,Neutro
2025-05-30,34.62,43.43,Neutro
2025-06-02,40.08,30.96,Neutro
2025-06-03,51.72,34.14,Neutro
2025-06-04,46.55,31.01,Neutro
2025-06-05,29.39,27.66,Sobrevendido
2025-06-06,51.46,37.60,Neutro
2025-06-09,48.44,41.11,Neutro
2025-06-10,63.26,48.36,Neutro
2025-06-11,61.62,51.35,Neutro
2025-06-12,50.58,51.15,Neutro
2025-06-13,46.13,46.34,Neutro
2025-06-16,44.71,38.00,Neutro
2025-06-17,29.76,40.33,Neutro
2025-06-18,25.94,36.85,Neutro
2025-06-20,11.94,41.08,Neutro
2025-06-23,43.80,53.22,Neutro
2025-06-24,52.14,51.32,Neutro
2025-06-25,72.19,55.85,Neutro
2025-06-26,84.39,61.04,Neutro
2025-06-27,88.72,55.48,Neutro
2025-06-30,89.42,55.48,Neutro
2025-07-01,91.79,57.57,Neutro
2025-07-02,89.72,65.35,Neutro
2025-07-03,91.02,72.03,Sobrecomprado
2025-07-07,82.59,78.59,Sobrecomprado
2025-07-08,80.17,82.13,Sobrecomprado
2025-07-09,81.20,84.62,Sobrecomprado
2025-07-10,79.82,84.51,Sobrecomprado
2025-07-11,43.32,70.10,Sobrecomprado
2025-07-14,46.98,67.49,Neutro
2025-07-15,21.45,53.37,Neutro
2025-07-16,36.86,58.79,Neutro
2025-07-17,40.51,57.66,Neutro
2025-07-18,40.51,57.98,Neutro
2025-07-21,56.88,64.61,Neutro
2025-07-22,67.97,58.68,Neutro
2025-07-23,63.41,56.47,Neutro
2025-07-24,69.55,45.50,Neutro
2025-07-25,56.99,46.55,Neutro
2025-07-28,56.34,47.84,Neutro
2025-07-29,46.75,43.69,Neutro
2025-07-30,11.19,38.60,Neutro
2025-07-31,10.16,40.95,Neutro
2025-08-01,8.38,33.33,Neutro
2025-08-04,24.10,44.31,Neutro
2025-08-05,27.51,40.66,Neutro
2025-08-06,18.26,35.22,Neutro
2025-08-07,21.48,34.93,Neutro
2025-08-08,37.61,22.85,Sobrevendido
2025-08-11,45.21,23.26,Sobrevendido
2025-08-12,85.83,38.79,Neutro
2025-08-13,84.98,47.98,Neutro
2025-08-14,73.56,47.58,Neutro
2025-08-15,66.67,40.68,Neutro
2025-08-18,70.63,46.85,Neutro
2025-08-19,67.14,54.03,Neutro
2025-08-20,68.37,59.34,Neutro
2025-08-21,43.53,68.59,Neutro
2025-08-22,66.20,74.66,Sobrecomprado
2025-08-25,65.73,69.47,Neutro
2025-08-26,83.65,74.77,Sobrecomprado
2025-08-27,82.66,76.04,Sobrecomprado
2025-08-28,80.08,73.28,Sobrecomprado
2025-08-29,77.60,72.61,Sobrecomprado
2025-09-02,68.55,59.16,Neutro
2025-09-03,26.71,52.79,Neutro
2025-09-04,56.71,62.44,Neutro
2025-09-05,34.66,64.01,Neutro
2025-09-08,36.46,63.17,Neutro
2025-09-09,32.04,58.66,Neutro
2025-09-10,30.28,55.56,Neutro
2025-09-11,43.69,58.08,Neutro
2025-09-12,41.47,35.54,Neutro
2025-09-15,24.40,40.36,Neutro
2025-09-16,24.26,29.57,Sobrevendido
2025-09-17,35.35,35.88,Neutro
2025-09-18,62.70,48.67,Neutro
2025-09-19,49.20,41.40,Neutro
2025-09-22,46.80,45.53,Neutro
2025-09-23,49.29,45.89,Neutro
2025-09-24,48.75,39.60,Neutro
2025-09-25,53.97,42.04,Neutro
2025-09-26,42.79,39.29,Neutro
2025-09-29,5.88,36.83,Neutro
2025-09-30,7.89,35.64,Neutro
2025-10-01,7.28,33.48,Neutro
2025-10-02,6.08,32.40,Neutro
2025-10-03,14.14,34.38,Neutro
2025-10-06,12.39,34.31,Neutro
2025-10-07,12.02,27.03,Sobrevendido
2025-10-08,20.00,12.40,Sobrevendido
2025-10-09,18.23,13.66,Sobrevendido
2025-10-10,12.87,10.48,Sobrevendido
2025-10-13,29.03,17.71,Sobrevendido
2025-10-14,40.81,28.27,Sobrevendido
2025-10-15,38.08,25.59,Sobrevendido
2025-10-16,31.49,22.80,Sobrevendido
2025-10-17,41.07,33.86,Neutro
2025-10-20,45.54,34.95,Neutro
2025-10-21,49.31,34.29,Neutro
2025-10-22,49.13,41.23,Neutro
2025-10-23,33.60,36.97,Neutro
2025-10-24,50.47,43.93,Neutro
2025-10-27,60.67,42.61,Neutro
2025-10-28,52.70,44.63,Neutro
2025-10-29,38.61,42.77,Neutro
2025-10-30,40.38,45.56,Neutro
2025-10-31,33.69,43.04,Neutro
2025-11-03,43.33,37.64,Neutro
2025-11-04,34.81,43.82,Neutro
2025-11-05,58.48,59.60,Neutro
2025-11-06,44.97,48.58,Neutro
2025-11-07,79.46,53.18,Neutro
2025-11-10,80.51,54.91,Neutro
2025-11-11,77.39,50.33,Neutro
2025-11-12,66.07,52.05,Neutro
2025-11-13,69.92,50.18,Neutro
2025-11-14,35.04,48.96,Neutro
2025-11-17,23.43,34.01,Neutro
2025-11-18,14.43,38.24,Neutro
2025-11-19,10.27,37.62,Neutro
2025-11-20,21.63,41.49,Neutro
2025-11-21,50.33,54.57,Neutro
2025-11-24,48.12,54.57,Neutro
2025-11-25,65.55,57.53,Neutro
2025-11-26,79.34,57.40,Neutro
2025-11-28,89.58,55.99,Neutro
2025-12-01,89.63,55.16,Neutro
2025-12-02,88.43,55.66,Neutro
2025-12-03,85.47,63.03,Neutro
2025-12-04,71.71,57.83,Neutro
2025-12-05,47.71,59.88,Neutro
2025-12-08,63.23,73.47,Sobrecomprado
2025-12-09,64.56,79.65,Sobrecomprado
2025-12-10,78.04,83.67,Sobrecomprado
2025-12-11,80.21,83.77,Sobrecomprado
2025-12-12,76.76,80.39,Sobrecomprado
2025-12-15,89.77,80.95,Sobrecomprado
2025-12-16,94.15,74.30,Sobrecomprado
2025-12-17,87.96,76.88,Sobrecomprado
2025-12-18,89.25,78.76,Sobrecomprado
2025-12-19,44.79,63.76,Neutro
2025-12-22,26.51,57.03,Neutro
2025-12-23,15.02,46.41,Neutro
2025-12-24,12.78,50.23,Neutro
2025-12-26,12.18,50.11,Neutro
2025-12-29,12.78,47.13,Neutro
2025-12-30,0.91,44.57,Neutro
2025-12-31,1.37,26.04,Sobrevendido
2026-01-02,1.67,17.61,Sobrevendido
2026-01-05,31.58,20.46,Sobrevendido
2026-01-06,26.56,17.75,Sobrevendido
2026-01-07,30.91,18.10,Sobrevendido
2026-01-08,57.30,32.35,Neutro
2026-01-09,58.29,26.40,Sobrevendido
2026-01-12,63.58,35.11,Neutro
2026-01-13,65.09,38.75,Neutro
2026-01-14,66.67,52.92,Neutro
2026-01-15,79.72,59.71,Neutro
2026-01-16,78.60,62.46,Neutro
2026-01-20,49.51,53.14,Neutro
2026-01-21,73.31,68.06,Neutro
2026-01-22,73.80,70.30,Sobrecomprado
2026-01-23,55.68,58.29,Neutro
2026-01-26,51.13,55.90,Neutro
2026-01-27,43.97,57.50,Neutro
2026-01-28,37.87,52.02,Neutro
2026-01-29,53.92,52.48,Neutro
2026-01-30,45.81,58.92,Neutro
2026-02-02,56.98,64.11,Neutro
2026-02-03,81.45,67.01,Neutro
2026-02-04,84.04,67.62,Neutro
2026-02-05,84.50,65.97,Neutro
2026-02-06,100.00,66.75,Neutro
2026-02-09,87.94,68.48,Neutro
2026-02-10,76.23,58.75,Neutro
2026-02-11,49.48,54.74,Neutro
2026-02-12,39.66,67.18,Neutro
2026-02-13,21.74,68.09,Neutro
2026-02-17,36.09,70.45,Sobrecomprado
2026-02-18,27.31,72.31,Sobrecomprado
2026-02-19,32.07,67.33,Neutro
2026-02-20,40.83,62.44,Neutro
2026-02-23,33.66,41.31,Neutro
2026-02-24,37.50,38.52,Neutro
2026-02-25,45.89,36.86,Neutro
2026-02-26,33.51,34.73,Neutro
2026-02-27,29.44,28.37,Sobrevendido
2026-03-02,40.33,36.77,Neutro
2026-03-03,35.34,37.56,Neutro
2026-03-04,57.67,45.95,Neutro
2026-03-05,50.00,44.27,Neutro
2026-03-06,36.79,41.75,Neutro
2026-03-09,34.30,33.92,Neutro
2026-03-10,56.43,40.11,Neutro
2026-03-11,37.93,39.55,Neutro
2026-03-12,50.44,40.06,Neutro
2026-03-13,29.11,50.00,Neutro
2026-03-16,63.29,53.33,Neutro
2026-03-17,46.73,40.33,Neutro
2026-03-18,37.88,35.69,Neutro
2026-03-19,50.60,53.27,Neutro
2026-03-20,36.05,36.68,Neutro
2026-03-23,49.83,50.00,Neutro
2026-03-24,54.15,49.26,Neutro
2026-03-25,51.47,53.89,Neutro
2026-03-26,53.74,51.87,Neutro
2026-03-27,55.83,50.12,Neutro
2026-03-30,55.04,53.38,Neutro
2026-03-31,77.51,55.66,Neutro
2026-04-01,73.14,58.47,Neutro
2026-04-02,72.35,60.40,Neutro
2026-04-06,78.34,62.60,Neutro
2026-04-07,86.98,67.78,Neutro
2026-04-08,100.00,76.42,Sobrecomprado
2026-04-09,100.00,77.36,Sobrecomprado
2026-04-10,92.98,86.44,Sobrecomprado
2026-04-13,89.52,82.74,Sobrecomprado
2026-04-14,89.08,82.11,Sobrecomprado
2026-04-15,82.98,80.49,Sobrecomprado
2026-04-16,84.83,85.92,Sobrecomprado
2026-04-17,87.60,93.66,Sobrecomprado
2026-04-20,63.78,82.58,Sobrecomprado
2026-04-21,56.06,74.39,Sobrecomprado
2026-04-22,60.20,73.37,Sobrecomprado
2026-04-23,55.63,70.37,Sobrecomprado
2026-04-24,55.26,65.85,Neutro
2026-04-27,64.02,71.48,Sobrecomprado
2026-04-28,55.26,70.11,Sobrecomprado
2026-04-29,53.00,57.79,Neutro
2026-04-30,64.53,60.11,Neutro
2026-05-01,67.47,63.74,Neutro
2026-05-04,53.72,54.59,Neutro
2026-05-05,61.17,58.66,Neutro
2026-05-06,50.00,57.59,Neutro
2026-05-07,46.67,50.99,Neutro
2026-05-08,65.20,58.38,Neutro
2026-05-11,46.65,54.44,Neutro
2026-05-12,34.23,49.60,Neutro
2026-05-13,46.83,50.89,Neutro
2026-05-14,37.38,53.04,Neutro
2026-05-15,25.22,39.64,Neutro
2026-05-18,42.47,44.57,Neutro
2026-05-19,36.36,49.81,Neutro
2026-05-20,66.54,55.17,Neutro
2026-05-21,79.49,52.81,Neutro
2026-05-22,74.69,60.56,Neutro
2026-05-26,76.15,58.65,Neutro
2026-05-27,82.50,54.47,Neutro
2026-05-28,70.30,52.37,Neutro
2026-05-29,72.50,49.33,Neutro
2026-06-01,42.24,58.98,Neutro
2026-06-02,59.64,71.25,Sobrecomprado
2026-06-03,45.41,60.91,Neutro
2026-06-04,59.39,67.27,Neutro
2026-06-05,66.56,73.62,Sobrecomprado
2026-06-08,67.68,68.61,Neutro
2026-06-09,73.47,73.16,Sobrecomprado
2026-06-10,80.40,70.84,Sobrecomprado
2026-06-11,75.97,69.93,Neutro
2026-06-12,88.84,68.26,Neutro
2026-06-15,58.56,59.07,Neutro
2026-06-16,59.89,64.01,Neutro
2026-06-17,51.61,60.89,Neutro
2026-06-18,47.50,63.90,Neutro
2026-06-22,39.08,66.60,Neutro
2026-06-23,55.46,66.60,Neutro
