Date,RSI_7,RSI_14,RSI_Sinal
2009-09-03,,,Neutro
2009-09-04,,,Neutro
2009-09-08,,,Neutro
2009-09-09,,,Neutro
2009-09-10,,,Neutro
2009-09-11,,,Neutro
2009-09-14,,,Neutro
2009-09-15,,,Neutro
2009-09-16,,,Neutro
2009-09-17,,,Neutro
2009-09-18,100.00,100.00,Sobrecomprado
2009-09-21,100.00,100.00,Sobrecomprado
2009-09-22,100.00,100.00,Sobrecomprado
2009-09-23,100.00,100.00,Sobrecomprado
2009-09-24,100.00,100.00,Sobrecomprado
2009-09-25,100.00,100.00,Sobrecomprado
2009-09-28,60.00,60.00,Neutro
2009-09-29,60.00,66.67,Neutro
2009-09-30,50.00,57.14,Neutro
2009-10-01,45.45,52.63,Neutro
2009-10-02,48.57,55.00,Neutro
2009-10-05,40.00,55.00,Neutro
2009-10-06,23.33,48.89,Neutro
2009-10-07,33.33,47.83,Neutro
2009-10-08,12.50,41.46,Neutro
2009-10-09,16.67,40.48,Neutro
2009-10-12,36.36,43.18,Neutro
2009-10-13,22.22,43.18,Neutro
2009-10-14,22.22,35.90,Neutro
2009-10-15,15.38,20.93,Sobrevendido
2009-10-16,16.67,27.27,Sobrevendido
2009-10-19,16.67,14.29,Sobrevendido
2009-10-20,12.50,14.29,Sobrevendido
2009-10-21,0.00,13.42,Sobrevendido
2009-10-22,0.00,7.14,Sobrevendido
2009-10-23,0.00,7.14,Sobrevendido
2009-10-26,0.00,8.70,Sobrevendido
2009-10-27,54.55,41.18,Neutro
2009-10-28,50.00,38.89,Neutro
2009-10-29,75.86,53.33,Neutro
2009-10-30,75.34,45.83,Neutro
2009-11-02,77.42,48.00,Neutro
2009-11-03,79.41,50.94,Neutro
2009-11-04,69.23,55.10,Neutro
2009-11-05,58.62,56.86,Neutro
2009-11-06,58.62,54.72,Neutro
2009-11-09,42.86,62.00,Neutro
2009-11-10,61.11,69.92,Neutro
2009-11-11,69.57,74.07,Sobrecomprado
2009-11-12,68.18,75.00,Sobrecomprado
2009-11-13,75.00,71.19,Sobrecomprado
2009-11-16,59.09,58.82,Neutro
2009-11-17,56.52,57.69,Neutro
2009-11-18,49.77,46.40,Neutro
2009-11-19,39.13,48.78,Neutro
2009-11-20,10.75,43.27,Neutro
2009-11-23,0.00,33.33,Neutro
2009-11-24,4.76,39.02,Neutro
2009-11-25,5.00,33.33,Neutro
2009-11-27,5.00,32.56,Neutro
2009-11-30,5.29,29.27,Sobrevendido
2009-12-01,6.25,25.64,Sobrevendido
2009-12-02,5.15,7.89,Sobrevendido
2009-12-03,7.69,2.78,Sobrevendido
2009-12-04,0.00,3.03,Sobrevendido
2009-12-07,0.00,3.23,Sobrevendido
2009-12-08,23.81,11.48,Sobrevendido
2009-12-09,19.38,11.01,Sobrevendido
2009-12-10,41.57,24.85,Sobrevendido
2009-12-11,60.16,26.50,Sobrevendido
2009-12-14,67.97,40.28,Neutro
2009-12-15,52.53,32.70,Neutro
2009-12-16,52.53,33.77,Neutro
2009-12-17,39.90,34.32,Neutro
2009-12-18,39.70,31.71,Neutro
2009-12-21,29.41,35.63,Neutro
2009-12-22,27.78,40.92,Neutro
2009-12-23,12.12,38.99,Neutro
2009-12-24,23.08,40.85,Neutro
2009-12-28,23.26,40.98,Neutro
2009-12-29,38.33,39.31,Neutro
2009-12-30,45.10,41.53,Neutro
2009-12-31,31.71,30.16,Neutro
2010-01-04,52.87,35.96,Neutro
2010-01-05,50.00,25.68,Sobrevendido
2010-01-06,41.43,30.43,Neutro
2010-01-07,52.94,33.50,Neutro
2010-01-08,35.09,37.29,Neutro
2010-01-11,35.71,41.77,Neutro
2010-01-12,46.27,38.26,Neutro
2010-01-13,23.40,42.54,Neutro
2010-01-14,40.74,47.90,Neutro
2010-01-15,53.94,44.14,Neutro
2010-01-19,41.94,49.49,Neutro
2010-01-20,36.11,35.48,Neutro
2010-01-21,35.14,35.48,Neutro
2010-01-22,27.27,40.00,Neutro
2010-01-25,20.93,22.22,Sobrevendido
2010-01-26,20.93,28.57,Sobrevendido
2010-01-27,32.00,39.14,Neutro
2010-01-28,30.77,34.94,Neutro
2010-01-29,25.81,29.59,Sobrevendido
2010-02-01,29.09,31.52,Neutro
2010-02-02,14.29,18.75,Sobrevendido
2010-02-03,24.14,22.77,Sobrevendido
2010-02-04,21.88,21.50,Sobrevendido
2010-02-05,7.81,18.42,Sobrevendido
2010-02-08,8.33,18.75,Sobrevendido
2010-02-09,10.00,18.75,Sobrevendido
2010-02-10,8.33,18.26,Sobrevendido
2010-02-11,46.67,31.88,Neutro
2010-02-12,37.50,31.88,Neutro
2010-02-16,61.40,47.19,Neutro
2010-02-17,69.30,47.19,Neutro
2010-02-18,66.95,47.19,Neutro
2010-02-19,75.42,55.95,Neutro
2010-02-22,83.19,57.23,Neutro
2010-02-23,65.31,57.23,Neutro
2010-02-24,55.41,48.08,Neutro
2010-02-25,37.95,51.52,Neutro
2010-02-26,30.41,53.99,Neutro
2010-03-01,30.00,52.59,Neutro
2010-03-02,16.89,52.86,Neutro
2010-03-03,21.15,57.85,Neutro
2010-03-04,26.19,50.00,Neutro
2010-03-05,68.60,59.94,Neutro
2010-03-08,43.59,40.68,Neutro
2010-03-09,43.59,37.17,Neutro
2010-03-10,59.04,45.25,Neutro
2010-03-11,52.18,36.63,Neutro
2010-03-12,52.13,38.07,Neutro
2010-03-15,52.13,41.71,Neutro
2010-03-16,32.83,49.06,Neutro
2010-03-17,54.73,48.09,Neutro
2010-03-18,64.70,53.40,Neutro
2010-03-19,50.00,55.33,Neutro
2010-03-22,39.61,46.70,Neutro
2010-03-23,47.61,50.00,Neutro
2010-03-24,44.93,48.63,Neutro
2010-03-25,47.05,40.48,Neutro
2010-03-26,41.16,46.37,Neutro
2010-03-29,26.70,44.74,Neutro
2010-03-30,37.50,42.73,Neutro
2010-03-31,66.67,49.96,Neutro
2010-04-01,48.28,47.78,Neutro
2010-04-05,48.28,45.76,Neutro
2010-04-06,50.00,47.82,Neutro
2010-04-07,50.00,43.47,Neutro
2010-04-08,42.86,31.85,Neutro
2010-04-09,42.86,39.13,Neutro
2010-04-12,50.00,58.82,Neutro
2010-04-13,31.37,37.50,Neutro
2010-04-14,34.78,40.00,Neutro
2010-04-15,32.97,39.74,Neutro
2010-04-16,49.00,49.38,Neutro
2010-04-19,49.49,46.75,Neutro
2010-04-20,44.44,43.75,Neutro
2010-04-21,43.18,46.43,Neutro
2010-04-22,44.19,37.23,Neutro
2010-04-23,50.00,42.55,Neutro
2010-04-26,41.74,37.86,Neutro
2010-04-27,36.79,42.72,Neutro
2010-04-28,38.61,44.00,Neutro
2010-04-29,48.33,46.67,Neutro
2010-04-30,79.05,70.83,Sobrecomprado
2010-05-03,69.64,64.45,Neutro
2010-05-04,54.63,53.75,Neutro
2010-05-05,52.09,49.91,Neutro
2010-05-06,48.53,46.25,Neutro
2010-05-07,47.56,45.92,Neutro
2010-05-10,47.09,47.35,Neutro
2010-05-11,9.22,44.98,Neutro
2010-05-12,16.07,48.21,Neutro
2010-05-13,24.00,46.43,Neutro
2010-05-14,30.00,47.27,Neutro
2010-05-17,33.64,45.62,Neutro
2010-05-18,40.91,46.47,Neutro
2010-05-19,14.29,42.64,Neutro
2010-05-20,33.33,13.45,Sobrevendido
2010-05-21,18.59,16.56,Sobrevendido
2010-05-24,16.67,21.90,Sobrevendido
2010-05-25,18.52,26.44,Sobrevendido
2010-05-26,19.23,28.93,Sobrevendido
2010-05-27,42.42,41.56,Neutro
2010-05-28,37.84,26.39,Sobrevendido
2010-06-01,35.57,34.55,Neutro
2010-06-02,35.77,28.37,Sobrevendido
2010-06-03,37.69,27.79,Sobrevendido
2010-06-04,48.51,35.84,Neutro
2010-06-07,43.87,34.28,Neutro
2010-06-08,23.24,32.12,Neutro
2010-06-09,25.57,31.89,Neutro
2010-06-10,15.48,25.83,Sobrevendido
2010-06-11,16.05,26.36,Sobrevendido
2010-06-14,19.77,29.83,Sobrevendido
2010-06-15,0.00,29.44,Sobrevendido
2010-06-16,10.53,33.28,Neutro
2010-06-17,13.79,20.64,Sobrevendido
2010-06-18,30.43,26.78,Sobrevendido
2010-06-21,36.84,20.19,Sobrevendido
2010-06-22,31.82,20.05,Sobrevendido
2010-06-23,33.64,23.86,Sobrevendido
2010-06-24,47.67,12.62,Sobrevendido
2010-06-25,40.00,18.87,Sobrevendido
2010-06-28,42.25,23.15,Sobrevendido
2010-06-29,40.58,34.24,Neutro
2010-06-30,56.10,45.76,Neutro
2010-07-01,56.10,42.19,Neutro
2010-07-02,64.00,48.10,Neutro
2010-07-06,62.50,55.49,Neutro
2010-07-07,50.00,45.76,Neutro
2010-07-08,57.30,50.62,Neutro
2010-07-09,54.76,48.37,Neutro
2010-07-12,36.84,46.84,Neutro
2010-07-13,57.58,56.76,Neutro
2010-07-14,54.10,60.25,Neutro
2010-07-15,63.16,62.79,Neutro
2010-07-16,67.61,57.23,Neutro
2010-07-19,74.03,65.06,Neutro
2010-07-20,71.01,62.09,Neutro
2010-07-21,62.82,50.00,Neutro
2010-07-22,70.41,65.24,Neutro
2010-07-23,67.05,61.74,Neutro
2010-07-26,57.14,60.13,Neutro
2010-07-27,72.62,70.32,Sobrecomprado
2010-07-28,50.49,60.56,Neutro
2010-07-29,42.28,52.60,Neutro
2010-07-30,58.06,59.90,Neutro
2010-08-02,44.68,57.81,Neutro
2010-08-03,34.91,49.48,Neutro
2010-08-04,42.98,48.69,Neutro
2010-08-05,36.27,52.69,Neutro
2010-08-06,50.00,50.28,Neutro
2010-08-09,50.00,45.18,Neutro
2010-08-10,50.00,55.05,Neutro
2010-08-11,50.00,47.02,Neutro
2010-08-12,48.05,40.44,Neutro
2010-08-13,57.89,49.76,Neutro
2010-08-16,50.00,43.07,Neutro
2010-08-17,41.67,44.85,Neutro
2010-08-18,50.00,50.00,Neutro
2010-08-19,44.44,46.95,Neutro
2010-08-20,32.79,39.29,Neutro
2010-08-23,40.38,43.65,Neutro
2010-08-24,13.48,36.41,Neutro
2010-08-25,20.24,36.41,Neutro
2010-08-26,20.24,32.84,Neutro
2010-08-27,20.24,36.41,Neutro
2010-08-30,6.73,24.23,Sobrevendido
2010-08-31,9.72,24.23,Sobrevendido
2010-09-01,7.14,27.01,Sobrevendido
2010-09-02,33.33,22.56,Sobrevendido
2010-09-03,28.57,24.03,Sobrevendido
2010-09-07,40.00,27.61,Sobrevendido
2010-09-08,45.45,30.22,Neutro
2010-09-09,55.56,21.48,Sobrevendido
2010-09-10,77.53,47.20,Neutro
2010-09-13,63.89,41.57,Neutro
2010-09-14,55.68,45.40,Neutro
2010-09-15,52.69,42.33,Neutro
2010-09-16,55.10,50.00,Neutro
2010-09-17,52.69,50.00,Neutro
2010-09-20,59.04,57.81,Neutro
2010-09-21,12.82,57.81,Neutro
2010-09-22,25.00,57.81,Neutro
2010-09-23,17.24,46.15,Neutro
2010-09-24,14.71,42.52,Neutro
2010-09-27,0.00,42.19,Neutro
2010-09-28,0.00,39.84,Neutro
2010-09-29,0.00,47.57,Neutro
2010-09-30,0.00,7.81,Sobrevendido
2010-10-01,16.67,20.00,Sobrevendido
2010-10-04,12.20,14.29,Sobrevendido
2010-10-05,27.78,21.43,Sobrevendido
2010-10-06,35.90,20.29,Sobrevendido
2010-10-07,29.17,17.95,Sobrevendido
2010-10-08,26.92,19.44,Sobrevendido
2010-10-11,26.92,18.18,Sobrevendido
2010-10-12,25.49,22.22,Sobrevendido
2010-10-13,39.39,24.32,Sobrevendido
2010-10-14,31.03,29.23,Sobrevendido
2010-10-15,31.03,33.82,Neutro
2010-10-18,34.62,31.08,Neutro
2010-10-19,45.83,32.89,Neutro
2010-10-20,55.00,34.72,Neutro
2010-10-21,35.00,28.17,Sobrevendido
2010-10-22,42.11,40.38,Neutro
2010-10-25,38.89,34.04,Neutro
2010-10-26,26.67,29.55,Sobrevendido
2010-10-27,30.77,33.33,Neutro
2010-10-28,35.71,42.11,Neutro
2010-10-29,29.41,43.24,Neutro
2010-11-01,27.78,31.58,Neutro
2010-11-02,20.00,30.77,Neutro
2010-11-03,20.00,28.95,Sobrevendido
2010-11-04,23.81,25.00,Sobrevendido
2010-11-05,84.21,76.40,Sobrecomprado
2010-11-08,54.46,52.38,Neutro
2010-11-09,56.48,52.80,Neutro
2010-11-10,59.22,54.55,Neutro
2010-11-11,61.00,54.17,Neutro
2010-11-12,55.45,50.00,Neutro
2010-11-15,52.68,48.12,Neutro
2010-11-16,0.00,48.48,Neutro
2010-11-17,0.00,47.29,Neutro
2010-11-18,0.00,48.03,Neutro
2010-11-19,9.52,50.81,Neutro
2010-11-22,8.70,51.22,Neutro
2010-11-23,35.29,52.76,Neutro
2010-11-24,33.33,50.00,Neutro
2010-11-26,40.00,8.45,Sobrevendido
2010-11-29,40.00,18.75,Sobrevendido
2010-11-30,37.50,17.14,Sobrevendido
2010-12-01,21.05,15.00,Sobrevendido
2010-12-02,35.00,20.93,Sobrevendido
2010-12-03,15.79,25.00,Sobrevendido
2010-12-06,18.75,26.47,Sobrevendido
2010-12-07,18.75,29.03,Sobrevendido
2010-12-08,23.53,31.25,Neutro
2010-12-09,28.57,33.33,Neutro
2010-12-10,40.00,27.59,Sobrevendido
2010-12-13,11.11,27.59,Sobrevendido
2010-12-14,16.67,16.00,Sobrevendido
2010-12-15,50.00,27.27,Sobrevendido
2010-12-16,50.00,27.27,Sobrevendido
2010-12-17,40.00,27.27,Sobrevendido
2010-12-20,20.00,25.00,Sobrevendido
2010-12-21,46.15,43.48,Neutro
2010-12-22,64.29,43.48,Neutro
2010-12-23,75.00,61.54,Neutro
2010-12-27,61.91,59.26,Neutro
2010-12-28,52.00,51.61,Neutro
2010-12-29,48.15,46.87,Neutro
2010-12-30,54.17,44.12,Neutro
2010-12-31,70.27,64.00,Neutro
2011-01-03,74.42,71.93,Sobrecomprado
2011-01-04,63.41,67.21,Neutro
2011-01-05,59.09,60.00,Neutro
2011-01-06,60.47,57.35,Neutro
2011-01-07,55.32,52.70,Neutro
2011-01-10,58.70,57.14,Neutro
2011-01-11,40.63,56.52,Neutro
2011-01-12,17.39,54.55,Neutro
2011-01-13,16.00,45.45,Neutro
2011-01-14,50.00,55.41,Neutro
2011-01-18,50.00,56.16,Neutro
2011-01-19,62.50,57.75,Neutro
2011-01-20,60.87,59.42,Neutro
2011-01-21,55.00,46.15,Neutro
2011-01-24,62.50,40.43,Neutro
2011-01-25,65.22,39.58,Neutro
2011-01-26,55.56,52.08,Neutro
2011-01-27,93.24,80.77,Sobrecomprado
2011-01-28,66.35,65.62,Neutro
2011-01-31,58.47,58.87,Neutro
2011-02-01,61.72,60.81,Neutro
2011-02-02,58.14,58.82,Neutro
2011-02-03,56.82,58.06,Neutro
2011-02-04,54.33,54.48,Neutro
2011-02-07,12.82,51.97,Neutro
2011-02-08,24.00,52.60,Neutro
2011-02-09,33.33,52.60,Neutro
2011-02-10,7.69,52.60,Neutro
2011-02-11,7.41,49.36,Neutro
2011-02-14,32.00,52.87,Neutro
2011-02-15,30.77,50.33,Neutro
2011-02-16,65.22,24.75,Sobrevendido
2011-02-17,66.67,37.84,Neutro
2011-02-18,70.37,49.21,Neutro
2011-02-22,51.35,33.33,Neutro
2011-02-23,47.50,31.34,Neutro
2011-02-24,51.16,44.12,Neutro
2011-02-25,45.83,40.54,Neutro
2011-02-28,40.91,49.25,Neutro
2011-03-01,34.09,45.59,Neutro
2011-03-02,27.91,44.29,Neutro
2011-03-03,36.36,44.29,Neutro
2011-03-04,53.85,50.00,Neutro
2011-03-07,29.41,45.00,Neutro
2011-03-08,41.67,45.00,Neutro
2011-03-09,16.67,35.71,Neutro
2011-03-10,14.29,29.31,Sobrevendido
2011-03-11,16.67,25.45,Sobrevendido
2011-03-14,16.67,31.11,Neutro
2011-03-15,9.09,40.54,Neutro
2011-03-16,16.67,24.14,Sobrevendido
2011-03-17,16.67,29.17,Sobrevendido
2011-03-18,36.36,26.09,Sobrevendido
2011-03-21,57.14,28.57,Sobrevendido
2011-03-22,50.00,30.00,Neutro
2011-03-23,60.00,36.36,Neutro
2011-03-24,50.00,28.57,Sobrevendido
2011-03-25,44.44,28.57,Sobrevendido
2011-03-28,36.36,26.09,Sobrevendido
2011-03-29,46.15,41.67,Neutro
2011-03-30,64.71,62.50,Neutro
2011-03-31,68.75,62.50,Neutro
2011-04-01,70.59,66.67,Neutro
2011-04-04,60.00,56.67,Neutro
2011-04-05,57.14,53.33,Neutro
2011-04-06,60.00,51.61,Neutro
2011-04-07,50.00,48.28,Neutro
2011-04-08,20.00,43.75,Neutro
2011-04-11,36.84,51.43,Neutro
2011-04-12,21.05,44.44,Neutro
2011-04-13,26.67,45.71,Neutro
2011-04-14,37.50,48.65,Neutro
2011-04-15,46.15,54.55,Neutro
2011-04-18,40.00,45.16,Neutro
2011-04-19,42.86,31.03,Neutro
2011-04-20,20.00,31.03,Neutro
2011-04-21,58.33,35.48,Neutro
2011-04-25,46.67,36.67,Neutro
2011-04-26,50.00,43.75,Neutro
2011-04-27,40.00,42.42,Neutro
2011-04-28,40.00,40.00,Neutro
2011-04-29,36.36,38.89,Neutro
2011-05-02,46.15,38.89,Neutro
2011-05-03,31.82,41.18,Neutro
2011-05-04,36.84,41.18,Neutro
2011-05-05,25.00,37.50,Neutro
2011-05-06,33.33,37.50,Neutro
2011-05-09,40.00,40.00,Neutro
2011-05-10,80.00,44.44,Neutro
2011-05-11,0.00,44.44,Neutro
2011-05-12,,31.82,Neutro
2011-05-13,0.00,26.42,Sobrevendido
2011-05-16,0.00,16.00,Sobrevendido
2011-05-17,0.00,19.05,Sobrevendido
2011-05-18,0.00,20.00,Sobrevendido
2011-05-19,0.00,26.67,Sobrevendido
2011-05-20,0.00,0.00,Sobrevendido
2011-05-23,0.00,0.00,Sobrevendido
2011-05-24,0.00,0.00,Sobrevendido
2011-05-25,0.00,0.00,Sobrevendido
2011-05-26,0.00,0.00,Sobrevendido
2011-05-27,,0.00,Sobrevendido
2011-05-31,,0.00,Sobrevendido
2011-06-01,,0.00,Sobrevendido
2011-06-02,,0.00,Sobrevendido
2011-06-03,,0.00,Sobrevendido
2011-06-06,,0.00,Sobrevendido
2011-06-07,,0.00,Sobrevendido
2011-06-08,,,Neutro
2011-06-09,,,Neutro
2011-06-10,,,Neutro
2011-06-13,100.00,100.00,Sobrecomprado
2011-06-14,100.00,100.00,Sobrecomprado
2011-06-15,50.00,50.00,Neutro
2011-06-16,50.00,50.00,Neutro
2011-06-17,50.00,50.00,Neutro
2011-06-20,50.00,50.00,Neutro
2011-06-21,4.54,4.54,Sobrevendido
2011-06-22,0.00,4.54,Sobrevendido
2011-06-23,0.00,4.54,Sobrevendido
2011-06-24,0.00,4.54,Sobrevendido
2011-06-27,0.00,4.54,Sobrevendido
2011-06-28,0.00,4.54,Sobrevendido
2011-06-29,0.00,4.54,Sobrevendido
2011-06-30,,4.54,Sobrevendido
2011-07-01,,0.00,Sobrevendido
2011-07-05,,0.00,Sobrevendido
2011-07-06,,0.00,Sobrevendido
2011-07-07,,0.00,Sobrevendido
2011-07-08,,0.00,Sobrevendido
2011-07-11,,0.00,Sobrevendido
2011-07-12,,,Neutro
2011-07-13,,,Neutro
2011-07-14,,,Neutro
2011-07-15,,,Neutro
2011-07-18,,,Neutro
2011-07-19,100.00,100.00,Sobrecomprado
2011-07-20,100.00,100.00,Sobrecomprado
2011-07-21,62.50,62.50,Neutro
2011-07-22,62.50,62.50,Neutro
2011-07-25,62.50,62.50,Neutro
2011-07-26,50.00,50.00,Neutro
2011-07-27,50.00,50.00,Neutro
2011-07-28,0.00,50.00,Neutro
2011-07-29,0.00,50.00,Neutro
2011-08-01,0.00,50.00,Neutro
2011-08-02,0.00,50.00,Neutro
2011-08-03,0.00,50.00,Neutro
2011-08-04,,50.00,Neutro
2011-08-05,,50.00,Neutro
2011-08-08,,0.00,Sobrevendido
2011-08-09,,0.00,Sobrevendido
2011-08-10,,0.00,Sobrevendido
2011-08-11,,0.00,Sobrevendido
2011-08-12,,0.00,Sobrevendido
2011-08-15,,,Neutro
2011-08-16,,,Neutro
2011-08-17,,,Neutro
2011-08-18,,,Neutro
2011-08-19,,,Neutro
2011-08-22,,,Neutro
2011-08-23,,,Neutro
2011-08-24,,,Neutro
2011-08-25,,,Neutro
2011-08-26,,,Neutro
2011-08-29,,,Neutro
2011-08-30,,,Neutro
2011-08-31,,,Neutro
2011-09-01,,,Neutro
2011-09-02,,,Neutro
2011-09-06,,,Neutro
2011-09-07,,,Neutro
2011-09-08,,,Neutro
2011-09-09,,,Neutro
2011-09-12,,,Neutro
2011-09-13,,,Neutro
2011-09-14,,,Neutro
2011-09-15,,,Neutro
2011-09-16,,,Neutro
2011-09-19,,,Neutro
2011-09-20,,,Neutro
2011-09-21,,,Neutro
2011-09-22,,,Neutro
2011-09-23,,,Neutro
2011-09-26,,,Neutro
2011-09-27,100.00,100.00,Sobrecomprado
2011-09-28,100.00,100.00,Sobrecomprado
2011-09-29,100.00,100.00,Sobrecomprado
2011-09-30,100.00,100.00,Sobrecomprado
2011-10-03,100.00,100.00,Sobrecomprado
2011-10-04,100.00,100.00,Sobrecomprado
2011-10-05,100.00,100.00,Sobrecomprado
2011-10-06,,100.00,Sobrecomprado
2011-10-07,,100.00,Sobrecomprado
2011-10-10,,100.00,Sobrecomprado
2011-10-11,,100.00,Sobrecomprado
2011-10-12,,100.00,Sobrecomprado
2011-10-13,,100.00,Sobrecomprado
2011-10-14,,100.00,Sobrecomprado
2011-10-17,,,Neutro
2011-10-18,,,Neutro
2011-10-19,,,Neutro
2011-10-20,,,Neutro
2011-10-21,,,Neutro
2011-10-24,,,Neutro
2011-10-25,,,Neutro
2011-10-26,,,Neutro
2011-10-27,,,Neutro
2011-10-28,0.00,0.00,Sobrevendido
2011-10-31,0.00,0.00,Sobrevendido
2011-11-01,0.00,0.00,Sobrevendido
2011-11-02,0.00,0.00,Sobrevendido
2011-11-03,0.00,0.00,Sobrevendido
2011-11-04,0.00,0.00,Sobrevendido
2011-11-07,0.00,0.00,Sobrevendido
2011-11-08,,0.00,Sobrevendido
2011-11-09,,0.00,Sobrevendido
2011-11-10,,0.00,Sobrevendido
2011-11-11,,0.00,Sobrevendido
2011-11-14,,0.00,Sobrevendido
2011-11-15,,0.00,Sobrevendido
2011-11-16,,0.00,Sobrevendido
2011-11-17,,,Neutro
2011-11-18,,,Neutro
2011-11-21,,,Neutro
2011-11-22,,,Neutro
2011-11-23,,,Neutro
2011-11-25,,,Neutro
2011-11-28,,,Neutro
2011-11-29,,,Neutro
2011-11-30,,,Neutro
2011-12-01,,,Neutro
2011-12-02,,,Neutro
2011-12-05,,,Neutro
2011-12-06,,,Neutro
2011-12-07,,,Neutro
2011-12-08,,,Neutro
2011-12-09,,,Neutro
2011-12-12,,,Neutro
2011-12-13,,,Neutro
2011-12-14,,,Neutro
2011-12-15,,,Neutro
2011-12-16,,,Neutro
2011-12-19,,,Neutro
2011-12-20,,,Neutro
2011-12-21,,,Neutro
2011-12-22,,,Neutro
2011-12-23,,,Neutro
2011-12-27,0.00,0.00,Sobrevendido
2011-12-28,0.00,0.00,Sobrevendido
2011-12-29,13.33,13.33,Sobrevendido
2011-12-30,13.33,13.33,Sobrevendido
2012-01-03,13.33,13.33,Sobrevendido
2012-01-04,13.33,13.33,Sobrevendido
2012-01-05,13.33,13.33,Sobrevendido
2012-01-06,100.00,13.33,Sobrevendido
2012-01-09,100.00,13.33,Sobrevendido
2012-01-10,,13.33,Sobrevendido
2012-01-11,,13.33,Sobrevendido
2012-01-12,,13.33,Sobrevendido
2012-01-13,100.00,18.74,Sobrevendido
2012-01-17,100.00,18.74,Sobrevendido
2012-01-18,100.00,100.00,Sobrecomprado
2012-01-19,100.00,100.00,Sobrecomprado
2012-01-20,100.00,100.00,Sobrecomprado
2012-01-23,100.00,100.00,Sobrecomprado
2012-01-24,100.00,100.00,Sobrecomprado
2012-01-25,,100.00,Sobrecomprado
2012-01-26,,100.00,Sobrecomprado
2012-01-27,,100.00,Sobrecomprado
2012-01-30,,100.00,Sobrecomprado
2012-01-31,,100.00,Sobrecomprado
2012-02-01,,100.00,Sobrecomprado
2012-02-02,,100.00,Sobrecomprado
2012-02-03,100.00,100.00,Sobrecomprado
2012-02-06,100.00,100.00,Sobrecomprado
2012-02-07,100.00,100.00,Sobrecomprado
2012-02-08,100.00,100.00,Sobrecomprado
2012-02-09,100.00,100.00,Sobrecomprado
2012-02-10,100.00,100.00,Sobrecomprado
2012-02-13,100.00,100.00,Sobrecomprado
2012-02-14,,100.00,Sobrecomprado
2012-02-15,,100.00,Sobrecomprado
2012-02-16,,100.00,Sobrecomprado
2012-02-17,,100.00,Sobrecomprado
2012-02-21,,100.00,Sobrecomprado
2012-02-22,,100.00,Sobrecomprado
2012-02-23,,100.00,Sobrecomprado
2012-02-24,,,Neutro
2012-02-27,,,Neutro
2012-02-28,,,Neutro
2012-02-29,,,Neutro
2012-03-01,100.00,100.00,Sobrecomprado
2012-03-02,100.00,100.00,Sobrecomprado
2012-03-05,50.00,50.00,Neutro
2012-03-06,50.00,50.00,Neutro
2012-03-07,50.00,50.00,Neutro
2012-03-08,50.00,50.00,Neutro
2012-03-09,50.00,50.00,Neutro
2012-03-12,0.00,50.00,Neutro
2012-03-13,0.00,50.00,Neutro
2012-03-14,,50.00,Neutro
2012-03-15,,50.00,Neutro
2012-03-16,,50.00,Neutro
2012-03-19,,50.00,Neutro
2012-03-20,,50.00,Neutro
2012-03-21,,0.00,Sobrevendido
2012-03-22,,0.00,Sobrevendido
2012-03-23,,,Neutro
2012-03-26,,,Neutro
2012-03-27,,,Neutro
2012-03-28,,,Neutro
2012-03-29,,,Neutro
2012-03-30,,,Neutro
2012-04-02,,,Neutro
2012-04-03,,,Neutro
2012-04-04,,,Neutro
2012-04-05,,,Neutro
2012-04-09,,,Neutro
2012-04-10,,,Neutro
2012-04-11,,,Neutro
2012-04-12,,,Neutro
2012-04-13,,,Neutro
2012-04-16,100.00,100.00,Sobrecomprado
2012-04-17,100.00,100.00,Sobrecomprado
2012-04-18,100.00,100.00,Sobrecomprado
2012-04-19,50.00,50.00,Neutro
2012-04-20,50.00,50.00,Neutro
2012-04-23,50.00,50.00,Neutro
2012-04-24,50.00,50.00,Neutro
2012-04-25,0.00,50.00,Neutro
2012-04-26,0.00,50.00,Neutro
2012-04-27,0.00,50.00,Neutro
2012-04-30,,50.00,Neutro
2012-05-01,100.00,56.62,Neutro
2012-05-02,100.00,56.62,Neutro
2012-05-03,100.00,56.62,Neutro
2012-05-04,100.00,23.38,Sobrevendido
2012-05-07,100.00,23.38,Sobrevendido
2012-05-08,100.00,23.38,Sobrevendido
2012-05-09,100.00,100.00,Sobrecomprado
2012-05-10,,100.00,Sobrecomprado
2012-05-11,,100.00,Sobrecomprado
2012-05-14,,100.00,Sobrecomprado
2012-05-15,,100.00,Sobrecomprado
2012-05-16,,100.00,Sobrecomprado
2012-05-17,,100.00,Sobrecomprado
2012-05-18,,100.00,Sobrecomprado
2012-05-21,,,Neutro
2012-05-22,,,Neutro
2012-05-23,0.00,0.00,Sobrevendido
2012-05-24,0.00,0.00,Sobrevendido
2012-05-25,0.00,0.00,Sobrevendido
2012-05-29,0.00,0.00,Sobrevendido
2012-05-30,0.00,0.00,Sobrevendido
2012-05-31,0.00,0.00,Sobrevendido
2012-06-01,0.00,0.00,Sobrevendido
2012-06-04,,0.00,Sobrevendido
2012-06-05,,0.00,Sobrevendido
2012-06-06,,0.00,Sobrevendido
2012-06-07,,0.00,Sobrevendido
2012-06-08,,0.00,Sobrevendido
2012-06-11,,0.00,Sobrevendido
2012-06-12,,0.00,Sobrevendido
2012-06-13,,,Neutro
2012-06-14,,,Neutro
2012-06-15,,,Neutro
2012-06-18,,,Neutro
2012-06-19,,,Neutro
2012-06-20,100.00,100.00,Sobrecomprado
2012-06-21,100.00,100.00,Sobrecomprado
2012-06-22,100.00,100.00,Sobrecomprado
2012-06-25,100.00,100.00,Sobrecomprado
2012-06-26,100.00,100.00,Sobrecomprado
2012-06-27,100.00,100.00,Sobrecomprado
2012-06-28,100.00,100.00,Sobrecomprado
2012-06-29,100.00,100.00,Sobrecomprado
2012-07-02,100.00,100.00,Sobrecomprado
2012-07-03,100.00,100.00,Sobrecomprado
2012-07-05,100.00,100.00,Sobrecomprado
2012-07-06,100.00,100.00,Sobrecomprado
2012-07-09,100.00,100.00,Sobrecomprado
2012-07-10,100.00,100.00,Sobrecomprado
2012-07-11,100.00,100.00,Sobrecomprado
2012-07-12,100.00,100.00,Sobrecomprado
2012-07-13,100.00,100.00,Sobrecomprado
2012-07-16,,100.00,Sobrecomprado
2012-07-17,,100.00,Sobrecomprado
2012-07-18,,100.00,Sobrecomprado
2012-07-19,0.00,16.90,Sobrevendido
2012-07-20,50.09,54.69,Neutro
2012-07-23,50.09,54.69,Neutro
2012-07-24,33.47,37.70,Neutro
2012-07-25,33.47,33.47,Neutro
2012-07-26,33.47,33.47,Neutro
2012-07-27,33.47,33.47,Neutro
2012-07-30,65.82,48.99,Neutro
2012-07-31,47.84,48.99,Neutro
2012-08-01,47.84,48.99,Neutro
2012-08-02,100.00,48.99,Neutro
2012-08-03,100.00,48.99,Neutro
2012-08-06,100.00,48.99,Neutro
2012-08-07,100.00,48.99,Neutro
2012-08-08,,65.82,Neutro
2012-08-09,,47.84,Neutro
2012-08-10,,47.84,Neutro
2012-08-13,,100.00,Sobrecomprado
2012-08-14,,100.00,Sobrecomprado
2012-08-15,,100.00,Sobrecomprado
2012-08-16,,100.00,Sobrecomprado
2012-08-17,,,Neutro
2012-08-20,,,Neutro
2012-08-21,,,Neutro
2012-08-22,100.00,100.00,Sobrecomprado
2012-08-23,100.00,100.00,Sobrecomprado
2012-08-24,100.00,100.00,Sobrecomprado
2012-08-27,100.00,100.00,Sobrecomprado
2012-08-28,100.00,100.00,Sobrecomprado
2012-08-29,100.00,100.00,Sobrecomprado
2012-08-30,100.00,100.00,Sobrecomprado
2012-08-31,,100.00,Sobrecomprado
2012-09-04,,100.00,Sobrecomprado
2012-09-05,,100.00,Sobrecomprado
2012-09-06,,100.00,Sobrecomprado
2012-09-07,,100.00,Sobrecomprado
2012-09-10,,100.00,Sobrecomprado
2012-09-11,,100.00,Sobrecomprado
2012-09-12,,,Neutro
2012-09-13,,,Neutro
2012-09-14,,,Neutro
2012-09-17,,,Neutro
2012-09-18,,,Neutro
2012-09-19,,,Neutro
2012-09-20,,,Neutro
2012-09-21,,,Neutro
2012-09-24,100.00,100.00,Sobrecomprado
2012-09-25,0.86,0.86,Sobrevendido
2012-09-26,0.86,0.86,Sobrevendido
2012-09-27,0.86,0.86,Sobrevendido
2012-09-28,0.86,0.86,Sobrevendido
2012-10-01,0.86,0.86,Sobrevendido
2012-10-02,0.86,0.86,Sobrevendido
2012-10-03,0.00,0.86,Sobrevendido
2012-10-04,0.00,0.24,Sobrevendido
2012-10-05,26.40,20.68,Sobrevendido
2012-10-08,26.40,20.68,Sobrevendido
2012-10-09,26.40,20.68,Sobrevendido
2012-10-10,31.91,25.36,Sobrevendido
2012-10-11,31.91,25.36,Sobrevendido
2012-10-12,31.91,25.23,Sobrevendido
2012-10-15,100.00,31.91,Neutro
2012-10-16,100.00,31.91,Neutro
2012-10-17,100.00,47.60,Neutro
2012-10-18,100.00,47.60,Neutro
2012-10-19,100.00,47.60,Neutro
2012-10-22,100.00,47.60,Neutro
2012-10-23,100.00,47.60,Neutro
2012-10-24,100.00,100.00,Sobrecomprado
2012-10-25,100.00,100.00,Sobrecomprado
2012-10-26,,100.00,Sobrecomprado
2012-10-31,,100.00,Sobrecomprado
2012-11-01,100.00,100.00,Sobrecomprado
2012-11-02,100.00,100.00,Sobrecomprado
2012-11-05,100.00,100.00,Sobrecomprado
2012-11-06,19.41,78.77,Sobrecomprado
2012-11-07,19.41,78.77,Sobrecomprado
2012-11-08,4.16,4.16,Sobrevendido
2012-11-09,4.16,4.16,Sobrevendido
2012-11-12,0.00,4.16,Sobrevendido
2012-11-13,0.00,4.16,Sobrevendido
2012-11-14,0.00,4.16,Sobrevendido
2012-11-15,0.00,4.16,Sobrevendido
2012-11-16,0.00,4.16,Sobrevendido
2012-11-19,100.00,40.26,Neutro
2012-11-20,100.00,40.26,Neutro
2012-11-21,100.00,38.67,Neutro
2012-11-23,100.00,38.67,Neutro
2012-11-26,100.00,38.67,Neutro
2012-11-27,100.00,43.48,Neutro
2012-11-28,100.00,43.48,Neutro
2012-11-29,,100.00,Sobrecomprado
2012-11-30,100.00,100.00,Sobrecomprado
2012-12-03,50.40,59.65,Neutro
2012-12-04,50.40,59.65,Neutro
2012-12-05,50.40,59.65,Neutro
2012-12-06,50.40,59.65,Neutro
2012-12-07,67.75,71.93,Sobrecomprado
2012-12-10,61.23,61.23,Neutro
2012-12-11,38.48,54.78,Neutro
2012-12-12,59.65,54.78,Neutro
2012-12-13,66.67,58.89,Neutro
2012-12-14,66.67,58.89,Neutro
2012-12-17,66.67,58.89,Neutro
2012-12-18,33.33,58.45,Neutro
2012-12-19,62.75,61.62,Neutro
2012-12-20,95.84,50.73,Neutro
2012-12-21,60.53,60.00,Neutro
2012-12-24,42.31,60.00,Neutro
2012-12-26,51.61,62.00,Neutro
2012-12-27,39.03,56.36,Neutro
2012-12-28,38.10,35.90,Neutro
2012-12-31,16.13,41.39,Neutro
2013-01-02,16.13,50.91,Neutro
2013-01-03,64.71,62.50,Neutro
2013-01-04,64.71,55.00,Neutro
2013-01-07,33.33,40.24,Neutro
2013-01-08,52.00,46.15,Neutro
2013-01-09,54.17,46.67,Neutro
2013-01-10,54.17,39.24,Neutro
2013-01-11,47.27,36.05,Neutro
2013-01-14,23.68,43.06,Neutro
2013-01-15,23.68,43.06,Neutro
2013-01-16,56.25,38.81,Neutro
2013-01-17,0.00,45.61,Neutro
2013-01-18,0.00,47.27,Neutro
2013-01-22,0.00,47.27,Neutro
2013-01-23,0.00,46.85,Neutro
2013-01-24,0.00,20.45,Sobrevendido
2013-01-25,50.00,30.00,Neutro
2013-01-28,40.00,48.39,Neutro
2013-01-29,43.75,30.44,Neutro
2013-01-30,43.75,30.44,Neutro
2013-01-31,36.84,26.92,Sobrevendido
2013-02-01,32.56,31.82,Neutro
2013-02-04,30.43,24.14,Sobrevendido
2013-02-05,52.94,52.17,Neutro
2013-02-06,51.43,48.00,Neutro
2013-02-07,50.00,48.00,Neutro
2013-02-08,50.00,48.00,Neutro
2013-02-11,58.82,50.94,Neutro
2013-02-12,58.82,48.65,Neutro
2013-02-13,80.13,60.50,Neutro
2013-02-14,40.90,47.56,Neutro
2013-02-15,47.87,50.00,Neutro
2013-02-19,50.00,50.00,Neutro
2013-02-20,75.76,65.39,Neutro
2013-02-21,74.23,67.80,Neutro
2013-02-22,60.26,59.73,Neutro
2013-02-25,57.94,66.58,Neutro
2013-02-26,69.57,58.85,Neutro
2013-02-27,69.57,62.24,Neutro
2013-02-28,68.89,62.24,Neutro
2013-03-01,15.15,51.80,Neutro
2013-03-04,15.15,50.00,Neutro
2013-03-05,26.32,51.94,Neutro
2013-03-06,0.00,46.22,Neutro
2013-03-07,0.00,51.61,Neutro
2013-03-08,5.89,52.38,Neutro
2013-03-11,5.89,51.61,Neutro
2013-03-12,33.35,16.67,Sobrevendido
2013-03-13,92.85,50.82,Neutro
2013-03-14,89.65,64.58,Neutro
2013-03-15,86.64,59.08,Neutro
2013-03-18,92.83,59.08,Neutro
2013-03-19,92.56,59.09,Neutro
2013-03-20,92.56,59.09,Neutro
2013-03-21,92.56,86.64,Sobrecomprado
2013-03-22,0.51,86.64,Sobrecomprado
2013-03-25,1.01,86.64,Sobrecomprado
2013-03-26,100.00,90.46,Sobrecomprado
2013-03-27,100.00,96.91,Sobrecomprado
2013-03-28,100.00,96.86,Sobrecomprado
2013-04-01,100.00,96.86,Sobrecomprado
2013-04-02,100.00,96.86,Sobrecomprado
2013-04-03,100.00,94.85,Sobrecomprado
2013-04-04,54.82,54.01,Neutro
2013-04-05,59.87,65.34,Neutro
2013-04-08,48.30,68.23,Neutro
2013-04-09,48.30,68.23,Neutro
2013-04-10,45.97,66.16,Neutro
2013-04-11,45.97,66.16,Neutro
2013-04-12,45.97,66.16,Neutro
2013-04-15,78.08,62.98,Neutro
2013-04-16,50.00,58.15,Neutro
2013-04-17,0.00,42.54,Neutro
2013-04-18,0.00,42.54,Neutro
2013-04-19,0.00,42.54,Neutro
2013-04-22,0.00,27.19,Sobrevendido
2013-04-23,37.61,41.58,Neutro
2013-04-24,50.00,59.14,Neutro
2013-04-25,50.00,50.00,Neutro
2013-04-26,50.00,45.22,Neutro
2013-04-29,50.00,45.22,Neutro
2013-04-30,50.00,46.90,Neutro
2013-05-01,97.42,46.32,Neutro
2013-05-02,92.31,46.32,Neutro
2013-05-03,0.00,49.35,Neutro
2013-05-06,0.00,49.35,Neutro
2013-05-07,0.00,49.35,Neutro
2013-05-08,0.00,49.35,Neutro
2013-05-09,0.00,49.35,Neutro
2013-05-10,,97.42,Sobrecomprado
2013-05-13,,92.31,Sobrecomprado
2013-05-14,,0.00,Sobrevendido
2013-05-15,,0.00,Sobrevendido
2013-05-16,,0.00,Sobrevendido
2013-05-17,,0.00,Sobrevendido
2013-05-20,,0.00,Sobrevendido
2013-05-21,,,Neutro
2013-05-22,,,Neutro
2013-05-23,,,Neutro
2013-05-24,100.00,100.00,Sobrecomprado
2013-05-28,52.63,52.63,Neutro
2013-05-29,52.63,52.63,Neutro
2013-05-30,52.63,52.63,Neutro
2013-05-31,52.63,52.63,Neutro
2013-06-03,52.63,52.63,Neutro
2013-06-04,86.76,86.76,Sobrecomprado
2013-06-05,50.52,55.14,Neutro
2013-06-06,55.68,55.14,Neutro
2013-06-07,55.68,55.14,Neutro
2013-06-10,69.53,67.35,Neutro
2013-06-11,89.68,87.91,Sobrecomprado
2013-06-12,90.67,89.02,Sobrecomprado
2013-06-13,82.71,83.30,Sobrecomprado
2013-06-14,88.00,80.30,Sobrecomprado
2013-06-17,86.84,80.98,Sobrecomprado
2013-06-18,82.50,77.66,Sobrecomprado
2013-06-19,80.56,77.66,Sobrecomprado
2013-06-20,41.67,78.11,Sobrecomprado
2013-06-21,12.50,78.11,Sobrecomprado
2013-06-24,20.00,75.72,Sobrecomprado
2013-06-25,76.19,85.42,Sobrecomprado
2013-06-26,80.00,85.42,Sobrecomprado
2013-06-27,100.00,85.42,Sobrecomprado
2013-06-28,100.00,84.09,Sobrecomprado
2013-07-01,100.00,63.16,Neutro
2013-07-02,100.00,53.33,Neutro
2013-07-03,100.00,66.67,Neutro
2013-07-05,0.00,74.77,Sobrecomprado
2013-07-08,0.00,78.43,Sobrecomprado
2013-07-09,0.00,97.56,Sobrecomprado
2013-07-10,0.00,97.56,Sobrecomprado
2013-07-11,0.00,97.22,Sobrecomprado
2013-07-12,0.00,97.22,Sobrecomprado
2013-07-15,0.00,89.17,Sobrecomprado
2013-07-16,0.00,0.00,Sobrevendido
2013-07-17,0.00,0.00,Sobrevendido
2013-07-18,0.00,0.00,Sobrevendido
2013-07-19,0.00,0.00,Sobrevendido
2013-07-22,0.00,0.00,Sobrevendido
2013-07-23,0.00,0.00,Sobrevendido
2013-07-24,0.00,0.00,Sobrevendido
2013-07-25,0.00,0.00,Sobrevendido
2013-07-26,0.00,0.00,Sobrevendido
2013-07-29,0.00,0.00,Sobrevendido
2013-07-30,14.29,13.23,Sobrevendido
2013-07-31,25.74,24.07,Sobrevendido
2013-08-01,41.18,39.03,Neutro
2013-08-02,42.31,40.63,Neutro
2013-08-05,48.36,47.15,Neutro
2013-08-06,68.20,47.07,Neutro
2013-08-07,99.64,47.07,Neutro
2013-08-08,99.14,48.20,Neutro
2013-08-09,98.88,48.20,Neutro
2013-08-12,97.26,48.20,Neutro
2013-08-13,96.82,48.20,Neutro
2013-08-14,33.31,48.29,Neutro
2013-08-15,1.92,60.78,Neutro
2013-08-16,50.00,86.46,Sobrecomprado
2013-08-19,33.77,73.44,Sobrecomprado
2013-08-20,33.77,69.09,Neutro
2013-08-21,50.25,62.77,Neutro
2013-08-22,53.70,63.44,Neutro
2013-08-23,52.27,52.02,Neutro
2013-08-26,64.97,50.66,Neutro
2013-08-27,51.18,50.66,Neutro
2013-08-28,84.42,50.88,Neutro
2013-08-29,82.28,50.43,Neutro
2013-08-30,51.73,50.43,Neutro
2013-09-03,0.00,50.43,Neutro
2013-09-04,0.00,50.22,Neutro
2013-09-05,0.00,64.25,Neutro
2013-09-06,0.00,50.00,Neutro
2013-09-09,0.00,81.25,Sobrecomprado
2013-09-10,0.00,81.25,Sobrecomprado
2013-09-11,0.00,50.00,Neutro
2013-09-12,0.00,0.00,Sobrevendido
2013-09-13,0.00,0.00,Sobrevendido
2013-09-16,0.00,0.00,Sobrevendido
2013-09-17,0.00,0.00,Sobrevendido
2013-09-18,0.00,0.00,Sobrevendido
2013-09-19,0.00,0.00,Sobrevendido
2013-09-20,0.00,0.00,Sobrevendido
2013-09-23,0.00,0.00,Sobrevendido
2013-09-24,0.00,0.00,Sobrevendido
2013-09-25,0.00,0.00,Sobrevendido
2013-09-26,0.00,0.00,Sobrevendido
2013-09-27,33.33,25.00,Sobrevendido
2013-09-30,33.33,25.00,Sobrevendido
2013-10-01,33.33,25.00,Sobrevendido
2013-10-02,50.00,40.00,Neutro
2013-10-03,50.00,40.00,Neutro
2013-10-04,55.56,50.00,Neutro
2013-10-07,100.00,54.34,Neutro
2013-10-08,100.00,54.34,Neutro
2013-10-09,100.00,54.34,Neutro
2013-10-10,100.00,54.34,Neutro
2013-10-11,100.00,60.00,Neutro
2013-10-14,43.48,47.62,Neutro
2013-10-15,65.79,60.81,Neutro
2013-10-16,61.99,77.59,Sobrecomprado
2013-10-17,61.99,72.92,Sobrecomprado
2013-10-18,61.99,72.92,Sobrecomprado
2013-10-21,61.99,72.92,Sobrecomprado
2013-10-22,38.46,51.02,Neutro
2013-10-23,57.69,51.02,Neutro
2013-10-24,0.00,51.02,Neutro
2013-10-25,56.00,59.46,Neutro
2013-10-28,56.00,59.46,Neutro
2013-10-29,63.09,62.50,Neutro
2013-10-30,63.09,62.50,Neutro
2013-10-31,100.00,58.48,Neutro
2013-11-01,100.00,75.45,Sobrecomprado
2013-11-04,100.00,63.09,Neutro
2013-11-05,100.00,63.09,Neutro
2013-11-06,13.95,31.65,Neutro
2013-11-07,0.00,31.65,Neutro
2013-11-08,33.33,45.28,Neutro
2013-11-11,36.21,54.60,Neutro
2013-11-12,26.92,43.84,Neutro
2013-11-13,26.92,43.84,Neutro
2013-11-14,41.84,45.19,Neutro
2013-11-15,67.21,45.19,Neutro
2013-11-18,67.21,41.84,Neutro
2013-11-19,52.94,41.84,Neutro
2013-11-20,50.00,41.84,Neutro
2013-11-21,100.00,41.84,Neutro
2013-11-22,100.00,41.84,Neutro
2013-11-25,,41.84,Neutro
2013-11-26,100.00,71.33,Sobrecomprado
2013-11-27,92.10,70.57,Sobrecomprado
2013-11-29,94.12,62.44,Neutro
2013-12-02,94.12,60.66,Neutro
2013-12-03,95.65,97.99,Sobrecomprado
2013-12-04,95.65,97.99,Sobrecomprado
2013-12-05,95.65,95.65,Sobrecomprado
2013-12-06,73.81,85.71,Sobrecomprado
2013-12-09,79.49,85.71,Sobrecomprado
2013-12-10,69.23,85.71,Sobrecomprado
2013-12-11,69.23,85.71,Sobrecomprado
2013-12-12,55.56,87.36,Sobrecomprado
2013-12-13,55.56,87.36,Sobrecomprado
2013-12-16,55.56,87.36,Sobrecomprado
2013-12-17,100.00,78.85,Sobrecomprado
2013-12-18,100.00,83.67,Sobrecomprado
2013-12-19,100.00,77.78,Sobrecomprado
2013-12-20,100.00,77.78,Sobrecomprado
2013-12-23,,55.56,Neutro
2013-12-24,,55.56,Neutro
2013-12-26,100.00,98.09,Sobrecomprado
2013-12-27,100.00,100.00,Sobrecomprado
2013-12-30,65.00,65.35,Neutro
2013-12-31,59.09,59.46,Neutro
2014-01-02,59.09,59.46,Neutro
2014-01-03,54.17,54.17,Neutro
2014-01-06,54.17,54.17,Neutro
2014-01-07,27.78,50.00,Neutro
2014-01-08,0.00,49.62,Neutro
2014-01-09,3.13,50.00,Neutro
2014-01-10,4.55,50.00,Neutro
2014-01-13,4.55,50.00,Neutro
2014-01-14,7.69,49.62,Neutro
2014-01-15,14.29,50.00,Neutro
2014-01-16,40.00,28.42,Sobrevendido
2014-01-17,50.00,2.86,Sobrevendido
2014-01-21,50.00,8.33,Sobrevendido
2014-01-22,50.00,11.54,Sobrevendido
2014-01-23,50.00,11.54,Sobrevendido
2014-01-24,66.67,18.75,Sobrevendido
2014-01-27,50.00,18.75,Sobrevendido
2014-01-28,100.00,50.00,Neutro
2014-01-29,100.00,60.00,Neutro
2014-01-30,,50.00,Neutro
2014-01-31,,50.00,Neutro
2014-02-03,,50.00,Neutro
2014-02-04,,66.67,Neutro
2014-02-05,,50.00,Neutro
2014-02-06,,100.00,Sobrecomprado
2014-02-07,,100.00,Sobrecomprado
2014-02-10,,,Neutro
2014-02-11,,,Neutro
2014-02-12,,,Neutro
2014-02-13,0.00,0.00,Sobrevendido
2014-02-14,50.00,50.00,Neutro
2014-02-18,33.33,33.33,Neutro
2014-02-19,50.00,50.00,Neutro
2014-02-20,50.00,50.00,Neutro
2014-02-21,50.00,50.00,Neutro
2014-02-24,50.00,50.00,Neutro
2014-02-25,66.67,50.00,Neutro
2014-02-26,50.00,50.00,Neutro
2014-02-27,100.00,50.00,Neutro
2014-02-28,,50.00,Neutro
2014-03-03,,50.00,Neutro
2014-03-04,,50.00,Neutro
2014-03-05,,50.00,Neutro
2014-03-06,,66.67,Neutro
2014-03-07,,50.00,Neutro
2014-03-10,,100.00,Sobrecomprado
2014-03-11,,,Neutro
2014-03-12,,,Neutro
2014-03-13,,,Neutro
2014-03-14,,,Neutro
2014-03-17,,,Neutro
2014-03-18,,,Neutro
2014-03-19,,,Neutro
2014-03-20,,,Neutro
2014-03-21,,,Neutro
2014-03-24,,,Neutro
2014-03-25,,,Neutro
2014-03-26,,,Neutro
2014-03-27,,,Neutro
2014-03-28,,,Neutro
2014-03-31,,,Neutro
2014-04-01,,,Neutro
2014-04-02,,,Neutro
2014-04-03,,,Neutro
2014-04-04,,,Neutro
2014-04-07,,,Neutro
2014-04-08,,,Neutro
2014-04-09,,,Neutro
2014-04-10,,,Neutro
2014-04-11,,,Neutro
2014-04-14,,,Neutro
2014-04-15,,,Neutro
2014-04-16,,,Neutro
2014-04-17,,,Neutro
2014-04-21,,,Neutro
2014-04-22,,,Neutro
2014-04-23,,,Neutro
2014-04-24,,,Neutro
2014-04-25,,,Neutro
2014-04-28,,,Neutro
2014-04-29,,,Neutro
2014-04-30,,,Neutro
2014-05-01,,,Neutro
2014-05-02,,,Neutro
2014-05-05,,,Neutro
2014-05-06,,,Neutro
2014-05-07,,,Neutro
2014-05-08,,,Neutro
2014-05-09,,,Neutro
2014-05-12,,,Neutro
2014-05-13,,,Neutro
2014-05-14,,,Neutro
2014-05-15,,,Neutro
2014-05-16,,,Neutro
2014-05-19,,,Neutro
2014-05-20,,,Neutro
2014-05-21,,,Neutro
2014-05-22,,,Neutro
2014-05-23,,,Neutro
2014-05-27,,,Neutro
2014-05-28,,,Neutro
2014-05-29,,,Neutro
2014-05-30,0.00,0.00,Sobrevendido
2014-06-02,50.00,50.00,Neutro
2014-06-03,50.00,50.00,Neutro
2014-06-04,50.00,50.00,Neutro
2014-06-05,50.00,50.00,Neutro
2014-06-06,50.00,50.00,Neutro
2014-06-09,50.00,50.00,Neutro
2014-06-10,100.00,50.00,Neutro
2014-06-11,,50.00,Neutro
2014-06-12,100.00,89.47,Sobrecomprado
2014-06-13,100.00,89.47,Sobrecomprado
2014-06-16,70.52,67.27,Neutro
2014-06-17,60.00,58.62,Neutro
2014-06-18,70.59,68.42,Neutro
2014-06-19,66.67,68.42,Neutro
2014-06-20,69.23,69.23,Neutro
2014-06-23,50.00,69.23,Neutro
2014-06-24,35.29,55.10,Neutro
2014-06-25,58.31,62.71,Neutro
2014-06-26,64.71,62.71,Neutro
2014-06-27,52.00,62.71,Neutro
2014-06-30,39.39,53.62,Neutro
2014-07-01,33.33,53.62,Neutro
2014-07-02,33.33,40.74,Neutro
2014-07-03,60.00,45.76,Neutro
2014-07-07,33.33,51.20,Neutro
2014-07-08,29.41,52.94,Neutro
2014-07-09,29.41,42.86,Neutro
2014-07-10,71.43,45.00,Neutro
2014-07-11,75.00,42.11,Neutro
2014-07-14,70.51,41.55,Neutro
2014-07-15,7.69,42.11,Neutro
2014-07-16,5.88,18.75,Sobrevendido
2014-07-17,50.00,42.22,Neutro
2014-07-18,50.00,42.22,Neutro
2014-07-21,46.45,51.16,Neutro
2014-07-22,44.61,51.16,Neutro
2014-07-23,45.41,51.16,Neutro
2014-07-24,65.00,42.42,Neutro
2014-07-25,81.25,42.42,Neutro
2014-07-28,0.00,34.15,Neutro
2014-07-29,45.83,48.08,Neutro
2014-07-30,50.32,48.08,Neutro
2014-07-31,48.12,46.15,Neutro
2014-08-01,48.12,46.61,Neutro
2014-08-04,52.17,58.14,Neutro
2014-08-05,52.17,64.10,Neutro
2014-08-06,63.16,37.50,Neutro
2014-08-07,12.50,37.50,Neutro
2014-08-08,5.89,30.89,Neutro
2014-08-11,50.00,49.19,Neutro
2014-08-12,50.00,49.19,Neutro
2014-08-13,52.38,52.29,Neutro
2014-08-14,55.89,54.39,Neutro
2014-08-15,71.89,68.63,Neutro
2014-08-18,76.33,65.22,Neutro
2014-08-19,100.00,66.67,Neutro
2014-08-20,65.41,57.16,Neutro
2014-08-21,65.41,57.16,Neutro
2014-08-22,73.93,63.64,Neutro
2014-08-25,62.15,59.15,Neutro
2014-08-26,57.56,64.61,Neutro
2014-08-27,48.13,64.61,Neutro
2014-08-28,35.47,67.74,Neutro
2014-08-29,28.20,43.09,Neutro
2014-09-02,39.76,48.96,Neutro
2014-09-03,13.86,37.28,Neutro
2014-09-04,39.85,47.64,Neutro
2014-09-05,39.85,45.59,Neutro
2014-09-08,34.37,37.84,Neutro
2014-09-09,45.29,42.67,Neutro
2014-09-10,49.35,42.30,Neutro
2014-09-11,43.97,42.30,Neutro
2014-09-12,65.00,40.79,Neutro
2014-09-15,47.50,42.66,Neutro
2014-09-16,47.50,42.66,Neutro
2014-09-17,65.52,42.66,Neutro
2014-09-18,44.44,45.14,Neutro
2014-09-19,38.10,46.96,Neutro
2014-09-22,58.06,48.28,Neutro
2014-09-23,50.00,60.47,Neutro
2014-09-24,51.85,49.25,Neutro
2014-09-25,53.57,50.00,Neutro
2014-09-26,49.67,57.43,Neutro
2014-09-29,45.45,45.10,Neutro
2014-09-30,75.00,56.10,Neutro
2014-10-01,50.00,56.10,Neutro
2014-10-02,28.57,45.45,Neutro
2014-10-03,16.67,45.45,Neutro
2014-10-06,0.00,45.45,Neutro
2014-10-07,0.00,39.47,Neutro
2014-10-08,50.00,46.51,Neutro
2014-10-09,84.85,81.13,Sobrecomprado
2014-10-10,71.79,67.35,Neutro
2014-10-13,71.79,65.22,Neutro
2014-10-14,68.29,61.70,Neutro
2014-10-15,50.00,45.90,Neutro
2014-10-16,63.78,56.80,Neutro
2014-10-17,60.68,59.12,Neutro
2014-10-20,33.78,57.86,Neutro
2014-10-21,40.32,57.86,Neutro
2014-10-22,40.32,57.86,Neutro
2014-10-23,43.10,57.86,Neutro
2014-10-24,33.78,43.55,Neutro
2014-10-27,50.50,57.96,Neutro
2014-10-28,50.50,56.02,Neutro
2014-10-29,52.08,44.12,Neutro
2014-10-30,50.00,46.30,Neutro
2014-10-31,50.00,46.30,Neutro
2014-11-03,50.00,47.47,Neutro
2014-11-04,92.59,58.59,Neutro
2014-11-05,0.00,48.54,Neutro
2014-11-06,0.00,48.54,Neutro
2014-11-07,0.00,47.17,Neutro
2014-11-10,0.00,47.17,Neutro
2014-11-11,0.00,47.17,Neutro
2014-11-12,0.00,47.17,Neutro
2014-11-13,0.00,83.33,Sobrecomprado
2014-11-14,0.00,0.00,Sobrevendido
2014-11-17,0.00,0.00,Sobrevendido
2014-11-18,50.00,40.74,Neutro
2014-11-19,50.00,44.00,Neutro
2014-11-20,50.00,44.00,Neutro
2014-11-21,50.00,44.00,Neutro
2014-11-24,50.00,44.00,Neutro
2014-11-25,50.00,44.00,Neutro
2014-11-26,100.00,44.00,Neutro
2014-11-28,,50.00,Neutro
2014-12-01,,50.00,Neutro
2014-12-02,,50.00,Neutro
2014-12-03,,50.00,Neutro
2014-12-04,100.00,59.26,Neutro
2014-12-05,50.00,50.00,Neutro
2014-12-08,15.15,36.36,Neutro
2014-12-09,55.56,55.56,Neutro
2014-12-10,55.56,55.56,Neutro
2014-12-11,55.56,55.56,Neutro
2014-12-12,55.56,55.56,Neutro
2014-12-15,51.72,55.56,Neutro
2014-12-16,56.60,55.56,Neutro
2014-12-17,100.00,55.56,Neutro
2014-12-18,,55.56,Neutro
2014-12-19,0.00,39.77,Neutro
2014-12-22,49.80,53.01,Neutro
2014-12-23,49.50,52.87,Neutro
2014-12-24,49.50,50.69,Neutro
2014-12-26,49.40,53.10,Neutro
2014-12-29,45.59,64.93,Neutro
2014-12-30,42.32,42.32,Neutro
2014-12-31,79.34,50.00,Neutro
2015-01-02,50.56,50.00,Neutro
2015-01-05,51.43,50.00,Neutro
2015-01-06,51.43,50.00,Neutro
2015-01-07,51.72,50.00,Neutro
2015-01-08,68.18,50.00,Neutro
2015-01-09,28.12,37.31,Neutro
2015-01-12,4.17,52.25,Neutro
2015-01-13,4.00,23.36,Sobrevendido
2015-01-14,4.00,23.53,Sobrevendido
2015-01-15,4.00,23.53,Sobrevendido
2015-01-16,4.00,23.58,Sobrevendido
2015-01-20,7.69,28.06,Sobrevendido
2015-01-21,90.00,42.86,Neutro
2015-01-22,50.00,22.50,Sobrevendido
2015-01-23,44.44,20.93,Sobrevendido
2015-01-26,55.36,28.27,Sobrevendido
2015-01-27,55.56,28.42,Sobrevendido
2015-01-28,46.30,25.96,Sobrevendido
2015-01-29,44.23,25.96,Sobrevendido
2015-01-30,39.58,54.41,Neutro
2015-02-02,55.88,53.03,Neutro
2015-02-03,67.86,54.69,Neutro
2015-02-04,37.50,48.61,Neutro
2015-02-05,45.16,51.32,Neutro
2015-02-06,69.23,53.75,Neutro
2015-02-09,69.23,52.56,Neutro
2015-02-10,50.00,42.19,Neutro
2015-02-11,20.00,36.49,Neutro
2015-02-12,46.67,53.41,Neutro
2015-02-13,41.18,40.13,Neutro
2015-02-17,37.50,40.00,Neutro
2015-02-18,55.56,58.62,Neutro
2015-02-19,41.74,46.64,Neutro
2015-02-20,42.60,43.46,Neutro
2015-02-23,53.07,43.46,Neutro
2015-02-24,40.98,43.46,Neutro
2015-02-25,72.81,60.70,Neutro
2015-02-26,72.81,59.79,Neutro
2015-02-27,62.56,58.84,Neutro
2015-03-02,100.00,58.84,Neutro
2015-03-03,100.00,58.84,Neutro
2015-03-04,100.00,68.54,Neutro
2015-03-05,61.54,51.29,Neutro
2015-03-06,0.00,57.16,Neutro
2015-03-09,0.00,57.16,Neutro
2015-03-10,0.00,39.65,Neutro
2015-03-11,48.89,67.10,Neutro
2015-03-12,48.89,66.67,Neutro
2015-03-13,40.74,58.97,Neutro
2015-03-16,64.58,63.22,Neutro
2015-03-17,64.58,49.21,Neutro
2015-03-18,46.27,37.80,Neutro
2015-03-19,52.54,37.80,Neutro
2015-03-20,24.32,37.80,Neutro
2015-03-23,40.43,44.57,Neutro
2015-03-24,42.22,41.41,Neutro
2015-03-25,27.78,48.81,Neutro
2015-03-26,27.78,48.81,Neutro
2015-03-27,65.00,50.57,Neutro
2015-03-30,65.00,55.70,Neutro
2015-03-31,65.00,38.60,Neutro
2015-04-01,30.00,38.60,Neutro
2015-04-02,100.00,45.83,Neutro
2015-04-06,100.00,33.33,Neutro
2015-04-07,75.00,32.50,Neutro
2015-04-08,66.67,65.22,Neutro
2015-04-09,66.67,65.22,Neutro
2015-04-10,66.67,65.22,Neutro
2015-04-13,66.67,38.46,Neutro
2015-04-14,40.00,62.50,Neutro
2015-04-15,50.00,66.67,Neutro
2015-04-16,77.78,76.92,Sobrecomprado
2015-04-17,71.43,70.00,Neutro
2015-04-20,71.43,70.00,Neutro
2015-04-21,29.41,35.00,Neutro
2015-04-22,47.83,50.00,Neutro
2015-04-23,52.38,50.00,Neutro
2015-04-24,50.00,50.00,Neutro
2015-04-27,37.50,52.00,Neutro
2015-04-28,37.50,47.83,Neutro
2015-04-29,37.50,47.83,Neutro
2015-04-30,100.00,47.83,Neutro
2015-05-01,,47.83,Neutro
2015-05-04,100.00,62.96,Neutro
2015-05-05,100.00,61.54,Neutro
2015-05-06,100.00,54.55,Neutro
2015-05-07,100.00,54.55,Neutro
2015-05-08,100.00,54.55,Neutro
2015-05-11,100.00,100.00,Sobrecomprado
2015-05-12,100.00,100.00,Sobrecomprado
2015-05-13,,100.00,Sobrecomprado
2015-05-14,,100.00,Sobrecomprado
2015-05-15,,100.00,Sobrecomprado
2015-05-18,,100.00,Sobrecomprado
2015-05-19,100.00,100.00,Sobrecomprado
2015-05-20,50.00,75.00,Sobrecomprado
2015-05-21,50.00,75.00,Sobrecomprado
2015-05-22,14.29,14.29,Sobrevendido
2015-05-26,37.93,37.93,Neutro
2015-05-27,37.93,37.93,Neutro
2015-05-28,37.93,37.93,Neutro
2015-05-29,24.24,30.56,Neutro
2015-06-01,40.54,41.86,Neutro
2015-06-02,40.54,41.86,Neutro
2015-06-03,68.18,41.86,Neutro
2015-06-04,50.00,41.86,Neutro
2015-06-05,50.00,41.86,Neutro
2015-06-08,50.00,41.86,Neutro
2015-06-09,100.00,37.50,Neutro
2015-06-10,,40.54,Neutro
2015-06-11,,40.54,Neutro
2015-06-12,100.00,77.42,Sobrecomprado
2015-06-15,55.90,53.16,Neutro
2015-06-16,68.02,61.05,Neutro
2015-06-17,40.59,43.16,Neutro
2015-06-18,40.59,50.00,Neutro
2015-06-19,40.59,40.59,Neutro
2015-06-22,57.66,57.66,Neutro
2015-06-23,48.84,57.66,Neutro
2015-06-24,58.45,57.66,Neutro
2015-06-25,50.00,57.66,Neutro
2015-06-26,100.00,57.66,Neutro
2015-06-29,100.00,57.66,Neutro
2015-06-30,100.00,57.66,Neutro
2015-07-01,,57.66,Neutro
2015-07-02,,48.84,Neutro
2015-07-06,,58.45,Neutro
2015-07-07,,50.00,Neutro
2015-07-08,,100.00,Sobrecomprado
2015-07-09,0.00,53.57,Neutro
2015-07-10,0.00,53.57,Neutro
2015-07-13,0.00,0.00,Sobrevendido
2015-07-14,0.00,0.00,Sobrevendido
2015-07-15,0.00,0.00,Sobrevendido
2015-07-16,0.00,0.00,Sobrevendido
2015-07-17,0.00,0.00,Sobrevendido
2015-07-20,,0.00,Sobrevendido
2015-07-21,100.00,23.53,Sobrevendido
2015-07-22,100.00,27.78,Sobrevendido
2015-07-23,100.00,27.78,Sobrevendido
2015-07-24,33.56,17.92,Sobrevendido
2015-07-27,33.56,17.92,Sobrevendido
2015-07-28,34.00,18.21,Sobrevendido
2015-07-29,44.38,44.38,Neutro
2015-07-30,24.22,39.30,Neutro
2015-07-31,13.94,30.62,Neutro
2015-08-03,35.61,45.43,Neutro
2015-08-04,36.80,35.65,Neutro
2015-08-05,56.30,50.00,Neutro
2015-08-06,56.19,50.00,Neutro
2015-08-07,38.00,39.68,Neutro
2015-08-10,54.95,48.75,Neutro
2015-08-11,61.02,48.75,Neutro
2015-08-12,57.41,50.00,Neutro
2015-08-13,56.36,49.94,Neutro
2015-08-14,54.29,55.14,Neutro
2015-08-17,53.77,54.79,Neutro
2015-08-18,71.25,52.78,Neutro
2015-08-19,52.08,54.16,Neutro
2015-08-20,54.00,58.93,Neutro
2015-08-21,44.23,53.12,Neutro
2015-08-24,72.22,59.97,Neutro
2015-08-25,32.84,51.86,Neutro
2015-08-26,71.43,57.46,Neutro
2015-08-27,76.92,72.64,Sobrecomprado
2015-08-28,76.92,60.81,Neutro
2015-08-31,72.73,59.72,Neutro
2015-09-01,100.00,57.35,Neutro
2015-09-02,100.00,81.25,Sobrecomprado
2015-09-03,100.00,68.97,Neutro
2015-09-04,,71.43,Sobrecomprado
2015-09-08,,76.92,Sobrecomprado
2015-09-09,,76.92,Sobrecomprado
2015-09-10,,72.73,Sobrecomprado
2015-09-11,,100.00,Sobrecomprado
2015-09-14,,100.00,Sobrecomprado
2015-09-15,,100.00,Sobrecomprado
2015-09-16,,,Neutro
2015-09-17,,,Neutro
2015-09-18,,,Neutro
2015-09-21,,,Neutro
2015-09-22,100.00,100.00,Sobrecomprado
2015-09-23,100.00,100.00,Sobrecomprado
2015-09-24,100.00,100.00,Sobrecomprado
2015-09-25,100.00,100.00,Sobrecomprado
2015-09-28,100.00,100.00,Sobrecomprado
2015-09-29,100.00,100.00,Sobrecomprado
2015-09-30,100.00,100.00,Sobrecomprado
2015-10-01,0.00,33.33,Neutro
2015-10-02,33.33,50.00,Neutro
2015-10-05,33.33,50.00,Neutro
2015-10-06,33.33,50.00,Neutro
2015-10-07,33.33,50.00,Neutro
2015-10-08,33.33,50.00,Neutro
2015-10-09,20.83,34.48,Neutro
2015-10-12,60.87,42.42,Neutro
2015-10-13,50.00,42.42,Neutro
2015-10-14,50.00,42.42,Neutro
2015-10-15,50.00,42.42,Neutro
2015-10-16,50.00,42.42,Neutro
2015-10-19,50.00,42.42,Neutro
2015-10-20,50.00,33.33,Neutro
2015-10-21,0.00,43.75,Neutro
2015-10-22,30.77,41.94,Neutro
2015-10-23,30.77,41.94,Neutro
2015-10-26,30.77,41.94,Neutro
2015-10-27,30.77,41.94,Neutro
2015-10-28,18.18,32.50,Neutro
2015-10-29,30.77,41.94,Neutro
2015-10-30,30.77,18.18,Sobrevendido
2015-11-02,0.00,18.18,Sobrevendido
2015-11-03,47.06,40.00,Neutro
2015-11-04,47.06,40.00,Neutro
2015-11-05,47.06,40.00,Neutro
2015-11-06,50.00,31.58,Neutro
2015-11-09,50.00,41.38,Neutro
2015-11-10,50.00,41.38,Neutro
2015-11-11,60.00,41.38,Neutro
2015-11-12,23.67,35.40,Neutro
2015-11-13,19.05,31.58,Neutro
2015-11-16,32.00,38.10,Neutro
2015-11-17,47.06,48.48,Neutro
2015-11-18,43.24,46.38,Neutro
2015-11-19,43.24,46.38,Neutro
2015-11-20,27.59,46.38,Neutro
2015-11-23,41.67,30.19,Neutro
2015-11-24,72.73,30.19,Neutro
2015-11-25,0.00,30.19,Neutro
2015-11-27,0.00,43.24,Neutro
2015-11-30,0.00,42.44,Neutro
2015-12-01,0.00,36.38,Neutro
2015-12-02,0.00,22.22,Sobrevendido
2015-12-03,0.00,30.53,Neutro
2015-12-04,0.00,44.45,Neutro
2015-12-07,0.00,0.00,Sobrevendido
2015-12-08,0.00,0.00,Sobrevendido
2015-12-09,0.00,0.00,Sobrevendido
2015-12-10,0.00,0.00,Sobrevendido
2015-12-11,,0.00,Sobrevendido
2015-12-14,,0.00,Sobrevendido
2015-12-15,,0.00,Sobrevendido
2015-12-16,,0.00,Sobrevendido
2015-12-17,,0.00,Sobrevendido
2015-12-18,,0.00,Sobrevendido
2015-12-21,,0.00,Sobrevendido
2015-12-22,,,Neutro
2015-12-23,100.00,100.00,Sobrecomprado
2015-12-24,100.00,100.00,Sobrecomprado
2015-12-28,100.00,100.00,Sobrecomprado
2015-12-29,100.00,100.00,Sobrecomprado
2015-12-30,100.00,100.00,Sobrecomprado
2015-12-31,100.00,100.00,Sobrecomprado
2016-01-04,100.00,100.00,Sobrecomprado
2016-01-05,,100.00,Sobrecomprado
2016-01-06,,100.00,Sobrecomprado
2016-01-07,,100.00,Sobrecomprado
2016-01-08,0.00,50.00,Neutro
2016-01-11,0.00,38.89,Neutro
2016-01-12,14.73,44.72,Neutro
2016-01-13,14.73,44.72,Neutro
2016-01-14,14.73,14.73,Sobrevendido
2016-01-15,14.73,14.73,Sobrevendido
2016-01-19,14.73,14.73,Sobrevendido
2016-01-20,32.20,14.73,Sobrevendido
2016-01-21,100.00,14.73,Sobrevendido
2016-01-22,,14.73,Sobrevendido
2016-01-25,,14.73,Sobrevendido
2016-01-26,,14.73,Sobrevendido
2016-01-27,0.00,9.14,Sobrevendido
2016-01-28,0.00,9.14,Sobrevendido
2016-01-29,0.00,13.77,Sobrevendido
2016-02-01,0.00,19.39,Sobrevendido
2016-02-02,0.00,0.00,Sobrevendido
2016-02-03,0.00,0.00,Sobrevendido
2016-02-04,0.00,0.00,Sobrevendido
2016-02-05,0.00,0.00,Sobrevendido
2016-02-08,0.00,0.00,Sobrevendido
2016-02-09,0.00,0.00,Sobrevendido
2016-02-10,0.00,0.00,Sobrevendido
2016-02-11,0.00,0.00,Sobrevendido
2016-02-12,0.00,0.00,Sobrevendido
2016-02-16,0.00,0.00,Sobrevendido
2016-02-17,,0.00,Sobrevendido
2016-02-18,,0.00,Sobrevendido
2016-02-19,,0.00,Sobrevendido
2016-02-22,0.00,0.00,Sobrevendido
2016-02-23,0.00,0.00,Sobrevendido
2016-02-24,0.00,0.00,Sobrevendido
2016-02-25,0.00,0.00,Sobrevendido
2016-02-26,0.00,0.00,Sobrevendido
2016-02-29,0.00,0.00,Sobrevendido
2016-03-01,0.00,0.00,Sobrevendido
2016-03-02,0.00,0.00,Sobrevendido
2016-03-03,42.86,37.50,Neutro
2016-03-04,42.80,37.45,Neutro
2016-03-07,42.88,37.53,Neutro
2016-03-08,42.88,37.53,Neutro
2016-03-09,50.42,37.53,Neutro
2016-03-10,99.67,37.53,Neutro
2016-03-11,99.67,42.88,Neutro
2016-03-14,50.00,42.88,Neutro
2016-03-15,100.00,42.88,Neutro
2016-03-16,0.00,23.48,Sobrevendido
2016-03-17,0.00,23.48,Sobrevendido
2016-03-18,50.00,50.14,Neutro
2016-03-21,50.00,60.26,Neutro
2016-03-22,50.00,60.26,Neutro
2016-03-23,50.00,50.00,Neutro
2016-03-24,50.00,50.04,Neutro
2016-03-28,100.00,50.00,Neutro
2016-03-29,100.00,50.00,Neutro
2016-03-30,,50.00,Neutro
2016-03-31,,50.00,Neutro
2016-04-01,,50.00,Neutro
2016-04-04,,50.00,Neutro
2016-04-05,0.00,42.65,Neutro
2016-04-06,50.00,79.59,Sobrecomprado
2016-04-07,50.00,79.59,Sobrecomprado
2016-04-08,50.00,50.00,Neutro
2016-04-11,50.00,50.00,Neutro
2016-04-12,50.00,50.00,Neutro
2016-04-13,50.00,50.00,Neutro
2016-04-14,100.00,50.00,Neutro
2016-04-15,,50.00,Neutro
2016-04-18,,50.00,Neutro
2016-04-19,,50.00,Neutro
2016-04-20,,50.00,Neutro
2016-04-21,,50.00,Neutro
2016-04-22,,50.00,Neutro
2016-04-25,,100.00,Sobrecomprado
2016-04-26,,,Neutro
2016-04-27,,,Neutro
2016-04-28,,,Neutro
2016-04-29,,,Neutro
2016-05-02,,,Neutro
2016-05-03,,,Neutro
2016-05-04,0.00,0.00,Sobrevendido
2016-05-05,50.00,50.00,Neutro
2016-05-06,50.00,50.00,Neutro
2016-05-09,50.00,50.00,Neutro
2016-05-10,50.00,50.00,Neutro
2016-05-11,50.00,50.00,Neutro
2016-05-12,50.00,50.00,Neutro
2016-05-13,100.00,50.00,Neutro
2016-05-16,,50.00,Neutro
2016-05-17,0.00,39.13,Neutro
2016-05-18,50.00,50.00,Neutro
2016-05-19,50.00,50.00,Neutro
2016-05-20,50.00,50.00,Neutro
2016-05-23,50.00,50.00,Neutro
2016-05-24,50.00,73.68,Sobrecomprado
2016-05-25,50.00,50.00,Neutro
2016-05-26,50.00,33.33,Neutro
2016-05-27,50.00,50.00,Neutro
2016-05-31,40.00,44.45,Neutro
2016-06-01,50.00,50.00,Neutro
2016-06-02,50.00,50.00,Neutro
2016-06-03,50.00,50.00,Neutro
2016-06-06,50.00,50.00,Neutro
2016-06-07,75.00,62.50,Neutro
2016-06-08,50.00,50.00,Neutro
2016-06-09,100.00,50.00,Neutro
2016-06-10,0.00,48.08,Neutro
2016-06-13,50.00,50.00,Neutro
2016-06-14,50.00,50.00,Neutro
2016-06-15,50.00,50.00,Neutro
2016-06-16,50.00,72.33,Sobrecomprado
2016-06-17,50.00,50.00,Neutro
2016-06-20,50.00,83.78,Sobrecomprado
2016-06-21,100.00,50.00,Neutro
2016-06-22,,50.00,Neutro
2016-06-23,,50.00,Neutro
2016-06-24,,50.00,Neutro
2016-06-27,,50.00,Neutro
2016-06-28,,50.00,Neutro
2016-06-29,,50.00,Neutro
2016-06-30,,100.00,Sobrecomprado
2016-07-01,0.00,0.00,Sobrevendido
2016-07-05,0.00,0.00,Sobrevendido
2016-07-06,50.00,50.00,Neutro
2016-07-07,44.64,44.64,Neutro
2016-07-08,50.00,50.00,Neutro
2016-07-11,50.00,50.00,Neutro
2016-07-12,50.00,50.00,Neutro
2016-07-13,55.36,50.00,Neutro
2016-07-14,83.78,50.00,Neutro
2016-07-15,33.33,45.59,Neutro
2016-07-18,66.67,50.00,Neutro
2016-07-19,50.00,50.00,Neutro
2016-07-20,50.00,50.00,Neutro
2016-07-21,28.57,44.58,Neutro
2016-07-22,50.00,53.49,Neutro
2016-07-25,50.00,68.66,Neutro
2016-07-26,35.71,35.00,Neutro
2016-07-27,25.00,38.89,Neutro
2016-07-28,25.00,31.25,Neutro
2016-07-29,13.23,18.75,Sobrevendido
2016-08-01,15.25,18.75,Sobrevendido
2016-08-02,50.00,50.00,Neutro
2016-08-03,43.86,45.14,Neutro
2016-08-04,52.08,47.10,Neutro
2016-08-05,98.36,97.44,Sobrecomprado
2016-08-08,69.53,69.14,Neutro
2016-08-09,70.10,69.14,Neutro
2016-08-10,70.10,69.29,Neutro
2016-08-11,69.72,69.22,Neutro
2016-08-12,53.17,52.97,Neutro
2016-08-15,53.72,53.69,Neutro
2016-08-16,2.45,53.69,Neutro
2016-08-17,19.14,55.63,Neutro
2016-08-18,19.14,55.95,Neutro
2016-08-19,19.14,55.95,Neutro
2016-08-22,16.91,53.57,Neutro
2016-08-23,59.18,53.70,Neutro
2016-08-24,53.49,53.70,Neutro
2016-08-25,53.49,10.07,Sobrevendido
2016-08-26,20.00,19.26,Sobrevendido
2016-08-29,20.00,19.26,Sobrevendido
2016-08-30,20.00,19.26,Sobrevendido
2016-08-31,50.00,18.73,Sobrevendido
2016-09-01,50.00,57.63,Neutro
2016-09-02,50.00,52.83,Neutro
2016-09-06,50.00,52.83,Neutro
2016-09-07,0.00,14.29,Sobrevendido
2016-09-08,0.00,14.29,Sobrevendido
2016-09-09,33.33,25.00,Sobrevendido
2016-09-12,75.00,66.67,Neutro
2016-09-13,75.00,66.67,Neutro
2016-09-14,37.50,40.00,Neutro
2016-09-15,50.00,50.00,Neutro
2016-09-16,55.55,45.46,Neutro
2016-09-19,55.55,45.46,Neutro
2016-09-20,60.00,53.85,Neutro
2016-09-21,50.00,58.33,Neutro
2016-09-22,40.00,50.00,Neutro
2016-09-23,66.67,50.00,Neutro
2016-09-26,50.00,50.00,Neutro
2016-09-27,50.00,53.85,Neutro
2016-09-28,50.00,53.85,Neutro
2016-09-29,50.00,57.14,Neutro
2016-09-30,92.86,83.33,Sobrecomprado
2016-10-03,50.00,48.39,Neutro
2016-10-04,50.00,51.72,Neutro
2016-10-05,50.00,50.00,Neutro
2016-10-06,50.57,50.53,Neutro
2016-10-07,48.19,48.31,Neutro
2016-10-10,46.24,46.50,Neutro
2016-10-11,8.33,48.31,Neutro
2016-10-12,50.00,50.00,Neutro
2016-10-13,36.11,48.31,Neutro
2016-10-14,28.26,46.73,Neutro
2016-10-17,37.73,48.42,Neutro
2016-10-18,50.00,48.42,Neutro
2016-10-19,40.00,45.25,Neutro
2016-10-20,25.00,11.73,Sobrevendido
2016-10-21,40.00,43.42,Neutro
2016-10-24,61.39,51.03,Neutro
2016-10-25,76.08,51.03,Neutro
2016-10-26,68.56,49.29,Neutro
2016-10-27,56.48,53.18,Neutro
2016-10-28,79.76,55.98,Neutro
2016-10-31,69.43,46.82,Neutro
2016-11-01,58.74,46.82,Neutro
2016-11-02,29.76,53.65,Neutro
2016-11-03,45.87,65.72,Neutro
2016-11-04,45.87,59.33,Neutro
2016-11-07,66.67,59.33,Neutro
2016-11-08,50.00,72.94,Sobrecomprado
2016-11-09,100.00,72.94,Sobrecomprado
2016-11-10,50.00,56.48,Neutro
2016-11-11,50.00,37.31,Neutro
2016-11-14,50.00,47.17,Neutro
2016-11-15,25.00,35.88,Neutro
2016-11-16,12.50,27.27,Sobrevendido
2016-11-17,50.00,50.00,Neutro
2016-11-18,65.00,66.67,Neutro
2016-11-21,68.42,66.67,Neutro
2016-11-22,68.42,66.67,Neutro
2016-11-23,66.67,65.00,Neutro
2016-11-25,75.00,65.00,Neutro
2016-11-28,100.00,65.00,Neutro
2016-11-29,100.00,72.00,Sobrecomprado
2016-11-30,100.00,72.00,Sobrecomprado
2016-12-01,100.00,76.00,Sobrecomprado
2016-12-02,100.00,84.62,Sobrecomprado
2016-12-05,100.00,91.18,Sobrecomprado
2016-12-06,83.33,81.58,Sobrecomprado
2016-12-07,62.66,67.54,Neutro
2016-12-08,60.16,65.27,Neutro
2016-12-09,67.82,69.47,Neutro
2016-12-12,67.47,69.47,Neutro
2016-12-13,61.60,69.47,Neutro
2016-12-14,37.40,69.47,Neutro
2016-12-15,47.07,69.31,Neutro
2016-12-16,98.79,69.38,Neutro
2016-12-19,98.91,68.41,Neutro
2016-12-20,50.00,67.00,Neutro
2016-12-21,50.00,66.66,Neutro
2016-12-22,86.50,65.95,Neutro
2016-12-23,50.00,42.11,Neutro
2016-12-27,30.90,38.19,Neutro
2016-12-28,30.57,50.00,Neutro
2016-12-29,52.96,63.55,Neutro
2016-12-30,54.57,54.28,Neutro
2017-01-03,58.38,57.89,Neutro
2017-01-04,53.14,59.99,Neutro
2017-01-05,70.13,63.63,Neutro
2017-01-06,100.00,63.79,Neutro
2017-01-09,100.00,64.51,Neutro
2017-01-10,100.00,64.11,Neutro
2017-01-11,100.00,72.81,Sobrecomprado
2017-01-12,100.00,72.81,Sobrecomprado
2017-01-13,100.00,70.08,Sobrecomprado
2017-01-17,100.00,79.68,Sobrecomprado
2017-01-18,93.33,97.21,Sobrecomprado
2017-01-19,27.08,49.93,Neutro
2017-01-20,56.95,61.87,Neutro
2017-01-23,46.65,58.80,Neutro
2017-01-24,46.65,57.48,Neutro
2017-01-25,45.92,56.55,Neutro
2017-01-26,46.65,55.08,Neutro
2017-01-27,49.21,56.46,Neutro
2017-01-30,87.04,55.48,Neutro
2017-01-31,33.33,54.05,Neutro
2017-02-01,57.57,47.54,Neutro
2017-02-02,44.19,46.39,Neutro
2017-02-03,50.00,46.39,Neutro
2017-02-06,44.19,46.39,Neutro
2017-02-07,29.41,47.60,Neutro
2017-02-08,22.22,75.86,Sobrecomprado
2017-02-09,22.22,28.43,Sobrevendido
2017-02-10,36.36,44.32,Neutro
2017-02-13,25.00,31.71,Neutro
2017-02-14,20.00,31.71,Neutro
2017-02-15,18.75,27.64,Sobrevendido
2017-02-16,13.33,18.35,Sobrevendido
2017-02-17,23.08,22.73,Sobrevendido
2017-02-21,50.00,40.00,Neutro
2017-02-22,31.58,33.33,Neutro
2017-02-23,50.00,35.71,Neutro
2017-02-24,50.00,33.33,Neutro
2017-02-27,70.59,45.45,Neutro
2017-02-28,73.68,47.06,Neutro
2017-03-01,72.22,51.61,Neutro
2017-03-02,61.54,55.17,Neutro
2017-03-03,53.33,41.18,Neutro
2017-03-06,53.33,51.85,Neutro
2017-03-07,70.83,63.89,Neutro
2017-03-08,61.11,65.71,Neutro
2017-03-09,50.00,62.16,Neutro
2017-03-10,50.00,61.11,Neutro
2017-03-13,42.86,50.00,Neutro
2017-03-14,64.29,58.62,Neutro
2017-03-15,33.33,40.48,Neutro
2017-03-16,0.00,40.48,Neutro
2017-03-17,45.44,50.97,Neutro
2017-03-20,46.87,48.00,Neutro
2017-03-21,44.11,46.15,Neutro
2017-03-22,42.85,42.85,Neutro
2017-03-23,42.85,48.98,Neutro
2017-03-24,68.20,48.98,Neutro
2017-03-27,68.20,37.49,Neutro
2017-03-28,0.00,35.71,Neutro
2017-03-29,0.00,28.29,Sobrevendido
2017-03-30,26.92,36.66,Neutro
2017-03-31,29.17,37.28,Neutro
2017-04-03,29.17,37.28,Neutro
2017-04-04,25.93,44.90,Neutro
2017-04-05,25.93,44.90,Neutro
2017-04-06,28.00,20.59,Sobrevendido
2017-04-07,58.33,21.21,Sobrevendido
2017-04-10,16.67,25.00,Sobrevendido
2017-04-11,50.00,33.33,Neutro
2017-04-12,57.14,35.48,Neutro
2017-04-13,100.00,35.48,Neutro
2017-04-17,100.00,35.48,Neutro
2017-04-18,100.00,37.93,Neutro
2017-04-19,100.00,68.75,Neutro
2017-04-20,75.00,40.00,Neutro
2017-04-21,50.00,50.00,Neutro
2017-04-24,0.00,50.00,Neutro
2017-04-25,50.00,83.33,Sobrecomprado
2017-04-26,50.00,83.33,Sobrecomprado
2017-04-27,50.00,83.33,Sobrecomprado
2017-04-28,50.00,83.33,Sobrecomprado
2017-05-01,100.00,80.00,Sobrecomprado
2017-05-02,33.34,40.00,Neutro
2017-05-03,33.34,25.00,Sobrevendido
2017-05-04,0.00,25.00,Sobrevendido
2017-05-05,0.00,22.22,Sobrevendido
2017-05-08,0.00,22.22,Sobrevendido
2017-05-09,10.72,27.08,Sobrevendido
2017-05-10,10.72,34.21,Neutro
2017-05-11,37.50,34.21,Neutro
2017-05-12,91.55,71.97,Sobrecomprado
2017-05-15,55.08,45.78,Neutro
2017-05-16,58.03,45.78,Neutro
2017-05-17,58.03,45.78,Neutro
2017-05-18,56.64,45.78,Neutro
2017-05-19,56.64,45.78,Neutro
2017-05-22,56.64,55.08,Neutro
2017-05-23,0.00,55.08,Neutro
2017-05-24,,55.08,Neutro
2017-05-25,,58.03,Neutro
2017-05-26,0.00,51.42,Neutro
2017-05-30,0.00,50.00,Neutro
2017-05-31,0.00,46.38,Neutro
2017-06-01,0.00,21.30,Sobrevendido
2017-06-02,47.92,42.18,Neutro
2017-06-05,47.92,47.92,Neutro
2017-06-06,47.92,47.92,Neutro
2017-06-07,50.00,47.92,Neutro
2017-06-08,50.00,47.92,Neutro
2017-06-09,51.49,47.92,Neutro
2017-06-12,100.00,47.92,Neutro
2017-06-13,100.00,54.55,Neutro
2017-06-14,100.00,54.55,Neutro
2017-06-15,100.00,54.55,Neutro
2017-06-16,80.77,54.88,Neutro
2017-06-19,80.77,54.88,Neutro
2017-06-20,45.65,50.00,Neutro
2017-06-21,55.36,80.00,Sobrecomprado
2017-06-22,9.53,24.61,Sobrevendido
2017-06-23,52.50,57.02,Neutro
2017-06-26,39.62,44.05,Neutro
2017-06-27,40.38,44.05,Neutro
2017-06-28,40.38,44.05,Neutro
2017-06-29,46.00,45.94,Neutro
2017-06-30,40.54,43.17,Neutro
2017-07-03,55.54,39.11,Neutro
2017-07-05,33.44,45.12,Neutro
2017-07-06,42.45,40.39,Neutro
2017-07-07,45.21,41.76,Neutro
2017-07-10,45.21,41.76,Neutro
2017-07-11,58.67,50.52,Neutro
2017-07-12,68.01,49.21,Neutro
2017-07-13,68.01,60.37,Neutro
2017-07-14,40.43,36.86,Neutro
2017-07-17,41.53,41.95,Neutro
2017-07-18,38.94,41.95,Neutro
2017-07-19,46.09,45.70,Neutro
2017-07-20,17.54,42.97,Neutro
2017-07-21,15.15,44.05,Neutro
2017-07-24,15.15,44.05,Neutro
2017-07-25,23.08,34.37,Neutro
2017-07-26,50.00,43.24,Neutro
2017-07-27,80.52,55.79,Neutro
2017-07-28,75.81,55.79,Neutro
2017-07-31,84.75,51.72,Neutro
2017-08-01,100.00,51.72,Neutro
2017-08-02,100.00,51.72,Neutro
2017-08-03,100.00,64.29,Neutro
2017-08-04,100.00,85.71,Sobrecomprado
2017-08-07,100.00,85.71,Sobrecomprado
2017-08-08,35.90,53.57,Neutro
2017-08-09,0.00,39.79,Neutro
2017-08-10,50.00,63.64,Neutro
2017-08-11,50.00,63.64,Neutro
2017-08-14,44.44,58.33,Neutro
2017-08-15,44.44,58.33,Neutro
2017-08-16,44.44,50.59,Neutro
2017-08-17,57.14,50.59,Neutro
2017-08-18,80.77,45.65,Neutro
2017-08-21,50.00,50.00,Neutro
2017-08-22,20.00,38.46,Neutro
2017-08-23,57.14,50.00,Neutro
2017-08-24,50.00,47.06,Neutro
2017-08-25,55.56,50.00,Neutro
2017-08-28,59.18,58.33,Neutro
2017-08-29,56.22,64.64,Neutro
2017-08-30,54.20,53.47,Neutro
2017-08-31,79.12,53.46,Neutro
2017-09-01,63.43,59.32,Neutro
2017-09-05,90.28,62.79,Neutro
2017-09-06,90.28,65.72,Neutro
2017-09-07,37.00,50.00,Neutro
2017-09-08,39.03,49.39,Neutro
2017-09-11,56.51,55.34,Neutro
2017-09-12,56.53,65.90,Neutro
2017-09-13,58.33,59.76,Neutro
2017-09-14,53.49,64.61,Neutro
2017-09-15,35.30,50.01,Neutro
2017-09-18,59.38,47.75,Neutro
2017-09-19,59.38,49.07,Neutro
2017-09-20,22.25,46.88,Neutro
2017-09-21,22.20,46.89,Neutro
2017-09-22,6.61,46.04,Neutro
2017-09-25,6.61,41.38,Neutro
2017-09-26,50.00,35.85,Neutro
2017-09-27,0.00,57.60,Neutro
2017-09-28,75.12,61.12,Neutro
2017-09-29,100.00,51.74,Neutro
2017-10-02,100.00,51.73,Neutro
2017-10-03,100.00,46.15,Neutro
2017-10-04,100.00,46.15,Neutro
2017-10-05,57.87,57.13,Neutro
2017-10-06,57.87,55.00,Neutro
2017-10-09,50.00,55.00,Neutro
2017-10-10,0.00,57.87,Neutro
2017-10-11,0.00,57.87,Neutro
2017-10-12,0.00,57.87,Neutro
2017-10-13,0.00,57.87,Neutro
2017-10-16,0.00,54.98,Neutro
2017-10-17,0.00,54.98,Neutro
2017-10-18,0.00,36.53,Neutro
2017-10-19,0.00,0.00,Sobrevendido
2017-10-20,57.25,36.24,Neutro
2017-10-23,37.98,27.43,Sobrevendido
2017-10-24,37.98,27.43,Sobrevendido
2017-10-25,67.49,65.69,Neutro
2017-10-26,43.79,43.03,Neutro
2017-10-27,47.96,43.03,Neutro
2017-10-30,47.96,43.03,Neutro
2017-10-31,38.53,43.03,Neutro
2017-11-01,60.87,54.20,Neutro
2017-11-02,60.87,54.20,Neutro
2017-11-03,41.42,54.97,Neutro
2017-11-06,60.87,48.74,Neutro
2017-11-07,71.87,57.13,Neutro
2017-11-08,71.87,57.13,Neutro
2017-11-09,64.79,50.32,Neutro
2017-11-10,28.21,48.24,Neutro
2017-11-13,28.21,48.24,Neutro
2017-11-14,28.21,35.01,Neutro
2017-11-15,59.48,60.03,Neutro
2017-11-16,35.85,53.92,Neutro
2017-11-17,46.03,57.88,Neutro
2017-11-20,49.29,57.06,Neutro
2017-11-21,49.87,39.53,Neutro
2017-11-22,52.83,41.45,Neutro
2017-11-24,52.83,41.45,Neutro
2017-11-27,31.89,47.67,Neutro
2017-11-28,50.00,41.63,Neutro
2017-11-29,26.36,39.47,Neutro
2017-11-30,27.75,42.02,Neutro
2017-12-01,66.63,53.30,Neutro
2017-12-04,55.88,53.30,Neutro
2017-12-05,55.88,53.30,Neutro
2017-12-06,48.72,35.81,Neutro
2017-12-07,20.00,44.44,Neutro
2017-12-08,48.78,28.55,Sobrevendido
2017-12-11,50.00,29.98,Sobrevendido
2017-12-12,0.00,49.14,Neutro
2017-12-13,5.88,39.22,Neutro
2017-12-14,5.88,39.22,Neutro
2017-12-15,8.34,39.22,Neutro
2017-12-18,8.34,16.22,Sobrevendido
2017-12-19,8.34,26.97,Sobrevendido
2017-12-20,1.92,9.68,Sobrevendido
2017-12-21,2.44,1.76,Sobrevendido
2017-12-22,66.67,59.12,Neutro
2017-12-26,64.00,57.04,Neutro
2017-12-27,64.00,59.12,Neutro
2017-12-28,51.61,48.50,Neutro
2017-12-29,44.44,42.19,Neutro
2018-01-02,64.71,50.00,Neutro
2018-01-03,64.71,52.61,Neutro
2018-01-04,33.33,52.38,Neutro
2018-01-05,35.29,52.38,Neutro
2018-01-08,35.29,52.38,Neutro
2018-01-09,54.55,52.38,Neutro
2018-01-10,50.00,45.83,Neutro
2018-01-11,0.00,55.00,Neutro
2018-01-12,0.00,55.00,Neutro
2018-01-16,0.00,25.00,Sobrevendido
2018-01-17,57.14,45.16,Neutro
2018-01-18,57.14,45.16,Neutro
2018-01-19,70.00,64.52,Neutro
2018-01-22,100.00,76.92,Sobrecomprado
2018-01-23,93.33,66.67,Neutro
2018-01-24,94.12,69.57,Neutro
2018-01-25,94.12,69.57,Neutro
2018-01-26,66.67,61.54,Neutro
2018-01-29,66.67,61.54,Neutro
2018-01-30,28.57,59.26,Neutro
2018-01-31,28.57,76.19,Sobrecomprado
2018-02-01,15.50,57.35,Neutro
2018-02-02,0.00,57.35,Neutro
2018-02-05,0.00,57.35,Neutro
2018-02-06,0.00,40.20,Neutro
2018-02-07,0.00,40.00,Neutro
2018-02-08,0.00,14.29,Sobrevendido
2018-02-09,0.00,14.29,Sobrevendido
2018-02-12,0.00,11.24,Sobrevendido
2018-02-13,0.00,0.00,Sobrevendido
2018-02-14,30.23,16.39,Sobrevendido
2018-02-15,30.23,18.75,Sobrevendido
2018-02-16,30.47,18.75,Sobrevendido
2018-02-20,30.47,19.70,Sobrevendido
2018-02-21,30.47,19.70,Sobrevendido
2018-02-22,64.03,44.79,Neutro
2018-02-23,100.00,49.72,Neutro
2018-02-26,100.00,60.35,Neutro
2018-02-27,100.00,60.35,Neutro
2018-02-28,100.00,60.62,Neutro
2018-03-01,100.00,60.62,Neutro
2018-03-02,50.00,42.28,Neutro
2018-03-05,36.16,47.08,Neutro
2018-03-06,29.81,54.80,Neutro
2018-03-07,23.65,54.07,Neutro
2018-03-08,23.65,54.07,Neutro
2018-03-09,17.79,45.13,Neutro
2018-03-12,17.79,45.13,Neutro
2018-03-13,70.36,60.65,Neutro
2018-03-14,49.35,44.52,Neutro
2018-03-15,52.30,44.86,Neutro
2018-03-16,46.56,38.82,Neutro
2018-03-19,46.56,38.82,Neutro
2018-03-20,55.94,38.82,Neutro
2018-03-21,55.94,38.82,Neutro
2018-03-22,15.14,50.00,Neutro
2018-03-23,100.00,52.30,Neutro
2018-03-26,,52.30,Neutro
2018-03-27,,46.56,Neutro
2018-03-28,,46.56,Neutro
2018-03-29,100.00,67.12,Neutro
2018-04-02,100.00,67.12,Neutro
2018-04-03,100.00,48.72,Neutro
2018-04-04,95.14,96.02,Sobrecomprado
2018-04-05,50.00,50.00,Neutro
2018-04-06,61.66,61.66,Neutro
2018-04-09,58.91,58.91,Neutro
2018-04-10,39.42,60.67,Neutro
2018-04-11,39.42,60.67,Neutro
2018-04-12,46.46,63.76,Neutro
2018-04-13,47.62,63.76,Neutro
2018-04-16,88.89,63.76,Neutro
2018-04-17,75.00,63.76,Neutro
2018-04-18,100.00,63.76,Neutro
2018-04-19,100.00,46.46,Neutro
2018-04-20,100.00,46.46,Neutro
2018-04-23,,46.46,Neutro
2018-04-24,0.00,32.26,Neutro
2018-04-25,50.00,64.00,Neutro
2018-04-26,50.00,55.00,Neutro
2018-04-27,34.78,42.31,Neutro
2018-04-30,34.78,40.00,Neutro
2018-05-01,34.78,40.00,Neutro
2018-05-02,34.78,34.78,Neutro
2018-05-03,53.33,34.78,Neutro
2018-05-04,0.00,34.78,Neutro
2018-05-07,0.00,34.78,Neutro
2018-05-08,,34.78,Neutro
2018-05-09,,34.78,Neutro
2018-05-10,,34.78,Neutro
2018-05-11,,34.78,Neutro
2018-05-14,,53.33,Neutro
2018-05-15,,0.00,Sobrevendido
2018-05-16,100.00,50.00,Neutro
2018-05-17,100.00,100.00,Sobrecomprado
2018-05-18,100.00,100.00,Sobrecomprado
2018-05-21,100.00,100.00,Sobrecomprado
2018-05-22,100.00,100.00,Sobrecomprado
2018-05-23,100.00,100.00,Sobrecomprado
2018-05-24,100.00,100.00,Sobrecomprado
2018-05-25,,100.00,Sobrecomprado
2018-05-29,,100.00,Sobrecomprado
2018-05-30,,100.00,Sobrecomprado
2018-05-31,,100.00,Sobrecomprado
2018-06-01,,100.00,Sobrecomprado
2018-06-04,0.00,50.00,Neutro
2018-06-05,0.00,50.00,Neutro
2018-06-06,0.00,0.00,Sobrevendido
2018-06-07,0.00,0.00,Sobrevendido
2018-06-08,50.00,50.00,Neutro
2018-06-11,50.00,50.00,Neutro
2018-06-12,50.00,50.00,Neutro
2018-06-13,100.00,50.00,Neutro
2018-06-14,100.00,50.00,Neutro
2018-06-15,100.00,50.00,Neutro
2018-06-18,100.00,50.00,Neutro
2018-06-19,,50.00,Neutro
2018-06-20,,50.00,Neutro
2018-06-21,,50.00,Neutro
2018-06-22,,100.00,Sobrecomprado
2018-06-25,,100.00,Sobrecomprado
2018-06-26,,100.00,Sobrecomprado
2018-06-27,0.00,50.00,Neutro
2018-06-28,0.00,0.00,Sobrevendido
2018-06-29,0.00,0.00,Sobrevendido
2018-07-02,0.00,0.00,Sobrevendido
2018-07-03,0.00,0.00,Sobrevendido
2018-07-05,0.00,0.00,Sobrevendido
2018-07-06,0.00,0.00,Sobrevendido
2018-07-09,0.00,0.00,Sobrevendido
2018-07-10,0.00,0.00,Sobrevendido
2018-07-11,100.00,43.04,Neutro
2018-07-12,100.00,43.75,Neutro
2018-07-13,100.00,43.75,Neutro
2018-07-16,73.68,37.84,Neutro
2018-07-17,73.68,37.84,Neutro
2018-07-18,79.17,67.86,Neutro
2018-07-19,79.17,67.86,Neutro
2018-07-20,51.92,79.17,Sobrecomprado
2018-07-23,50.00,79.17,Sobrecomprado
2018-07-24,50.00,79.17,Sobrecomprado
2018-07-25,100.00,79.17,Sobrecomprado
2018-07-26,100.00,79.17,Sobrecomprado
2018-07-27,,79.17,Sobrecomprado
2018-07-30,,79.17,Sobrecomprado
2018-07-31,,51.92,Neutro
2018-08-01,,50.00,Neutro
2018-08-02,,50.00,Neutro
2018-08-03,0.00,21.74,Sobrevendido
2018-08-06,43.75,51.35,Neutro
2018-08-07,43.75,43.75,Neutro
2018-08-08,43.75,43.75,Neutro
2018-08-09,43.75,43.75,Neutro
2018-08-10,42.94,42.94,Neutro
2018-08-13,42.94,42.94,Neutro
2018-08-14,50.00,30.43,Neutro
2018-08-15,50.00,46.67,Neutro
2018-08-16,50.00,46.67,Neutro
2018-08-17,50.00,46.67,Neutro
2018-08-20,26.92,33.33,Neutro
2018-08-21,27.24,33.33,Neutro
2018-08-22,29.96,34.88,Neutro
2018-08-23,60.66,57.30,Neutro
2018-08-24,32.86,37.76,Neutro
2018-08-27,34.72,39.00,Neutro
2018-08-28,50.00,50.00,Neutro
2018-08-29,67.14,50.00,Neutro
2018-08-30,67.14,50.25,Neutro
2018-08-31,66.18,50.25,Neutro
2018-09-04,51.06,56.48,Neutro
2018-09-05,100.00,50.00,Neutro
2018-09-06,100.00,50.00,Neutro
2018-09-07,,50.00,Neutro
2018-09-10,,67.14,Neutro
2018-09-11,0.00,65.28,Neutro
2018-09-12,0.00,64.29,Neutro
2018-09-13,0.00,48.98,Neutro
2018-09-14,0.00,92.31,Sobrecomprado
2018-09-17,0.00,91.67,Sobrecomprado
2018-09-18,0.00,0.00,Sobrevendido
2018-09-19,0.00,0.00,Sobrevendido
2018-09-20,0.00,0.00,Sobrevendido
2018-09-21,52.66,49.72,Neutro
2018-09-24,52.66,49.72,Neutro
2018-09-25,35.89,34.50,Neutro
2018-09-26,35.89,34.50,Neutro
2018-09-27,29.87,28.90,Sobrevendido
2018-09-28,50.42,49.25,Neutro
2018-10-01,62.93,51.17,Neutro
2018-10-02,50.00,51.05,Neutro
2018-10-03,33.99,39.71,Neutro
2018-10-04,58.29,49.92,Neutro
2018-10-05,58.29,49.92,Neutro
2018-10-08,66.26,49.92,Neutro
2018-10-09,49.28,50.00,Neutro
2018-10-10,44.16,54.96,Neutro
2018-10-11,46.43,48.19,Neutro
2018-10-12,86.06,48.19,Neutro
2018-10-15,51.22,57.66,Neutro
2018-10-16,16.03,48.17,Neutro
2018-10-17,50.23,60.22,Neutro
2018-10-18,50.00,49.62,Neutro
2018-10-19,55.00,48.91,Neutro
2018-10-22,52.63,49.01,Neutro
2018-10-23,52.63,67.02,Neutro
2018-10-24,50.00,50.23,Neutro
2018-10-25,100.00,50.23,Neutro
2018-10-26,,50.23,Neutro
2018-10-29,,50.00,Neutro
2018-10-30,,55.00,Neutro
2018-10-31,,52.63,Neutro
2018-11-01,0.00,51.02,Neutro
2018-11-02,0.00,48.39,Neutro
2018-11-05,50.00,94.12,Sobrecomprado
2018-11-06,50.00,50.00,Neutro
2018-11-07,50.00,50.00,Neutro
2018-11-08,50.00,50.00,Neutro
2018-11-09,50.00,50.00,Neutro
2018-11-12,100.00,50.00,Neutro
2018-11-13,100.00,50.00,Neutro
2018-11-14,,50.00,Neutro
2018-11-15,,50.00,Neutro
2018-11-16,,50.00,Neutro
2018-11-19,,50.00,Neutro
2018-11-20,0.00,11.54,Sobrevendido
2018-11-21,0.00,13.04,Sobrevendido
2018-11-23,0.00,13.04,Sobrevendido
2018-11-26,0.00,0.00,Sobrevendido
2018-11-27,0.00,0.00,Sobrevendido
2018-11-28,36.84,36.84,Neutro
2018-11-29,36.84,36.84,Neutro
2018-11-30,63.64,36.84,Neutro
2018-12-03,58.33,35.00,Neutro
2018-12-04,58.33,35.00,Neutro
2018-12-06,58.33,35.00,Neutro
2018-12-07,87.50,35.00,Neutro
2018-12-10,50.00,38.10,Neutro
2018-12-11,50.00,38.10,Neutro
2018-12-12,66.67,64.29,Neutro
2018-12-13,100.00,64.29,Neutro
2018-12-14,100.00,64.29,Neutro
2018-12-17,100.00,64.29,Neutro
2018-12-18,100.00,90.00,Sobrecomprado
2018-12-19,9.09,15.38,Sobrevendido
2018-12-20,9.09,15.38,Sobrevendido
2018-12-21,0.00,15.38,Sobrevendido
2018-12-24,0.00,16.67,Sobrevendido
2018-12-26,0.00,16.67,Sobrevendido
2018-12-27,28.57,37.50,Neutro
2018-12-28,28.57,37.50,Neutro
2018-12-31,100.00,33.33,Neutro
2019-01-02,100.00,33.33,Neutro
2019-01-03,50.00,22.22,Sobrevendido
2019-01-04,50.00,22.22,Sobrevendido
2019-01-07,50.00,22.22,Sobrevendido
2019-01-08,0.00,22.22,Sobrevendido
2019-01-09,0.00,22.22,Sobrevendido
2019-01-10,69.23,76.47,Sobrecomprado
2019-01-11,69.23,76.47,Sobrecomprado
2019-01-14,100.00,76.47,Sobrecomprado
2019-01-15,100.00,81.82,Sobrecomprado
2019-01-16,50.00,50.00,Neutro
2019-01-17,73.58,68.42,Neutro
2019-01-18,67.24,62.90,Neutro
2019-01-22,61.22,62.90,Neutro
2019-01-23,61.22,62.90,Neutro
2019-01-24,64.81,69.84,Neutro
2019-01-25,52.63,61.97,Neutro
2019-01-28,69.77,61.97,Neutro
2019-01-29,27.78,61.97,Neutro
2019-01-30,38.46,61.97,Neutro
2019-01-31,38.46,56.45,Neutro
2019-02-01,25.51,51.02,Neutro
2019-02-04,0.00,51.02,Neutro
2019-02-05,68.57,56.92,Neutro
2019-02-06,68.87,69.47,Neutro
2019-02-07,79.25,60.64,Neutro
2019-02-08,80.59,68.94,Neutro
2019-02-11,85.69,75.30,Sobrecomprado
2019-02-12,100.00,77.88,Sobrecomprado
2019-02-13,100.00,79.20,Sobrecomprado
2019-02-14,100.00,91.29,Sobrecomprado
2019-02-15,100.00,92.60,Sobrecomprado
2019-02-19,100.00,92.76,Sobrecomprado
2019-02-20,91.81,87.85,Sobrecomprado
2019-02-21,89.86,87.86,Sobrecomprado
2019-02-22,41.27,60.85,Neutro
2019-02-25,41.40,63.32,Neutro
2019-02-26,48.58,66.11,Neutro
2019-02-27,40.88,65.82,Neutro
2019-02-28,37.14,60.98,Neutro
2019-03-01,45.15,62.83,Neutro
2019-03-04,41.82,56.89,Neutro
2019-03-05,65.16,51.59,Neutro
2019-03-06,50.00,45.19,Neutro
2019-03-07,30.42,42.56,Neutro
2019-03-08,33.33,38.11,Neutro
2019-03-11,40.00,38.11,Neutro
2019-03-12,23.92,38.99,Neutro
2019-03-13,21.74,35.90,Neutro
2019-03-14,26.46,51.66,Neutro
2019-03-15,50.00,50.00,Neutro
2019-03-18,55.62,40.59,Neutro
2019-03-19,37.71,35.38,Neutro
2019-03-20,30.38,35.10,Neutro
2019-03-21,29.37,26.99,Sobrevendido
2019-03-22,37.18,29.15,Sobrevendido
2019-03-25,49.27,39.34,Neutro
2019-03-26,51.93,51.20,Neutro
2019-03-27,36.98,45.14,Neutro
2019-03-28,44.95,40.92,Neutro
2019-03-29,59.36,41.88,Neutro
2019-04-01,78.81,52.83,Neutro
2019-04-02,83.71,63.97,Neutro
2019-04-03,83.88,68.06,Neutro
2019-04-04,82.20,67.21,Neutro
2019-04-05,66.87,54.52,Neutro
2019-04-08,54.66,51.54,Neutro
2019-04-09,53.96,55.60,Neutro
2019-04-10,36.45,54.35,Neutro
2019-04-11,32.37,57.04,Neutro
2019-04-12,26.48,55.41,Neutro
2019-04-15,19.56,48.27,Neutro
2019-04-16,22.51,46.68,Neutro
2019-04-17,42.11,50.60,Neutro
2019-04-18,30.13,45.16,Neutro
2019-04-22,31.69,34.56,Neutro
2019-04-23,31.60,32.06,Neutro
2019-04-24,30.06,28.00,Sobrevendido
2019-04-25,47.57,30.75,Neutro
2019-04-26,44.99,32.57,Neutro
2019-04-29,35.52,38.54,Neutro
2019-04-30,47.21,37.63,Neutro
2019-05-01,54.49,41.52,Neutro
2019-05-02,53.13,40.73,Neutro
2019-05-03,44.01,36.02,Neutro
2019-05-06,23.33,37.40,Neutro
2019-05-07,48.39,46.21,Neutro
2019-05-08,48.70,40.19,Neutro
2019-05-09,56.83,51.53,Neutro
2019-05-10,55.27,54.85,Neutro
2019-05-13,45.70,50.00,Neutro
2019-05-14,40.12,42.24,Neutro
2019-05-15,45.70,33.11,Neutro
2019-05-16,37.98,43.69,Neutro
2019-05-17,31.16,39.89,Neutro
2019-05-20,11.85,38.91,Neutro
2019-05-21,22.97,41.06,Neutro
2019-05-22,21.07,33.15,Neutro
2019-05-23,17.36,28.16,Sobrevendido
2019-05-24,24.01,33.61,Neutro
2019-05-28,53.25,48.68,Neutro
2019-05-29,66.34,52.69,Neutro
2019-05-30,66.34,48.29,Neutro
2019-05-31,65.64,50.00,Neutro
2019-06-03,69.21,49.98,Neutro
2019-06-04,80.76,50.00,Neutro
2019-06-05,76.15,50.60,Neutro
2019-06-06,21.87,46.61,Neutro
2019-06-07,38.27,58.13,Neutro
2019-06-10,27.78,52.63,Neutro
2019-06-11,38.09,54.72,Neutro
2019-06-12,62.17,65.47,Neutro
2019-06-13,62.14,70.16,Sobrecomprado
2019-06-14,51.28,60.72,Neutro
2019-06-17,48.12,43.03,Neutro
2019-06-18,47.35,45.21,Neutro
2019-06-19,56.44,47.85,Neutro
2019-06-20,57.69,51.30,Neutro
2019-06-21,30.49,45.47,Neutro
2019-06-24,33.33,47.60,Neutro
2019-06-25,49.97,50.73,Neutro
2019-06-26,60.00,52.40,Neutro
2019-06-27,40.74,44.64,Neutro
2019-06-28,36.95,48.58,Neutro
2019-07-01,19.10,43.94,Neutro
2019-07-02,38.28,32.99,Neutro
2019-07-03,37.39,34.74,Neutro
2019-07-05,36.30,44.81,Neutro
2019-07-08,50.00,55.19,Neutro
2019-07-09,82.19,57.53,Neutro
2019-07-10,79.66,54.42,Neutro
2019-07-11,87.60,50.38,Neutro
2019-07-12,85.98,61.98,Neutro
2019-07-15,97.35,64.96,Neutro
2019-07-16,97.52,65.70,Neutro
2019-07-17,97.37,69.23,Neutro
2019-07-18,84.14,82.91,Sobrecomprado
2019-07-19,37.03,54.90,Neutro
2019-07-22,22.15,45.44,Neutro
2019-07-23,42.98,54.31,Neutro
2019-07-24,37.96,50.92,Neutro
2019-07-25,32.14,47.65,Neutro
2019-07-26,26.67,43.67,Neutro
2019-07-29,24.91,35.75,Neutro
2019-07-30,42.50,40.37,Neutro
2019-07-31,60.00,40.21,Neutro
2019-08-01,30.07,39.00,Neutro
2019-08-02,40.00,38.43,Neutro
2019-08-05,30.30,31.61,Neutro
2019-08-06,31.34,28.11,Sobrevendido
2019-08-07,37.63,28.19,Sobrevendido
2019-08-08,13.59,34.70,Neutro
2019-08-09,2.38,42.96,Neutro
2019-08-12,24.17,27.68,Sobrevendido
2019-08-13,45.61,42.99,Neutro
2019-08-14,48.60,38.49,Neutro
2019-08-15,45.45,37.70,Neutro
2019-08-16,40.85,39.32,Neutro
2019-08-19,39.18,28.27,Sobrevendido
2019-08-20,33.33,22.22,Sobrevendido
2019-08-21,28.57,26.84,Sobrevendido
2019-08-22,9.09,27.68,Sobrevendido
2019-08-23,12.99,33.70,Neutro
2019-08-26,34.04,40.20,Neutro
2019-08-27,51.72,45.37,Neutro
2019-08-28,74.69,54.46,Neutro
2019-08-29,97.87,58.20,Neutro
2019-08-30,97.62,54.46,Neutro
2019-09-03,87.14,45.08,Neutro
2019-09-04,74.89,49.33,Neutro
2019-09-05,71.05,52.65,Neutro
2019-09-06,53.43,52.65,Neutro
2019-09-09,52.50,63.39,Neutro
2019-09-10,47.74,73.23,Sobrecomprado
2019-09-11,34.23,59.49,Neutro
2019-09-12,42.15,61.32,Neutro
2019-09-13,54.99,64.31,Neutro
2019-09-16,37.62,50.00,Neutro
2019-09-17,42.94,47.33,Neutro
2019-09-18,51.44,51.84,Neutro
2019-09-19,40.31,42.76,Neutro
2019-09-20,60.56,50.00,Neutro
2019-09-23,52.51,48.48,Neutro
2019-09-24,47.39,50.40,Neutro
2019-09-25,60.03,48.39,Neutro
2019-09-26,61.07,52.37,Neutro
2019-09-27,42.94,48.16,Neutro
2019-09-30,60.94,46.36,Neutro
2019-10-01,24.81,54.34,Neutro
2019-10-02,24.81,47.89,Neutro
2019-10-03,28.57,44.45,Neutro
2019-10-04,50.00,57.91,Neutro
2019-10-07,52.38,59.20,Neutro
2019-10-08,55.56,46.73,Neutro
2019-10-09,52.49,57.85,Neutro
2019-10-10,38.58,32.61,Neutro
2019-10-11,40.12,33.33,Neutro
2019-10-14,45.85,39.16,Neutro
2019-10-15,55.82,53.66,Neutro
2019-10-16,35.68,41.02,Neutro
2019-10-17,45.24,48.33,Neutro
2019-10-18,45.67,47.71,Neutro
2019-10-21,46.12,43.59,Neutro
2019-10-22,50.00,46.59,Neutro
2019-10-23,52.31,50.00,Neutro
2019-10-24,30.48,40.91,Neutro
2019-10-25,38.19,36.85,Neutro
2019-10-28,44.82,45.05,Neutro
2019-10-29,54.73,50.24,Neutro
2019-10-30,65.92,56.40,Neutro
2019-10-31,75.91,64.23,Neutro
2019-11-01,73.63,63.29,Neutro
2019-11-04,90.69,58.74,Neutro
2019-11-05,71.01,57.43,Neutro
2019-11-06,37.98,40.73,Neutro
2019-11-07,42.86,47.97,Neutro
2019-11-08,34.68,49.17,Neutro
2019-11-11,26.32,51.31,Neutro
2019-11-12,26.96,49.32,Neutro
2019-11-13,24.54,51.32,Neutro
2019-11-14,28.13,49.52,Neutro
2019-11-15,56.94,44.78,Neutro
2019-11-18,20.37,36.60,Neutro
2019-11-19,22.15,31.17,Neutro
2019-11-20,16.64,22.74,Sobrevendido
2019-11-21,16.01,22.96,Sobrevendido
2019-11-22,23.53,24.23,Sobrevendido
2019-11-25,57.44,39.23,Neutro
2019-11-26,42.56,50.00,Neutro
2019-11-27,59.20,41.61,Neutro
2019-11-29,54.92,41.26,Neutro
2019-12-02,60.63,38.09,Neutro
2019-12-03,67.95,44.10,Neutro
2019-12-04,66.67,47.89,Neutro
2019-12-05,50.00,54.27,Neutro
2019-12-06,62.50,50.00,Neutro
2019-12-09,23.08,41.17,Neutro
2019-12-10,64.00,60.74,Neutro
2019-12-11,71.64,67.90,Neutro
2019-12-12,67.46,67.67,Neutro
2019-12-13,60.26,62.70,Neutro
2019-12-16,63.83,60.07,Neutro
2019-12-17,70.98,69.34,Neutro
2019-12-18,55.64,48.02,Neutro
2019-12-19,29.21,43.34,Neutro
2019-12-20,23.89,42.78,Neutro
2019-12-23,22.17,37.97,Neutro
2019-12-24,23.08,37.37,Neutro
2019-12-26,26.11,41.09,Neutro
2019-12-27,11.42,40.47,Neutro
2019-12-30,18.69,43.28,Neutro
2019-12-31,31.13,29.77,Sobrevendido
2020-01-02,50.91,31.75,Neutro
2020-01-03,50.64,30.06,Neutro
2020-01-06,61.07,34.69,Neutro
2020-01-07,46.75,31.36,Neutro
2020-01-08,38.90,20.27,Sobrevendido
2020-01-09,59.29,37.64,Neutro
2020-01-10,47.93,41.03,Neutro
2020-01-13,32.06,39.74,Neutro
2020-01-14,37.53,43.34,Neutro
2020-01-15,24.58,41.77,Neutro
2020-01-16,25.51,34.59,Neutro
2020-01-17,39.47,39.18,Neutro
2020-01-21,13.87,40.10,Neutro
2020-01-22,13.97,34.84,Neutro
2020-01-23,21.43,28.84,Sobrevendido
2020-01-24,23.61,32.79,Neutro
2020-01-27,30.67,26.33,Sobrevendido
2020-01-28,44.88,32.18,Neutro
2020-01-29,26.05,34.41,Neutro
2020-01-30,39.21,24.04,Sobrevendido
2020-01-31,47.37,25.94,Sobrevendido
2020-02-03,45.95,31.98,Neutro
2020-02-04,42.86,31.50,Neutro
2020-02-05,48.05,39.33,Neutro
2020-02-06,52.38,48.35,Neutro
2020-02-07,71.35,44.69,Neutro
2020-02-10,35.04,36.90,Neutro
2020-02-11,57.84,53.93,Neutro
2020-02-12,61.07,55.80,Neutro
2020-02-13,50.00,47.91,Neutro
2020-02-14,51.16,50.20,Neutro
2020-02-18,45.48,47.91,Neutro
2020-02-19,43.36,52.28,Neutro
2020-02-20,69.76,51.40,Neutro
2020-02-21,54.46,56.67,Neutro
2020-02-24,54.05,58.79,Neutro
2020-02-25,100.00,59.15,Neutro
2020-02-26,100.00,58.22,Neutro
2020-02-27,64.33,48.66,Neutro
2020-02-28,79.02,52.77,Neutro
2020-03-02,74.18,71.20,Sobrecomprado
2020-03-03,90.25,78.00,Sobrecomprado
2020-03-04,91.55,79.98,Sobrecomprado
2020-03-05,94.46,95.25,Sobrecomprado
2020-03-06,95.24,95.72,Sobrecomprado
2020-03-09,55.62,56.18,Neutro
2020-03-10,64.15,65.44,Neutro
2020-03-11,63.18,64.05,Neutro
2020-03-12,50.71,58.20,Neutro
2020-03-13,47.17,56.92,Neutro
2020-03-16,34.00,52.90,Neutro
2020-03-17,34.52,55.45,Neutro
2020-03-18,46.03,51.26,Neutro
2020-03-19,33.20,53.25,Neutro
2020-03-20,34.28,53.31,Neutro
2020-03-23,46.35,49.36,Neutro
2020-03-24,42.55,45.62,Neutro
2020-03-25,58.88,42.37,Neutro
2020-03-26,40.68,36.61,Neutro
2020-03-27,61.97,51.70,Neutro
2020-03-30,58.52,42.95,Neutro
2020-03-31,65.50,47.90,Neutro
2020-04-01,59.81,52.84,Neutro
2020-04-02,75.51,58.60,Neutro
2020-04-03,75.61,67.28,Neutro
2020-04-06,95.12,68.52,Neutro
2020-04-07,95.83,82.37,Sobrecomprado
2020-04-08,95.23,80.21,Sobrecomprado
2020-04-09,94.38,80.24,Sobrecomprado
2020-04-13,95.59,77.94,Sobrecomprado
2020-04-14,60.84,67.84,Neutro
2020-04-15,61.32,68.10,Neutro
2020-04-16,47.81,73.45,Sobrecomprado
2020-04-17,15.84,60.62,Neutro
2020-04-20,14.66,55.50,Neutro
2020-04-21,28.29,56.54,Neutro
2020-04-22,26.56,54.79,Neutro
2020-04-23,45.17,53.06,Neutro
2020-04-24,35.42,49.43,Neutro
2020-04-27,38.40,43.04,Neutro
2020-04-28,63.33,33.70,Neutro
2020-04-29,70.16,33.25,Neutro
2020-04-30,44.45,32.11,Neutro
2020-05-01,64.71,32.91,Neutro
2020-05-04,78.18,54.59,Neutro
2020-05-05,55.84,43.40,Neutro
2020-05-06,57.71,46.24,Neutro
2020-05-07,60.47,61.80,Neutro
2020-05-08,67.12,68.39,Neutro
2020-05-11,54.24,51.34,Neutro
2020-05-12,41.85,46.01,Neutro
2020-05-13,30.41,44.80,Neutro
2020-05-14,48.41,51.23,Neutro
2020-05-15,47.95,51.78,Neutro
2020-05-18,46.71,52.41,Neutro
2020-05-19,34.75,48.48,Neutro
2020-05-20,59.34,56.96,Neutro
2020-05-21,73.59,54.99,Neutro
2020-05-22,73.83,50.40,Neutro
2020-05-26,70.62,58.09,Neutro
2020-05-27,69.02,56.91,Neutro
2020-05-28,57.35,51.57,Neutro
2020-05-29,77.67,54.25,Neutro
2020-06-01,63.47,60.85,Neutro
2020-06-02,66.22,70.59,Sobrecomprado
2020-06-03,52.86,65.89,Neutro
2020-06-04,44.41,60.99,Neutro
2020-06-05,38.46,56.37,Neutro
2020-06-08,51.17,55.29,Neutro
2020-06-09,15.25,64.23,Neutro
2020-06-10,38.46,55.86,Neutro
2020-06-11,50.00,61.54,Neutro
2020-06-12,63.29,55.60,Neutro
2020-06-15,63.29,50.00,Neutro
2020-06-16,100.00,50.00,Neutro
2020-06-17,100.00,70.55,Sobrecomprado
2020-06-18,80.42,51.86,Neutro
2020-06-19,59.84,49.57,Neutro
2020-06-22,64.92,58.69,Neutro
2020-06-23,49.73,53.83,Neutro
2020-06-24,60.71,61.37,Neutro
2020-06-25,67.61,72.47,Sobrecomprado
2020-06-26,46.93,62.68,Neutro
2020-06-29,51.37,61.28,Neutro
2020-06-30,60.39,60.20,Neutro
2020-07-01,51.59,56.62,Neutro
2020-07-02,63.49,56.73,Neutro
2020-07-06,36.70,50.00,Neutro
2020-07-07,13.91,49.92,Neutro
2020-07-08,48.66,47.52,Neutro
2020-07-09,39.56,46.55,Neutro
2020-07-10,62.38,61.45,Neutro
2020-07-13,73.44,64.20,Neutro
2020-07-14,78.02,73.20,Sobrecomprado
2020-07-15,89.92,70.75,Sobrecomprado
2020-07-16,91.75,71.68,Sobrecomprado
2020-07-17,75.06,68.66,Neutro
2020-07-20,70.59,62.21,Neutro
2020-07-21,55.30,58.32,Neutro
2020-07-22,41.62,57.20,Neutro
2020-07-23,25.92,56.40,Neutro
2020-07-24,53.42,69.39,Neutro
2020-07-27,56.80,73.00,Sobrecomprado
2020-07-28,84.68,81.40,Sobrecomprado
2020-07-29,92.59,85.22,Sobrecomprado
2020-07-30,95.76,84.21,Sobrecomprado
2020-07-31,99.08,83.81,Sobrecomprado
2020-08-03,96.59,80.69,Sobrecomprado
2020-08-04,96.61,83.01,Sobrecomprado
2020-08-05,89.08,78.12,Sobrecomprado
2020-08-06,47.82,66.98,Neutro
2020-08-07,55.59,74.12,Sobrecomprado
2020-08-10,31.78,56.23,Neutro
2020-08-11,31.85,57.55,Neutro
2020-08-12,34.09,58.34,Neutro
2020-08-13,29.27,56.61,Neutro
2020-08-14,28.92,52.63,Neutro
2020-08-17,43.06,44.91,Neutro
2020-08-18,26.79,40.90,Neutro
2020-08-19,42.14,34.77,Neutro
2020-08-20,56.36,40.41,Neutro
2020-08-21,62.67,45.10,Neutro
2020-08-24,53.50,39.22,Neutro
2020-08-25,61.35,41.96,Neutro
2020-08-26,57.82,49.19,Neutro
2020-08-27,53.63,40.10,Neutro
2020-08-28,77.08,61.36,Neutro
2020-08-31,58.84,57.40,Neutro
2020-09-01,45.89,57.32,Neutro
2020-09-02,59.74,55.11,Neutro
2020-09-03,45.33,57.45,Neutro
2020-09-04,43.25,54.13,Neutro
2020-09-08,55.97,54.08,Neutro
2020-09-09,27.04,65.56,Neutro
2020-09-10,38.94,54.66,Neutro
2020-09-11,23.12,40.93,Neutro
2020-09-14,50.63,56.45,Neutro
2020-09-15,60.60,50.55,Neutro
2020-09-16,51.95,45.93,Neutro
2020-09-17,34.48,46.00,Neutro
2020-09-18,50.00,35.78,Neutro
2020-09-21,54.55,46.64,Neutro
2020-09-22,19.50,20.31,Sobrevendido
2020-09-23,25.60,33.00,Neutro
2020-09-24,18.13,26.58,Sobrevendido
2020-09-25,37.94,39.83,Neutro
2020-09-28,44.86,42.86,Neutro
2020-09-29,43.78,44.64,Neutro
2020-09-30,38.32,40.56,Neutro
2020-10-01,57.14,43.23,Neutro
2020-10-02,53.24,41.95,Neutro
2020-10-05,81.55,50.01,Neutro
2020-10-06,73.04,50.03,Neutro
2020-10-07,36.38,40.83,Neutro
2020-10-08,38.82,41.46,Neutro
2020-10-09,52.29,44.54,Neutro
2020-10-12,44.47,50.59,Neutro
2020-10-13,43.82,48.19,Neutro
2020-10-14,25.71,54.79,Neutro
2020-10-15,31.40,48.36,Neutro
2020-10-16,70.41,45.82,Neutro
2020-10-19,53.96,43.60,Neutro
2020-10-20,34.51,47.96,Neutro
2020-10-21,38.28,43.10,Neutro
2020-10-22,22.34,38.97,Neutro
2020-10-23,52.61,35.23,Neutro
2020-10-26,50.87,37.78,Neutro
2020-10-27,27.89,42.10,Neutro
2020-10-28,38.84,44.61,Neutro
2020-10-29,41.86,39.71,Neutro
2020-10-30,45.28,43.27,Neutro
2020-11-02,46.88,39.59,Neutro
2020-11-03,33.77,42.01,Neutro
2020-11-04,27.21,37.90,Neutro
2020-11-05,88.04,40.79,Neutro
2020-11-06,96.06,65.18,Neutro
2020-11-09,61.85,52.68,Neutro
2020-11-10,63.97,56.02,Neutro
2020-11-11,58.05,53.65,Neutro
2020-11-12,62.75,53.59,Neutro
2020-11-13,62.89,52.36,Neutro
2020-11-16,61.60,65.59,Neutro
2020-11-17,21.72,50.01,Neutro
2020-11-18,54.59,57.97,Neutro
2020-11-19,50.88,57.25,Neutro
2020-11-20,59.01,58.50,Neutro
2020-11-23,51.19,58.22,Neutro
2020-11-24,57.80,60.72,Neutro
2020-11-25,57.58,59.86,Neutro
2020-11-27,94.60,46.98,Neutro
2020-11-30,30.13,46.30,Neutro
2020-12-01,54.62,52.50,Neutro
2020-12-02,60.29,59.64,Neutro
2020-12-03,44.76,47.33,Neutro
2020-12-04,41.27,48.70,Neutro
2020-12-07,41.86,48.87,Neutro
2020-12-08,50.18,63.38,Neutro
2020-12-09,54.79,47.04,Neutro
2020-12-10,40.11,46.61,Neutro
2020-12-11,23.92,40.68,Neutro
2020-12-14,31.43,39.38,Neutro
2020-12-15,40.74,41.03,Neutro
2020-12-16,42.17,42.00,Neutro
2020-12-17,45.43,48.11,Neutro
2020-12-18,59.88,56.78,Neutro
2020-12-21,55.87,47.33,Neutro
2020-12-22,76.50,43.09,Neutro
2020-12-23,68.92,48.51,Neutro
2020-12-24,69.87,53.18,Neutro
2020-12-28,53.41,47.44,Neutro
2020-12-29,39.40,43.07,Neutro
2020-12-30,39.36,50.49,Neutro
2020-12-31,62.06,58.88,Neutro
2021-01-04,47.74,58.55,Neutro
2021-01-05,54.75,60.76,Neutro
2021-01-06,40.54,54.84,Neutro
2021-01-07,50.00,52.00,Neutro
2021-01-08,45.78,42.32,Neutro
2021-01-11,40.95,40.13,Neutro
2021-01-12,5.14,43.30,Neutro
2021-01-13,8.85,40.68,Neutro
2021-01-14,30.56,48.88,Neutro
2021-01-15,24.68,35.27,Neutro
2021-01-19,24.68,40.37,Neutro
2021-01-20,53.88,50.00,Neutro
2021-01-21,47.93,44.60,Neutro
2021-01-22,36.77,27.07,Sobrevendido
2021-01-25,47.49,39.90,Neutro
2021-01-26,41.78,38.84,Neutro
2021-01-27,46.50,39.33,Neutro
2021-01-28,48.08,40.21,Neutro
2021-01-29,27.03,41.46,Neutro
2021-02-01,30.18,40.71,Neutro
2021-02-02,40.00,37.69,Neutro
2021-02-03,25.00,42.28,Neutro
2021-02-04,21.43,36.07,Neutro
2021-02-05,40.13,44.22,Neutro
2021-02-08,58.82,52.73,Neutro
2021-02-09,50.39,39.58,Neutro
2021-02-10,63.52,48.75,Neutro
2021-02-11,66.83,56.45,Neutro
2021-02-12,63.79,50.00,Neutro
2021-02-16,77.17,57.55,Neutro
2021-02-17,48.19,45.33,Neutro
2021-02-18,34.50,46.18,Neutro
2021-02-19,46.11,48.25,Neutro
2021-02-22,44.20,53.89,Neutro
2021-02-23,40.28,52.65,Neutro
2021-02-24,35.46,47.15,Neutro
2021-02-25,19.18,48.07,Neutro
2021-02-26,47.31,47.86,Neutro
2021-03-01,52.34,42.51,Neutro
2021-03-02,44.44,45.43,Neutro
2021-03-03,33.33,39.64,Neutro
2021-03-04,35.93,38.63,Neutro
2021-03-05,63.16,46.00,Neutro
2021-03-08,60.61,37.11,Neutro
2021-03-09,44.35,45.87,Neutro
2021-03-10,30.15,41.54,Neutro
2021-03-11,30.00,36.84,Neutro
2021-03-12,53.81,45.43,Neutro
2021-03-15,53.85,46.84,Neutro
2021-03-16,57.15,59.58,Neutro
2021-03-17,36.52,44.02,Neutro
2021-03-18,59.54,56.16,Neutro
2021-03-19,65.73,57.21,Neutro
2021-03-22,68.79,60.09,Neutro
2021-03-23,57.25,56.31,Neutro
2021-03-24,61.34,59.23,Neutro
2021-03-25,55.64,56.13,Neutro
2021-03-26,79.81,57.59,Neutro
2021-03-29,42.60,54.46,Neutro
2021-03-30,28.02,54.49,Neutro
2021-03-31,26.43,57.13,Neutro
2021-04-01,30.33,50.55,Neutro
2021-04-05,24.07,51.21,Neutro
2021-04-06,39.03,50.00,Neutro
2021-04-07,36.46,61.37,Neutro
2021-04-08,49.30,45.78,Neutro
2021-04-09,53.65,39.69,Neutro
2021-04-12,30.88,28.43,Sobrevendido
2021-04-13,40.07,34.50,Neutro
2021-04-14,44.32,31.87,Neutro
2021-04-15,16.15,33.20,Neutro
2021-04-16,12.69,29.36,Sobrevendido
2021-04-19,5.37,32.39,Neutro
2021-04-20,40.49,47.25,Neutro
2021-04-21,51.25,39.81,Neutro
2021-04-22,49.01,44.54,Neutro
2021-04-23,43.65,43.95,Neutro
2021-04-26,52.12,40.88,Neutro
2021-04-27,72.10,51.44,Neutro
2021-04-28,85.09,55.20,Neutro
2021-04-29,82.57,61.80,Neutro
2021-04-30,84.02,70.46,Sobrecomprado
2021-05-03,79.16,66.98,Neutro
2021-05-04,91.66,70.31,Sobrecomprado
2021-05-05,90.00,69.91,Neutro
2021-05-06,85.82,77.11,Sobrecomprado
2021-05-07,88.95,86.69,Sobrecomprado
2021-05-10,85.71,83.80,Sobrecomprado
2021-05-11,85.73,84.66,Sobrecomprado
2021-05-12,85.74,81.51,Sobrecomprado
2021-05-13,83.36,88.89,Sobrecomprado
2021-05-14,83.33,87.50,Sobrecomprado
2021-05-17,76.92,81.55,Sobrecomprado
2021-05-18,22.22,66.79,Neutro
2021-05-19,50.00,67.86,Neutro
2021-05-20,46.15,66.69,Neutro
2021-05-21,49.92,69.20,Neutro
2021-05-24,20.00,38.12,Neutro
2021-05-25,20.00,38.09,Neutro
2021-05-26,19.11,36.04,Neutro
2021-05-27,21.43,21.62,Sobrevendido
2021-05-28,5.82,22.38,Sobrevendido
2021-06-01,1.38,16.25,Sobrevendido
2021-06-02,1.98,17.44,Sobrevendido
2021-06-03,10.32,18.05,Sobrevendido
2021-06-04,7.74,16.92,Sobrevendido
2021-06-07,4.10,13.44,Sobrevendido
2021-06-08,27.38,24.20,Sobrevendido
2021-06-09,26.23,16.17,Sobrevendido
2021-06-10,25.04,12.98,Sobrevendido
2021-06-11,34.70,19.43,Sobrevendido
2021-06-14,46.30,39.93,Neutro
2021-06-15,38.12,32.31,Neutro
2021-06-16,55.84,37.29,Neutro
2021-06-17,48.46,38.88,Neutro
2021-06-18,46.79,37.68,Neutro
2021-06-21,55.89,40.51,Neutro
2021-06-22,51.35,42.07,Neutro
2021-06-23,37.79,43.42,Neutro
2021-06-24,89.28,48.03,Neutro
2021-06-25,79.80,60.41,Neutro
2021-06-28,71.81,53.24,Neutro
2021-06-29,42.19,45.42,Neutro
2021-06-30,36.49,48.73,Neutro
2021-07-01,29.32,43.27,Neutro
2021-07-02,20.20,30.82,Neutro
2021-07-06,58.74,68.22,Neutro
2021-07-07,46.88,54.10,Neutro
2021-07-08,56.52,59.31,Neutro
2021-07-09,71.01,62.09,Neutro
2021-07-12,75.90,61.85,Neutro
2021-07-13,52.59,46.63,Neutro
2021-07-14,60.57,52.39,Neutro
2021-07-15,36.03,44.16,Neutro
2021-07-16,51.11,49.36,Neutro
2021-07-19,43.12,49.71,Neutro
2021-07-20,40.98,54.75,Neutro
2021-07-21,40.91,56.36,Neutro
2021-07-22,58.36,54.79,Neutro
2021-07-23,33.19,52.87,Neutro
2021-07-26,58.33,40.53,Neutro
2021-07-27,0.00,41.00,Neutro
2021-07-28,47.53,44.68,Neutro
2021-07-29,47.68,43.39,Neutro
2021-07-30,32.97,37.35,Neutro
2021-08-02,23.89,37.16,Neutro
2021-08-03,32.78,32.91,Neutro
2021-08-04,38.82,42.57,Neutro
2021-08-05,58.72,49.01,Neutro
2021-08-06,49.42,48.83,Neutro
2021-08-09,49.69,49.06,Neutro
2021-08-10,62.52,49.18,Neutro
2021-08-11,98.68,53.12,Neutro
2021-08-12,82.82,51.81,Neutro
2021-08-13,79.53,51.81,Neutro
2021-08-16,71.70,61.64,Neutro
2021-08-17,38.16,44.93,Neutro
2021-08-18,37.64,44.92,Neutro
2021-08-19,45.66,54.35,Neutro
2021-08-20,34.70,62.23,Neutro
2021-08-23,38.19,58.42,Neutro
2021-08-24,34.96,52.30,Neutro
2021-08-25,16.09,36.82,Neutro
2021-08-26,33.22,36.67,Neutro
2021-08-27,49.68,42.05,Neutro
2021-08-30,32.77,42.11,Neutro
2021-08-31,33.33,34.34,Neutro
2021-09-01,30.42,35.82,Neutro
2021-09-02,55.57,41.25,Neutro
2021-09-03,39.06,26.33,Sobrevendido
2021-09-07,39.86,37.33,Neutro
2021-09-08,24.78,37.31,Neutro
2021-09-09,33.03,32.93,Neutro
2021-09-10,33.33,33.33,Neutro
2021-09-13,39.06,35.18,Neutro
2021-09-14,41.59,48.03,Neutro
2021-09-15,65.08,48.03,Neutro
2021-09-16,76.05,55.75,Neutro
2021-09-17,43.95,36.82,Neutro
2021-09-20,49.97,43.66,Neutro
2021-09-21,64.82,53.70,Neutro
2021-09-22,49.22,46.42,Neutro
2021-09-23,41.88,41.79,Neutro
2021-09-24,48.71,51.94,Neutro
2021-09-27,42.08,51.84,Neutro
2021-09-28,66.93,56.62,Neutro
2021-09-29,51.87,50.96,Neutro
2021-09-30,50.10,57.57,Neutro
2021-10-01,57.45,52.48,Neutro
2021-10-04,59.71,49.22,Neutro
2021-10-05,50.24,49.22,Neutro
2021-10-06,52.10,45.75,Neutro
2021-10-07,48.88,59.95,Neutro
2021-10-08,44.02,48.61,Neutro
2021-10-11,41.18,46.43,Neutro
2021-10-12,55.47,56.71,Neutro
2021-10-13,54.97,57.92,Neutro
2021-10-14,45.57,48.02,Neutro
2021-10-15,43.69,48.24,Neutro
2021-10-18,40.21,44.89,Neutro
2021-10-19,48.68,45.83,Neutro
2021-10-20,48.96,44.30,Neutro
2021-10-21,49.65,52.73,Neutro
2021-10-22,50.62,52.89,Neutro
2021-10-25,65.19,52.85,Neutro
2021-10-26,64.95,51.71,Neutro
2021-10-27,33.45,37.47,Neutro
2021-10-28,68.87,58.14,Neutro
2021-10-29,57.05,52.11,Neutro
2021-11-01,56.80,52.46,Neutro
2021-11-02,55.21,52.37,Neutro
2021-11-03,54.13,60.23,Neutro
2021-11-04,65.69,65.34,Neutro
2021-11-05,96.73,60.00,Neutro
2021-11-08,92.56,74.27,Sobrecomprado
2021-11-09,92.18,66.87,Neutro
2021-11-10,34.59,45.53,Neutro
2021-11-11,60.00,58.24,Neutro
2021-11-12,48.09,50.04,Neutro
2021-11-15,29.24,42.63,Neutro
2021-11-16,28.64,48.34,Neutro
2021-11-17,34.73,42.86,Neutro
2021-11-18,30.98,38.45,Neutro
2021-11-19,39.98,38.24,Neutro
2021-11-22,19.92,40.32,Neutro
2021-11-23,27.55,40.66,Neutro
2021-11-24,43.52,32.76,Neutro
2021-11-26,43.35,32.28,Neutro
2021-11-29,20.55,32.17,Neutro
2021-11-30,45.62,32.17,Neutro
2021-12-01,50.00,40.93,Neutro
2021-12-02,3.70,18.83,Sobrevendido
2021-12-03,49.02,30.92,Neutro
2021-12-06,90.91,50.00,Neutro
2021-12-07,90.91,49.88,Neutro
2021-12-08,50.00,28.89,Sobrevendido
2021-12-09,50.00,47.66,Neutro
2021-12-10,10.53,17.62,Sobrevendido
2021-12-13,34.51,32.15,Neutro
2021-12-14,25.29,28.35,Sobrevendido
2021-12-15,52.27,54.15,Neutro
2021-12-16,52.32,54.19,Neutro
2021-12-17,47.47,47.67,Neutro
2021-12-20,53.67,53.42,Neutro
2021-12-21,80.44,61.44,Neutro
2021-12-22,77.34,61.44,Neutro
2021-12-23,84.54,60.88,Neutro
2021-12-27,67.41,58.34,Neutro
2021-12-28,67.36,58.34,Neutro
2021-12-29,83.91,59.40,Neutro
2021-12-30,84.16,62.93,Neutro
2021-12-31,27.57,61.68,Neutro
2022-01-03,54.49,65.84,Neutro
2022-01-04,62.14,71.90,Sobrecomprado
2022-01-05,65.82,66.40,Neutro
2022-01-06,69.45,68.74,Neutro
2022-01-07,70.24,74.24,Sobrecomprado
2022-01-10,61.30,68.30,Neutro
2022-01-11,88.57,62.20,Neutro
2022-01-12,79.21,62.20,Neutro
2022-01-13,32.19,54.40,Neutro
2022-01-14,53.67,61.56,Neutro
2022-01-18,29.51,55.83,Neutro
2022-01-19,25.71,53.53,Neutro
2022-01-20,27.98,49.05,Neutro
2022-01-21,28.16,61.09,Neutro
2022-01-24,57.84,63.80,Neutro
2022-01-25,62.69,54.19,Neutro
2022-01-26,50.00,51.42,Neutro
2022-01-27,54.49,43.88,Neutro
2022-01-28,61.77,44.28,Neutro
2022-01-31,54.18,42.87,Neutro
2022-02-01,51.40,41.71,Neutro
2022-02-02,1.74,39.56,Neutro
2022-02-03,19.15,47.71,Neutro
2022-02-04,41.69,46.67,Neutro
2022-02-07,64.81,59.35,Neutro
2022-02-08,43.65,51.08,Neutro
2022-02-09,36.84,43.79,Neutro
2022-02-10,47.38,48.93,Neutro
2022-02-11,50.31,36.68,Neutro
2022-02-14,24.65,23.65,Sobrevendido
2022-02-15,18.02,22.72,Sobrevendido
2022-02-16,8.47,21.23,Sobrevendido
2022-02-17,9.31,20.26,Sobrevendido
2022-02-18,12.23,21.81,Sobrevendido
2022-02-22,1.70,21.95,Sobrevendido
2022-02-23,4.07,23.61,Sobrevendido
2022-02-24,16.85,22.74,Sobrevendido
2022-02-25,20.09,18.46,Sobrevendido
2022-02-28,42.11,12.79,Sobrevendido
2022-03-01,49.12,14.15,Sobrevendido
2022-03-02,46.30,16.70,Sobrevendido
2022-03-03,58.48,10.44,Sobrevendido
2022-03-04,67.97,16.03,Sobrevendido
2022-03-07,66.89,34.19,Neutro
2022-03-08,67.81,38.42,Neutro
2022-03-09,49.45,46.35,Neutro
2022-03-10,61.36,56.55,Neutro
2022-03-11,53.65,51.00,Neutro
2022-03-14,42.86,48.73,Neutro
2022-03-15,21.86,45.07,Neutro
2022-03-16,13.20,41.15,Neutro
2022-03-17,28.68,49.11,Neutro
2022-03-18,45.09,47.99,Neutro
2022-03-21,34.35,53.17,Neutro
2022-03-22,56.90,54.50,Neutro
2022-03-23,68.59,48.61,Neutro
2022-03-24,62.00,33.61,Neutro
2022-03-25,64.62,30.00,Neutro
2022-03-28,31.19,29.56,Sobrevendido
2022-03-29,28.20,37.85,Neutro
2022-03-30,24.31,29.65,Sobrevendido
2022-03-31,7.21,34.61,Neutro
2022-04-01,7.54,39.04,Neutro
2022-04-04,9.30,40.52,Neutro
2022-04-05,0.00,38.09,Neutro
2022-04-06,0.00,21.17,Sobrevendido
2022-04-07,0.00,18.33,Sobrevendido
2022-04-08,13.24,20.14,Sobrevendido
2022-04-11,12.47,9.52,Sobrevendido
2022-04-12,21.47,13.25,Sobrevendido
2022-04-13,36.41,22.74,Sobrevendido
2022-04-14,53.60,25.79,Sobrevendido
2022-04-18,51.11,29.06,Sobrevendido
2022-04-19,55.85,29.95,Sobrevendido
2022-04-20,54.36,33.96,Neutro
2022-04-21,59.49,34.90,Neutro
2022-04-22,59.49,41.15,Neutro
2022-04-25,33.69,34.97,Neutro
2022-04-26,16.35,33.15,Neutro
2022-04-27,88.04,82.02,Sobrecomprado
2022-04-28,78.40,75.18,Sobrecomprado
2022-04-29,59.49,58.92,Neutro
2022-05-02,52.68,53.33,Neutro
2022-05-03,52.22,52.92,Neutro
2022-05-04,52.43,50.30,Neutro
2022-05-05,52.29,47.87,Neutro
2022-05-06,0.00,49.15,Neutro
2022-05-09,0.00,48.32,Neutro
2022-05-10,0.00,44.18,Neutro
2022-05-11,1.35,44.18,Neutro
2022-05-12,1.35,43.77,Neutro
2022-05-13,13.23,46.35,Neutro
2022-05-16,19.29,47.90,Neutro
2022-05-17,22.63,5.10,Sobrevendido
2022-05-18,23.52,5.68,Sobrevendido
2022-05-19,79.18,13.67,Sobrevendido
2022-05-20,81.49,22.77,Sobrevendido
2022-05-23,87.10,26.66,Sobrevendido
2022-05-24,67.86,29.16,Sobrevendido
2022-05-25,54.84,31.81,Neutro
2022-05-26,70.22,45.00,Neutro
2022-05-27,77.27,48.42,Neutro
2022-05-31,67.49,71.88,Sobrecomprado
2022-06-01,58.97,68.18,Neutro
2022-06-02,55.56,70.15,Sobrecomprado
2022-06-03,64.52,66.10,Neutro
2022-06-06,62.49,58.73,Neutro
2022-06-07,66.66,68.67,Neutro
2022-06-08,54.76,66.28,Neutro
2022-06-09,60.98,64.19,Neutro
2022-06-10,60.98,60.00,Neutro
2022-06-13,51.11,53.09,Neutro
2022-06-14,45.10,52.44,Neutro
2022-06-15,61.41,61.80,Neutro
2022-06-16,79.63,76.39,Sobrecomprado
2022-06-17,67.72,64.50,Neutro
2022-06-21,60.87,60.89,Neutro
2022-06-22,67.72,66.33,Neutro
2022-06-23,70.40,65.99,Neutro
2022-06-24,73.83,66.50,Neutro
2022-06-27,71.02,68.21,Neutro
2022-06-28,37.68,63.28,Neutro
2022-06-29,40.00,58.33,Neutro
2022-06-30,58.06,60.00,Neutro
2022-07-01,22.41,55.56,Neutro
2022-07-05,13.13,47.81,Neutro
2022-07-06,11.34,49.19,Neutro
2022-07-07,11.34,46.38,Neutro
2022-07-08,13.54,23.64,Sobrevendido
2022-07-11,15.66,26.35,Sobrevendido
2022-07-12,4.00,28.47,Sobrevendido
2022-07-13,4.61,13.01,Sobrevendido
2022-07-14,9.67,12.31,Sobrevendido
2022-07-15,22.23,14.29,Sobrevendido
2022-07-18,21.06,14.07,Sobrevendido
2022-07-19,26.84,17.52,Sobrevendido
2022-07-20,28.95,19.84,Sobrevendido
2022-07-21,37.51,15.66,Sobrevendido
2022-07-22,46.16,18.47,Sobrevendido
2022-07-25,40.54,26.47,Sobrevendido
2022-07-26,31.26,26.48,Sobrevendido
2022-07-27,59.57,42.35,Neutro
2022-07-28,62.00,46.15,Neutro
2022-07-29,73.47,54.02,Neutro
2022-08-01,76.78,60.41,Neutro
2022-08-02,67.72,60.42,Neutro
2022-08-03,72.89,60.42,Neutro
2022-08-04,74.61,60.00,Neutro
2022-08-05,58.00,58.76,Neutro
2022-08-08,56.25,59.18,Neutro
2022-08-09,48.89,61.70,Neutro
2022-08-10,37.84,61.29,Neutro
2022-08-11,48.27,61.62,Neutro
2022-08-12,65.21,70.73,Sobrecomprado
2022-08-15,28.57,58.16,Neutro
2022-08-16,30.77,47.27,Neutro
2022-08-17,19.66,42.76,Neutro
2022-08-18,20.77,38.46,Neutro
2022-08-19,30.01,34.33,Neutro
2022-08-22,37.51,42.62,Neutro
2022-08-23,72.97,71.13,Sobrecomprado
2022-08-24,69.23,56.64,Neutro
2022-08-25,85.62,75.82,Sobrecomprado
2022-08-26,67.29,61.11,Neutro
2022-08-29,68.96,63.23,Neutro
2022-08-30,63.23,58.97,Neutro
2022-08-31,61.77,58.47,Neutro
2022-09-01,44.62,52.69,Neutro
2022-09-02,49.70,55.92,Neutro
2022-09-06,18.44,58.22,Neutro
2022-09-07,22.89,53.69,Neutro
2022-09-08,18.99,54.63,Neutro
2022-09-09,20.00,51.61,Neutro
2022-09-12,20.55,50.90,Neutro
2022-09-13,36.54,42.86,Neutro
2022-09-14,35.85,46.36,Neutro
2022-09-15,18.01,18.30,Sobrevendido
2022-09-16,20.01,21.87,Sobrevendido
2022-09-19,9.09,15.45,Sobrevendido
2022-09-20,10.00,16.53,Sobrevendido
2022-09-21,7.69,15.20,Sobrevendido
2022-09-22,0.00,19.00,Sobrevendido
2022-09-23,0.00,17.84,Sobrevendido
2022-09-26,0.00,8.83,Sobrevendido
2022-09-27,0.00,10.98,Sobrevendido
2022-09-28,0.00,5.00,Sobrevendido
2022-09-29,31.82,21.43,Sobrevendido
2022-09-30,46.87,22.62,Sobrevendido
2022-10-03,48.49,19.75,Sobrevendido
2022-10-04,67.93,22.50,Sobrevendido
2022-10-05,69.82,23.16,Sobrevendido
2022-10-06,60.02,26.87,Sobrevendido
2022-10-07,76.94,40.00,Neutro
2022-10-10,43.24,37.03,Neutro
2022-10-11,38.46,42.25,Neutro
2022-10-12,44.18,46.05,Neutro
2022-10-13,38.63,49.64,Neutro
2022-10-14,39.27,50.68,Neutro
2022-10-17,42.48,50.00,Neutro
2022-10-18,28.13,54.93,Neutro
2022-10-19,50.00,45.76,Neutro
2022-10-20,54.99,44.07,Neutro
2022-10-21,57.14,48.44,Neutro
2022-10-24,49.45,42.48,Neutro
2022-10-25,54.55,44.42,Neutro
2022-10-26,70.97,54.92,Neutro
2022-10-27,71.87,50.00,Neutro
2022-10-28,58.33,55.17,Neutro
2022-10-31,67.44,63.49,Neutro
2022-11-01,47.92,50.72,Neutro
2022-11-02,55.13,53.04,Neutro
2022-11-03,59.03,57.48,Neutro
2022-11-04,46.87,58.73,Neutro
2022-11-07,46.87,59.37,Neutro
2022-11-08,63.34,60.60,Neutro
2022-11-09,42.31,57.97,Neutro
2022-11-10,77.77,56.06,Neutro
2022-11-11,79.98,63.18,Neutro
2022-11-14,67.44,61.90,Neutro
2022-11-15,50.91,48.74,Neutro
2022-11-16,36.00,42.11,Neutro
2022-11-17,20.00,43.64,Neutro
2022-11-18,18.07,29.82,Sobrevendido
2022-11-21,6.32,32.21,Neutro
2022-11-22,5.30,34.39,Neutro
2022-11-23,5.39,30.92,Neutro
2022-11-25,36.70,42.88,Neutro
2022-11-28,37.76,37.02,Neutro
2022-11-29,66.28,51.30,Neutro
2022-11-30,80.65,60.09,Neutro
2022-12-01,96.05,74.39,Sobrecomprado
2022-12-02,96.80,78.21,Sobrecomprado
2022-12-05,72.77,62.10,Neutro
2022-12-06,59.39,55.65,Neutro
2022-12-07,57.33,54.28,Neutro
2022-12-08,49.85,53.67,Neutro
2022-12-09,44.12,53.24,Neutro
2022-12-12,26.92,56.90,Neutro
2022-12-13,8.85,54.67,Neutro
2022-12-14,14.28,55.24,Neutro
2022-12-15,21.74,51.76,Neutro
2022-12-16,42.86,54.33,Neutro
2022-12-19,47.19,49.31,Neutro
2022-12-20,59.45,46.86,Neutro
2022-12-21,36.35,28.83,Sobrevendido
2022-12-22,41.37,15.49,Sobrevendido
2022-12-23,33.32,20.75,Sobrevendido
2022-12-27,49.64,34.31,Neutro
2022-12-28,21.78,34.01,Neutro
2022-12-29,27.63,38.50,Neutro
2022-12-30,25.28,42.86,Neutro
2023-01-03,29.76,33.23,Neutro
2023-01-04,29.76,35.50,Neutro
2023-01-05,48.12,39.62,Neutro
2023-01-06,44.50,47.59,Neutro
2023-01-09,62.73,35.41,Neutro
2023-01-10,63.56,39.74,Neutro
2023-01-11,54.82,36.36,Neutro
2023-01-12,45.99,37.19,Neutro
2023-01-13,56.84,41.30,Neutro
2023-01-17,54.74,51.04,Neutro
2023-01-18,30.97,38.32,Neutro
2023-01-19,39.52,50.00,Neutro
2023-01-20,28.53,44.75,Neutro
2023-01-23,59.15,57.32,Neutro
2023-01-24,73.85,60.39,Neutro
2023-01-25,55.96,56.31,Neutro
2023-01-26,57.26,56.31,Neutro
2023-01-27,70.01,54.69,Neutro
2023-01-30,81.79,69.68,Neutro
2023-01-31,81.79,66.79,Neutro
2023-02-01,83.20,75.23,Sobrecomprado
2023-02-02,74.94,74.61,Sobrecomprado
2023-02-03,86.15,74.60,Sobrecomprado
2023-02-06,86.41,75.18,Sobrecomprado
2023-02-07,86.65,80.54,Sobrecomprado
2023-02-08,38.05,57.47,Neutro
2023-02-09,31.47,51.49,Neutro
2023-02-10,28.40,51.85,Neutro
2023-02-13,28.57,49.01,Neutro
2023-02-14,31.25,53.36,Neutro
2023-02-15,32.16,54.07,Neutro
2023-02-16,45.00,59.94,Neutro
2023-02-17,60.80,50.00,Neutro
2023-02-21,64.28,46.69,Neutro
2023-02-22,60.32,42.71,Neutro
2023-02-23,56.71,41.67,Neutro
2023-02-24,50.00,39.86,Neutro
2023-02-27,46.82,38.62,Neutro
2023-02-28,16.28,36.36,Neutro
2023-03-01,17.50,45.61,Neutro
2023-03-02,46.16,57.80,Neutro
2023-03-03,35.14,51.00,Neutro
2023-03-06,53.13,55.55,Neutro
2023-03-07,68.75,56.00,Neutro
2023-03-08,70.59,55.07,Neutro
2023-03-09,66.67,39.24,Neutro
2023-03-10,72.74,42.47,Neutro
2023-03-13,50.00,47.69,Neutro
2023-03-14,38.23,36.62,Neutro
2023-03-15,28.13,40.63,Neutro
2023-03-16,17.87,45.00,Neutro
2023-03-17,14.82,45.90,Neutro
2023-03-20,15.55,45.36,Neutro
2023-03-21,31.88,53.63,Neutro
2023-03-22,38.21,44.17,Neutro
2023-03-23,55.76,44.18,Neutro
2023-03-24,62.94,39.47,Neutro
2023-03-27,65.19,35.38,Neutro
2023-03-28,53.49,28.30,Sobrevendido
2023-03-29,74.60,37.94,Neutro
2023-03-30,61.91,39.86,Neutro
2023-03-31,54.57,43.14,Neutro
2023-04-03,87.50,70.94,Sobrecomprado
2023-04-04,48.28,53.38,Neutro
2023-04-05,51.61,56.32,Neutro
2023-04-06,49.98,51.07,Neutro
2023-04-10,50.00,58.10,Neutro
2023-04-11,48.49,51.72,Neutro
2023-04-12,44.44,46.81,Neutro
2023-04-13,31.02,51.10,Neutro
2023-04-14,61.10,53.19,Neutro
2023-04-17,41.18,47.92,Neutro
2023-04-18,39.85,46.39,Neutro
2023-04-19,21.43,41.31,Neutro
2023-04-20,19.99,39.59,Neutro
2023-04-21,55.56,48.15,Neutro
2023-04-24,42.80,35.97,Neutro
2023-04-25,42.88,51.28,Neutro
2023-04-26,59.07,51.28,Neutro
2023-04-27,49.75,45.78,Neutro
2023-04-28,62.57,50.58,Neutro
2023-05-01,68.87,54.05,Neutro
2023-05-02,47.18,50.00,Neutro
2023-05-03,53.23,49.05,Neutro
2023-05-04,53.18,49.05,Neutro
2023-05-05,48.24,52.97,Neutro
2023-05-08,57.79,53.57,Neutro
2023-05-09,39.20,54.95,Neutro
2023-05-10,24.99,54.95,Neutro
2023-05-11,40.00,45.60,Neutro
2023-05-12,50.00,52.34,Neutro
2023-05-15,68.43,58.93,Neutro
2023-05-16,68.42,56.32,Neutro
2023-05-17,72.23,64.02,Neutro
2023-05-18,75.00,58.83,Neutro
2023-05-19,84.22,57.13,Neutro
2023-05-22,79.99,66.66,Neutro
2023-05-23,79.99,68.74,Neutro
2023-05-24,49.96,60.60,Neutro
2023-05-25,56.25,62.86,Neutro
2023-05-26,52.90,62.84,Neutro
2023-05-30,46.68,62.85,Neutro
2023-05-31,33.22,59.34,Neutro
2023-06-01,25.03,50.00,Neutro
2023-06-02,33.35,53.19,Neutro
2023-06-05,29.05,35.55,Neutro
2023-06-06,43.60,47.28,Neutro
2023-06-07,37.80,41.94,Neutro
2023-06-08,42.85,43.75,Neutro
2023-06-09,46.74,42.86,Neutro
2023-06-12,51.22,41.54,Neutro
2023-06-13,42.11,38.47,Neutro
2023-06-14,58.34,44.78,Neutro
2023-06-15,38.46,41.54,Neutro
2023-06-16,50.00,41.55,Neutro
2023-06-20,28.61,39.10,Neutro
2023-06-21,37.50,43.90,Neutro
2023-06-22,37.49,46.72,Neutro
2023-06-23,54.35,46.72,Neutro
2023-06-26,58.00,58.20,Neutro
2023-06-27,55.77,47.12,Neutro
2023-06-28,60.41,55.68,Neutro
2023-06-29,56.86,45.36,Neutro
2023-06-30,55.98,47.77,Neutro
2023-07-03,71.43,54.87,Neutro
2023-07-05,45.45,50.00,Neutro
2023-07-06,14.29,38.05,Neutro
2023-07-07,27.24,42.71,Neutro
2023-07-10,39.59,49.49,Neutro
2023-07-11,78.58,71.78,Sobrecomprado
2023-07-12,56.01,56.00,Neutro
2023-07-13,51.25,55.45,Neutro
2023-07-14,59.26,56.31,Neutro
2023-07-17,59.04,49.85,Neutro
2023-07-18,63.25,56.22,Neutro
2023-07-19,57.33,53.37,Neutro
2023-07-20,30.34,52.93,Neutro
2023-07-21,42.32,50.83,Neutro
2023-07-24,45.30,49.18,Neutro
2023-07-25,32.28,50.63,Neutro
2023-07-26,47.72,55.48,Neutro
2023-07-27,21.15,53.86,Neutro
2023-07-28,34.09,52.85,Neutro
2023-07-31,47.23,34.07,Neutro
2023-08-01,59.37,46.75,Neutro
2023-08-02,59.75,49.23,Neutro
2023-08-03,65.50,41.44,Neutro
2023-08-04,50.00,48.20,Neutro
2023-08-07,45.47,28.38,Sobrevendido
2023-08-08,31.10,33.18,Neutro
2023-08-09,12.12,30.44,Neutro
2023-08-10,14.72,36.37,Neutro
2023-08-11,32.16,45.46,Neutro
2023-08-14,34.38,49.18,Neutro
2023-08-15,23.67,32.76,Neutro
2023-08-16,34.20,38.34,Neutro
2023-08-17,38.77,36.21,Neutro
2023-08-18,41.36,27.43,Sobrevendido
2023-08-21,41.79,28.74,Sobrevendido
2023-08-22,25.37,28.66,Sobrevendido
2023-08-23,23.45,28.34,Sobrevendido
2023-08-24,25.18,24.41,Sobrevendido
2023-08-25,62.31,52.70,Neutro
2023-08-28,59.57,52.37,Neutro
2023-08-29,72.78,60.92,Neutro
2023-08-30,73.96,62.10,Neutro
2023-08-31,73.98,56.06,Neutro
2023-09-01,59.67,47.44,Neutro
2023-09-05,62.31,50.00,Neutro
2023-09-06,17.64,48.13,Neutro
2023-09-07,18.74,47.14,Neutro
2023-09-08,50.00,62.19,Neutro
2023-09-11,42.56,60.49,Neutro
2023-09-12,54.35,65.66,Neutro
2023-09-13,69.43,62.77,Neutro
2023-09-14,73.53,65.83,Neutro
2023-09-15,82.69,56.98,Neutro
2023-09-18,55.13,44.54,Neutro
2023-09-19,35.38,41.88,Neutro
2023-09-20,42.25,42.37,Neutro
2023-09-21,36.76,43.86,Neutro
2023-09-22,37.99,49.12,Neutro
2023-09-25,41.38,51.93,Neutro
2023-09-26,20.14,50.95,Neutro
2023-09-27,36.48,50.00,Neutro
2023-09-28,47.78,38.58,Neutro
2023-09-29,17.58,36.50,Neutro
2023-10-02,38.26,37.17,Neutro
2023-10-03,35.24,37.18,Neutro
2023-10-04,25.00,37.18,Neutro
2023-10-05,23.96,21.36,Sobrevendido
2023-10-06,10.71,19.62,Sobrevendido
2023-10-09,30.17,34.39,Neutro
2023-10-10,39.48,34.47,Neutro
2023-10-11,27.22,29.81,Sobrevendido
2023-10-12,31.02,32.15,Neutro
2023-10-13,25.10,25.08,Sobrevendido
2023-10-16,24.61,24.47,Sobrevendido
2023-10-17,49.10,33.06,Neutro
2023-10-18,33.87,31.96,Neutro
2023-10-19,26.03,33.41,Neutro
2023-10-20,29.31,28.04,Sobrevendido
2023-10-23,20.26,25.80,Sobrevendido
2023-10-24,30.14,26.99,Sobrevendido
2023-10-25,28.40,26.06,Sobrevendido
2023-10-26,3.94,29.29,Sobrevendido
2023-10-27,3.49,18.48,Sobrevendido
2023-10-30,19.40,22.19,Sobrevendido
2023-10-31,21.21,24.56,Sobrevendido
2023-11-01,28.46,23.85,Sobrevendido
2023-11-02,36.99,33.78,Neutro
2023-11-03,68.04,53.16,Neutro
2023-11-06,82.94,51.87,Neutro
2023-11-07,86.67,50.63,Neutro
2023-11-08,81.12,49.69,Neutro
2023-11-09,75.41,50.00,Neutro
2023-11-10,78.48,59.87,Neutro
2023-11-13,70.00,56.48,Neutro
2023-11-14,40.06,58.59,Neutro
2023-11-15,31.53,66.45,Neutro
2023-11-16,36.84,71.88,Sobrecomprado
2023-11-17,46.16,69.60,Neutro
2023-11-20,69.99,73.68,Sobrecomprado
2023-11-21,72.72,76.66,Sobrecomprado
2023-11-22,92.73,79.51,Sobrecomprado
2023-11-24,81.87,64.99,Neutro
2023-11-27,72.94,58.00,Neutro
2023-11-28,64.66,56.32,Neutro
2023-11-29,64.66,59.01,Neutro
2023-11-30,63.82,65.77,Neutro
2023-12-01,61.06,65.18,Neutro
2023-12-04,41.00,69.69,Neutro
2023-12-05,40.83,64.80,Neutro
2023-12-06,51.73,64.75,Neutro
2023-12-07,48.13,58.47,Neutro
2023-12-08,51.75,59.60,Neutro
2023-12-11,39.19,54.23,Neutro
2023-12-12,24.88,46.32,Neutro
2023-12-13,32.26,36.31,Neutro
2023-12-14,57.20,50.10,Neutro
2023-12-15,48.78,49.97,Neutro
2023-12-18,65.62,57.68,Neutro
2023-12-19,72.49,63.85,Neutro
2023-12-20,61.70,53.37,Neutro
2023-12-21,64.45,49.38,Neutro
2023-12-22,65.22,52.03,Neutro
2023-12-26,51.28,54.07,Neutro
2023-12-27,62.50,55.92,Neutro
2023-12-28,56.41,60.56,Neutro
2023-12-29,40.55,59.18,Neutro
2024-01-02,52.26,58.68,Neutro
2024-01-03,59.44,62.85,Neutro
2024-01-04,52.75,61.69,Neutro
2024-01-05,55.89,52.69,Neutro
2024-01-08,42.40,57.53,Neutro
2024-01-09,54.11,55.87,Neutro
2024-01-10,34.22,38.41,Neutro
2024-01-11,57.16,54.16,Neutro
2024-01-12,53.44,57.15,Neutro
2024-01-16,49.96,51.63,Neutro
2024-01-17,30.12,41.96,Neutro
2024-01-18,41.73,41.96,Neutro
2024-01-19,39.22,44.34,Neutro
2024-01-22,41.04,38.34,Neutro
2024-01-23,43.48,48.63,Neutro
2024-01-24,35.27,40.98,Neutro
2024-01-25,48.62,48.96,Neutro
2024-01-26,64.86,49.98,Neutro
2024-01-29,52.09,46.88,Neutro
2024-01-30,55.78,47.96,Neutro
2024-01-31,49.96,46.09,Neutro
2024-02-01,38.91,41.02,Neutro
2024-02-02,56.81,45.44,Neutro
2024-02-05,30.09,42.03,Neutro
2024-02-06,28.51,48.95,Neutro
2024-02-07,24.88,38.46,Neutro
2024-02-08,15.95,36.27,Neutro
2024-02-09,34.78,43.26,Neutro
2024-02-12,36.31,37.74,Neutro
2024-02-13,22.21,42.51,Neutro
2024-02-14,35.06,32.39,Neutro
2024-02-15,39.99,33.29,Neutro
2024-02-16,54.91,34.26,Neutro
2024-02-20,66.32,29.36,Sobrevendido
2024-02-21,49.61,37.88,Neutro
2024-02-22,66.67,42.83,Neutro
2024-02-23,63.49,32.94,Neutro
2024-02-26,32.63,34.42,Neutro
2024-02-27,28.58,36.35,Neutro
2024-02-28,30.71,45.86,Neutro
2024-02-29,34.55,53.91,Neutro
2024-03-01,11.85,27.52,Sobrevendido
2024-03-04,75.80,74.32,Sobrecomprado
2024-03-05,64.03,63.95,Neutro
2024-03-06,60.46,56.67,Neutro
2024-03-07,63.75,58.51,Neutro
2024-03-08,54.85,51.88,Neutro
2024-03-11,58.72,56.21,Neutro
2024-03-12,55.15,49.20,Neutro
2024-03-13,18.08,46.09,Neutro
2024-03-14,41.65,52.96,Neutro
2024-03-15,35.74,47.65,Neutro
2024-03-18,34.04,48.76,Neutro
2024-03-19,47.73,51.65,Neutro
2024-03-20,37.82,49.77,Neutro
2024-03-21,52.87,54.25,Neutro
2024-03-22,56.10,37.06,Neutro
2024-03-25,31.53,37.06,Neutro
2024-03-26,37.42,36.37,Neutro
2024-03-27,40.20,36.46,Neutro
2024-03-28,27.53,40.15,Neutro
2024-04-01,30.41,35.19,Neutro
2024-04-02,23.38,42.54,Neutro
2024-04-03,22.60,43.64,Neutro
2024-04-04,43.23,35.60,Neutro
2024-04-05,64.71,45.59,Neutro
2024-04-08,56.83,44.37,Neutro
2024-04-09,55.46,35.42,Neutro
2024-04-10,68.29,41.43,Neutro
2024-04-11,57.83,32.11,Neutro
2024-04-12,92.36,51.50,Neutro
2024-04-15,90.35,62.82,Neutro
2024-04-16,49.35,54.62,Neutro
2024-04-17,60.65,59.70,Neutro
2024-04-18,74.53,70.77,Sobrecomprado
2024-04-19,79.18,77.45,Sobrecomprado
2024-04-22,88.42,86.18,Sobrecomprado
2024-04-23,87.81,88.50,Sobrecomprado
2024-04-24,88.17,88.44,Sobrecomprado
2024-04-25,77.61,72.33,Sobrecomprado
2024-04-26,77.35,73.51,Sobrecomprado
2024-04-29,61.29,65.03,Neutro
2024-04-30,54.64,62.94,Neutro
2024-05-01,35.41,65.45,Neutro
2024-05-02,28.70,62.19,Neutro
2024-05-03,31.05,63.29,Neutro
2024-05-06,39.52,64.36,Neutro
2024-05-07,29.04,60.41,Neutro
2024-05-08,47.81,57.66,Neutro
2024-05-09,45.60,52.02,Neutro
2024-05-10,30.35,33.83,Neutro
2024-05-13,50.71,37.00,Neutro
2024-05-14,53.95,39.87,Neutro
2024-05-15,66.13,50.00,Neutro
2024-05-16,73.21,45.38,Neutro
2024-05-17,70.59,57.54,Neutro
2024-05-20,92.00,64.66,Neutro
2024-05-21,77.79,53.64,Neutro
2024-05-22,53.49,51.76,Neutro
2024-05-23,41.18,50.00,Neutro
2024-05-24,41.18,57.29,Neutro
2024-05-28,61.91,68.37,Neutro
2024-05-29,68.04,69.33,Neutro
2024-05-30,77.78,83.61,Sobrecomprado
2024-05-31,88.23,83.61,Sobrecomprado
2024-06-03,100.00,81.65,Sobrecomprado
2024-06-04,100.00,81.82,Sobrecomprado
2024-06-05,100.00,83.05,Sobrecomprado
2024-06-06,100.00,86.33,Sobrecomprado
2024-06-07,99.97,86.32,Sobrecomprado
2024-06-10,83.30,79.82,Sobrecomprado
2024-06-11,90.52,89.42,Sobrecomprado
2024-06-12,91.23,95.19,Sobrecomprado
2024-06-13,73.66,86.48,Sobrecomprado
2024-06-14,70.77,86.49,Sobrecomprado
2024-06-17,63.96,81.97,Sobrecomprado
2024-06-18,52.74,72.75,Sobrecomprado
2024-06-20,54.53,63.83,Neutro
2024-06-21,39.42,66.41,Neutro
2024-06-24,39.42,67.79,Neutro
2024-06-25,53.64,65.42,Neutro
2024-06-26,59.39,65.42,Neutro
2024-06-27,85.50,77.91,Sobrecomprado
2024-06-28,64.84,60.80,Neutro
2024-07-01,78.26,72.52,Sobrecomprado
2024-07-02,86.36,80.23,Sobrecomprado
2024-07-03,57.32,55.65,Neutro
2024-07-05,57.19,56.90,Neutro
2024-07-08,54.41,54.85,Neutro
2024-07-09,48.98,55.92,Neutro
2024-07-10,59.60,60.83,Neutro
2024-07-11,50.79,60.51,Neutro
2024-07-12,25.30,60.10,Neutro
2024-07-15,53.84,56.64,Neutro
2024-07-16,55.56,56.86,Neutro
2024-07-17,73.26,58.31,Neutro
2024-07-18,61.05,51.93,Neutro
2024-07-19,43.08,56.63,Neutro
2024-07-22,36.36,47.42,Neutro
2024-07-23,29.76,26.80,Sobrevendido
2024-07-24,40.30,47.59,Neutro
2024-07-25,41.18,48.99,Neutro
2024-07-26,29.81,55.94,Neutro
2024-07-29,29.82,49.34,Neutro
2024-07-30,24.13,34.14,Neutro
2024-07-31,32.55,35.00,Neutro
2024-08-01,35.89,31.71,Neutro
2024-08-02,32.42,37.50,Neutro
2024-08-05,18.40,33.02,Neutro
2024-08-06,0.00,16.35,Sobrevendido
2024-08-07,19.42,25.47,Sobrevendido
2024-08-08,20.96,22.87,Sobrevendido
2024-08-09,18.95,25.84,Sobrevendido
2024-08-12,34.84,35.34,Neutro
2024-08-13,34.84,33.72,Neutro
2024-08-14,42.08,30.22,Neutro
2024-08-15,69.49,22.81,Sobrevendido
2024-08-16,58.84,30.99,Neutro
2024-08-19,58.82,32.69,Neutro
2024-08-20,83.25,33.29,Neutro
2024-08-21,24.99,32.69,Neutro
2024-08-22,19.99,30.99,Neutro
2024-08-23,13.80,34.24,Neutro
2024-08-26,17.87,49.92,Neutro
2024-08-27,39.47,48.61,Neutro
2024-08-28,41.67,50.00,Neutro
2024-08-29,41.70,58.33,Neutro
2024-08-30,76.67,53.70,Neutro
2024-09-03,60.53,42.65,Neutro
2024-09-04,35.39,28.73,Sobrevendido
2024-09-05,40.85,34.35,Neutro
2024-09-06,44.73,42.98,Neutro
2024-09-09,36.96,38.28,Neutro
2024-09-10,30.91,33.57,Neutro
2024-09-11,22.03,33.11,Neutro
2024-09-12,24.52,34.03,Neutro
2024-09-13,20.97,25.93,Sobrevendido
2024-09-16,20.32,27.83,Sobrevendido
2024-09-17,5.55,21.74,Sobrevendido
2024-09-18,6.38,21.50,Sobrevendido
2024-09-19,36.36,33.64,Neutro
2024-09-20,60.87,42.97,Neutro
2024-09-23,50.60,40.44,Neutro
2024-09-24,66.66,44.00,Neutro
2024-09-25,61.90,41.36,Neutro
2024-09-26,65.08,37.61,Neutro
2024-09-27,65.08,40.00,Neutro
2024-09-30,44.44,40.37,Neutro
2024-10-01,9.10,44.12,Neutro
2024-10-02,10.35,40.18,Neutro
2024-10-03,14.82,51.11,Neutro
2024-10-04,25.94,51.11,Neutro
2024-10-07,39.40,56.25,Neutro
2024-10-08,30.23,50.94,Neutro
2024-10-09,43.59,44.09,Neutro
2024-10-10,46.99,30.20,Neutro
2024-10-11,55.72,35.16,Neutro
2024-10-14,56.95,38.89,Neutro
2024-10-15,53.01,40.83,Neutro
2024-10-16,50.00,44.53,Neutro
2024-10-17,77.48,45.24,Neutro
2024-10-18,67.64,50.90,Neutro
2024-10-21,51.62,48.25,Neutro
2024-10-22,40.01,50.00,Neutro
2024-10-23,30.01,47.32,Neutro
2024-10-24,27.30,42.73,Neutro
2024-10-25,23.81,39.43,Neutro
2024-10-28,38.47,55.44,Neutro
2024-10-29,34.49,46.74,Neutro
2024-10-30,56.41,55.04,Neutro
2024-10-31,75.00,61.53,Neutro
2024-11-01,82.35,62.95,Neutro
2024-11-04,75.67,57.63,Neutro
2024-11-05,67.66,50.91,Neutro
2024-11-06,68.57,55.74,Neutro
2024-11-07,80.56,60.00,Neutro
2024-11-08,74.08,63.63,Neutro
2024-11-11,64.29,70.00,Neutro
2024-11-12,50.00,67.74,Neutro
2024-11-13,53.85,66.67,Neutro
2024-11-14,58.33,63.80,Neutro
2024-11-15,36.37,56.14,Neutro
2024-11-18,11.11,50.79,Neutro
2024-11-19,17.24,44.64,Neutro
2024-11-20,34.38,48.33,Neutro
2024-11-21,55.27,53.03,Neutro
2024-11-22,60.00,57.38,Neutro
2024-11-25,40.39,46.05,Neutro
2024-11-26,50.91,46.75,Neutro
2024-11-27,56.00,40.26,Neutro
2024-11-29,53.20,39.48,Neutro
2024-12-02,41.31,38.46,Neutro
2024-12-03,28.94,42.10,Neutro
2024-12-04,24.44,40.00,Neutro
2024-12-05,34.37,38.10,Neutro
2024-12-06,24.99,42.17,Neutro
2024-12-09,38.45,50.00,Neutro
2024-12-10,33.32,46.48,Neutro
2024-12-11,30.75,37.50,Neutro
2024-12-12,20.00,25.00,Sobrevendido
2024-12-13,37.02,29.16,Sobrevendido
2024-12-16,32.24,33.33,Neutro
2024-12-17,19.43,21.86,Sobrevendido
2024-12-18,11.09,22.57,Sobrevendido
2024-12-19,8.50,16.89,Sobrevendido
2024-12-20,33.33,32.49,Neutro
2024-12-23,37.50,30.77,Neutro
2024-12-24,33.11,34.58,Neutro
2024-12-26,53.19,44.87,Neutro
2024-12-27,58.14,40.50,Neutro
2024-12-30,50.01,33.72,Neutro
2024-12-31,66.67,35.95,Neutro
2025-01-02,39.32,35.71,Neutro
2025-01-03,43.45,40.14,Neutro
2025-01-06,33.97,33.55,Neutro
2025-01-07,21.94,38.98,Neutro
2025-01-08,28.13,44.26,Neutro
2025-01-10,38.09,45.80,Neutro
2025-01-13,17.73,42.24,Neutro
2025-01-14,44.40,42.24,Neutro
2025-01-15,40.10,41.60,Neutro
2025-01-16,43.13,38.41,Neutro
2025-01-17,39.73,31.05,Neutro
2025-01-21,47.00,38.67,Neutro
2025-01-22,42.72,41.11,Neutro
2025-01-23,66.66,40.36,Neutro
2025-01-24,50.00,46.26,Neutro
2025-01-27,44.92,41.85,Neutro
2025-01-28,57.35,47.77,Neutro
2025-01-29,48.85,43.06,Neutro
2025-01-30,29.67,42.34,Neutro
2025-01-31,29.68,39.45,Neutro
2025-02-03,19.78,52.42,Neutro
2025-02-04,22.23,38.81,Neutro
2025-02-05,36.97,42.23,Neutro
2025-02-06,35.32,48.56,Neutro
2025-02-07,38.36,45.16,Neutro
2025-02-10,16.48,22.00,Sobrevendido
2025-02-11,18.42,23.44,Sobrevendido
2025-02-12,18.01,18.75,Sobrevendido
2025-02-13,7.39,14.13,Sobrevendido
2025-02-14,3.67,17.69,Sobrevendido
2025-02-18,12.97,22.10,Sobrevendido
2025-02-19,12.97,22.84,Sobrevendido
2025-02-20,46.76,25.74,Sobrevendido
2025-02-21,67.30,33.51,Neutro
2025-02-24,44.78,28.61,Sobrevendido
2025-02-25,44.86,23.25,Sobrevendido
2025-02-26,53.37,27.26,Sobrevendido
2025-02-27,33.50,23.47,Sobrevendido
2025-02-28,45.50,29.99,Sobrevendido
2025-03-03,34.08,38.07,Neutro
2025-03-04,42.61,49.18,Neutro
2025-03-05,41.18,42.42,Neutro
2025-03-06,50.19,48.54,Neutro
2025-03-07,32.43,38.74,Neutro
2025-03-10,33.32,33.38,Neutro
2025-03-11,26.23,33.44,Neutro
2025-03-12,45.33,41.51,Neutro
2025-03-13,53.43,49.81,Neutro
2025-03-14,63.29,55.30,Neutro
2025-03-17,56.23,53.75,Neutro
2025-03-18,78.86,57.01,Neutro
2025-03-19,84.28,59.79,Neutro
2025-03-20,87.03,57.78,Neutro
2025-03-21,74.84,57.78,Neutro
2025-03-24,62.06,55.95,Neutro
2025-03-25,40.52,55.13,Neutro
2025-03-26,62.13,58.84,Neutro
2025-03-27,45.58,65.63,Neutro
2025-03-28,30.17,56.36,Neutro
2025-03-31,29.16,56.22,Neutro
2025-04-01,43.09,55.39,Neutro
2025-04-02,38.16,45.01,Neutro
2025-04-03,41.07,40.88,Neutro
2025-04-04,21.60,40.56,Neutro
2025-04-07,23.76,33.03,Neutro
2025-04-08,60.57,43.11,Neutro
2025-04-09,60.41,42.22,Neutro
2025-04-10,42.43,42.87,Neutro
2025-04-11,49.98,41.57,Neutro
2025-04-14,69.46,49.93,Neutro
2025-04-15,58.52,36.17,Neutro
2025-04-16,75.53,51.47,Neutro
2025-04-17,66.42,63.64,Neutro
2025-04-21,60.18,60.29,Neutro
2025-04-22,68.29,58.80,Neutro
2025-04-23,72.54,65.79,Neutro
2025-04-24,64.16,65.81,Neutro
2025-04-25,80.60,73.45,Sobrecomprado
2025-04-28,64.35,70.26,Sobrecomprado
2025-04-29,62.91,64.54,Neutro
2025-04-30,50.07,54.45,Neutro
2025-05-01,36.13,50.50,Neutro
2025-05-02,28.55,51.01,Neutro
2025-05-05,28.66,46.67,Neutro
2025-05-06,11.59,52.14,Neutro
2025-05-07,10.71,36.87,Neutro
2025-05-08,19.15,40.21,Neutro
2025-05-09,29.38,42.65,Neutro
2025-05-12,52.08,41.01,Neutro
2025-05-13,47.92,34.94,Neutro
2025-05-14,46.83,34.76,Neutro
2025-05-15,48.31,25.98,Sobrevendido
2025-05-16,56.44,26.16,Sobrevendido
2025-05-19,48.72,27.80,Sobrevendido
2025-05-20,46.87,36.33,Neutro
2025-05-21,37.78,46.30,Neutro
2025-05-22,42.49,45.75,Neutro
2025-05-23,44.58,45.97,Neutro
2025-05-27,16.55,36.38,Neutro
2025-05-28,34.26,47.51,Neutro
2025-05-29,62.56,56.78,Neutro
2025-05-30,85.09,74.94,Sobrecomprado
2025-06-02,74.66,66.63,Neutro
2025-06-03,53.33,51.55,Neutro
2025-06-04,56.31,54.41,Neutro
2025-06-05,54.51,48.51,Neutro
2025-06-06,54.22,51.15,Neutro
2025-06-09,45.04,49.70,Neutro
2025-06-10,11.01,51.60,Neutro
2025-06-11,24.75,53.74,Neutro
2025-06-12,54.58,53.57,Neutro
2025-06-13,51.66,55.41,Neutro
2025-06-16,49.95,53.62,Neutro
2025-06-17,44.08,52.38,Neutro
2025-06-18,37.95,43.43,Neutro
2025-06-20,70.25,40.43,Neutro
2025-06-23,49.76,38.22,Neutro
2025-06-24,51.18,52.12,Neutro
2025-06-25,53.16,52.76,Neutro
2025-06-26,59.61,56.75,Neutro
2025-06-27,53.16,50.86,Neutro
2025-06-30,57.21,51.48,Neutro
2025-07-01,13.35,48.71,Neutro
2025-07-02,26.73,44.49,Neutro
2025-07-03,16.07,43.57,Neutro
2025-07-07,3.05,42.87,Neutro
2025-07-08,20.98,50.57,Neutro
2025-07-09,30.56,49.60,Neutro
2025-07-10,48.17,55.57,Neutro
2025-07-11,50.73,23.87,Sobrevendido
2025-07-14,40.73,32.98,Neutro
2025-07-15,51.99,32.86,Neutro
2025-07-16,54.21,26.90,Sobrevendido
2025-07-17,64.89,43.78,Neutro
2025-07-18,75.32,58.72,Neutro
2025-07-21,75.25,64.55,Neutro
2025-07-22,59.61,56.68,Neutro
2025-07-23,70.98,60.58,Neutro
2025-07-24,54.89,53.96,Neutro
2025-07-25,70.18,66.30,Neutro
2025-07-28,64.84,64.86,Neutro
2025-07-29,78.07,77.38,Sobrecomprado
2025-07-30,63.79,66.34,Neutro
2025-07-31,73.78,70.02,Sobrecomprado
2025-08-01,72.59,72.13,Sobrecomprado
2025-08-04,61.83,59.85,Neutro
2025-08-05,58.33,62.85,Neutro
2025-08-06,55.49,58.63,Neutro
2025-08-07,28.93,54.86,Neutro
2025-08-08,39.89,54.56,Neutro
2025-08-11,26.95,57.27,Neutro
2025-08-12,21.81,53.14,Neutro
2025-08-13,28.94,52.45,Neutro
2025-08-14,12.12,46.30,Neutro
2025-08-15,11.88,44.24,Neutro
2025-08-18,20.59,26.50,Sobrevendido
2025-08-19,12.71,31.05,Neutro
2025-08-20,16.30,23.26,Sobrevendido
2025-08-21,20.43,21.42,Sobrevendido
2025-08-22,31.84,29.66,Sobrevendido
2025-08-25,15.93,13.42,Sobrevendido
2025-08-26,14.68,12.87,Sobrevendido
2025-08-27,3.32,12.73,Sobrevendido
2025-08-28,26.69,20.03,Sobrevendido
2025-08-29,23.19,20.04,Sobrevendido
2025-09-02,43.36,35.61,Neutro
2025-09-03,37.20,36.03,Neutro
2025-09-04,47.01,38.68,Neutro
2025-09-05,46.78,37.69,Neutro
2025-09-08,51.50,34.16,Neutro
2025-09-09,35.07,31.57,Neutro
2025-09-10,32.98,28.95,Sobrevendido
2025-09-11,10.63,27.29,Sobrevendido
2025-09-12,24.06,31.71,Neutro
2025-09-15,10.46,30.48,Neutro
2025-09-16,12.76,32.93,Neutro
2025-09-17,15.48,36.72,Neutro
2025-09-18,33.49,34.44,Neutro
2025-09-19,32.82,32.92,Neutro
2025-09-22,31.66,19.61,Sobrevendido
2025-09-23,16.47,20.39,Sobrevendido
2025-09-24,17.90,13.69,Sobrevendido
2025-09-25,13.05,12.92,Sobrevendido
2025-09-26,11.08,12.89,Sobrevendido
2025-09-29,0.00,11.82,Sobrevendido
2025-09-30,34.85,34.27,Neutro
2025-10-01,28.55,29.35,Sobrevendido
2025-10-02,33.21,28.50,Sobrevendido
2025-10-03,34.79,30.16,Neutro
2025-10-06,39.56,29.82,Sobrevendido
2025-10-07,38.34,28.11,Sobrevendido
2025-10-08,42.82,23.75,Sobrevendido
2025-10-09,8.68,25.40,Sobrevendido
2025-10-10,16.89,26.31,Sobrevendido
2025-10-13,3.91,27.42,Sobrevendido
2025-10-14,7.23,29.53,Sobrevendido
2025-10-15,53.59,44.26,Neutro
2025-10-16,61.75,45.31,Neutro
2025-10-17,48.90,45.09,Neutro
2025-10-20,52.22,30.68,Neutro
2025-10-21,56.15,42.47,Neutro
2025-10-22,62.81,42.66,Neutro
2025-10-23,64.38,46.48,Neutro
2025-10-24,48.89,51.48,Neutro
2025-10-27,49.68,55.96,Neutro
2025-10-28,78.57,58.28,Neutro
2025-10-29,65.28,55.89,Neutro
2025-10-30,50.12,54.07,Neutro
2025-10-31,43.23,56.68,Neutro
2025-11-03,30.13,53.87,Neutro
2025-11-04,2.73,32.63,Neutro
2025-11-05,2.28,30.81,Neutro
2025-11-06,2.06,37.55,Neutro
2025-11-07,15.07,36.50,Neutro
2025-11-10,23.39,37.61,Neutro
2025-11-11,20.75,31.91,Neutro
2025-11-12,23.20,26.86,Sobrevendido
2025-11-13,32.20,17.14,Sobrevendido
2025-11-14,36.03,16.34,Sobrevendido
2025-11-17,37.60,15.66,Sobrevendido
2025-11-18,28.65,19.69,Sobrevendido
2025-11-19,19.91,22.05,Sobrevendido
2025-11-20,17.81,19.55,Sobrevendido
2025-11-21,31.78,27.22,Sobrevendido
2025-11-24,36.80,34.55,Neutro
2025-11-25,39.19,37.68,Neutro
2025-11-26,51.55,44.08,Neutro
2025-11-28,40.77,34.66,Neutro
2025-12-01,41.08,30.29,Neutro
2025-12-02,44.63,29.66,Sobrevendido
2025-12-03,21.36,27.48,Sobrevendido
2025-12-04,17.91,29.55,Sobrevendido
2025-12-05,17.97,30.75,Neutro
2025-12-08,17.01,35.02,Neutro
2025-12-09,16.51,28.92,Sobrevendido
2025-12-10,14.52,27.20,Sobrevendido
2025-12-11,26.53,34.65,Neutro
2025-12-12,32.21,26.80,Sobrevendido
2025-12-15,14.94,16.38,Sobrevendido
2025-12-16,15.91,16.93,Sobrevendido
2025-12-17,16.73,16.88,Sobrevendido
2025-12-18,46.85,32.50,Neutro
2025-12-19,58.67,33.90,Neutro
2025-12-22,39.70,32.40,Neutro
2025-12-23,32.44,32.33,Neutro
2025-12-24,32.26,24.35,Sobrevendido
2025-12-26,25.18,21.64,Sobrevendido
2025-12-29,27.70,23.39,Sobrevendido
2025-12-30,0.00,24.67,Sobrevendido
2025-12-31,0.00,27.53,Sobrevendido
2026-01-02,0.19,21.53,Sobrevendido
2026-01-05,4.43,22.89,Sobrevendido
2026-01-06,6.23,25.29,Sobrevendido
2026-01-07,29.82,25.44,Sobrevendido
2026-01-08,23.61,27.39,Sobrevendido
2026-01-09,26.98,2.41,Sobrevendido
2026-01-12,24.29,2.37,Sobrevendido
2026-01-13,44.21,7.03,Sobrevendido
2026-01-14,38.37,10.64,Sobrevendido
2026-01-15,45.24,15.41,Sobrevendido
2026-01-16,47.50,40.15,Neutro
2026-01-20,50.00,37.16,Neutro
2026-01-21,57.69,43.97,Neutro
2026-01-22,54.88,40.79,Neutro
2026-01-23,29.69,38.36,Neutro
2026-01-26,21.05,31.47,Neutro
2026-01-27,12.28,31.91,Neutro
2026-01-28,13.73,34.35,Neutro
2026-01-29,17.50,38.79,Neutro
2026-01-30,26.67,46.34,Neutro
2026-02-02,38.71,50.44,Neutro
2026-02-03,41.38,33.33,Neutro
2026-02-04,55.26,34.74,Neutro
2026-02-05,71.43,37.37,Neutro
2026-02-06,78.18,47.17,Neutro
2026-02-09,87.23,66.42,Neutro
2026-02-10,91.95,76.80,Sobrecomprado
2026-02-11,69.90,65.64,Neutro
2026-02-12,74.52,70.46,Sobrecomprado
2026-02-13,76.02,72.97,Sobrecomprado
2026-02-17,75.35,74.71,Sobrecomprado
2026-02-18,70.28,71.91,Sobrecomprado
2026-02-19,57.89,67.61,Neutro
2026-02-20,29.86,61.43,Neutro
2026-02-23,43.00,60.81,Neutro
2026-02-24,37.36,63.21,Neutro
2026-02-25,11.32,55.05,Neutro
2026-02-26,26.56,57.14,Neutro
2026-02-27,34.88,56.89,Neutro
2026-03-02,37.82,50.16,Neutro
2026-03-03,41.67,34.92,Neutro
2026-03-04,43.27,43.14,Neutro
2026-03-05,33.33,35.18,Neutro
2026-03-06,55.70,30.27,Neutro
2026-03-09,32.20,28.34,Sobrevendido
2026-03-10,18.37,30.34,Neutro
2026-03-11,28.26,35.15,Neutro
2026-03-12,46.51,43.05,Neutro
2026-03-13,47.62,44.52,Neutro
2026-03-16,85.25,52.07,Neutro
2026-03-17,74.58,63.77,Neutro
2026-03-18,70.97,52.07,Neutro
2026-03-19,72.73,49.57,Neutro
2026-03-20,76.92,58.87,Neutro
2026-03-23,77.22,66.39,Neutro
2026-03-24,37.89,39.90,Neutro
2026-03-25,30.31,46.70,Neutro
2026-03-26,38.96,48.83,Neutro
2026-03-27,40.00,49.06,Neutro
2026-03-30,42.31,51.35,Neutro
2026-03-31,48.13,57.06,Neutro
2026-04-01,43.77,54.27,Neutro
2026-04-02,87.50,55.42,Neutro
2026-04-06,85.23,49.08,Neutro
2026-04-07,78.33,50.00,Neutro
2026-04-08,84.75,52.63,Neutro
2026-04-09,58.65,47.19,Neutro
2026-04-10,32.10,45.09,Neutro
2026-04-13,33.77,41.94,Neutro
2026-04-14,22.12,63.21,Neutro
2026-04-15,14.19,49.83,Neutro
2026-04-16,26.79,48.26,Neutro
2026-04-17,24.07,49.64,Neutro
2026-04-20,30.71,45.00,Neutro
2026-04-21,38.46,36.16,Neutro
2026-04-22,42.65,39.44,Neutro
2026-04-23,52.25,37.67,Neutro
2026-04-24,84.06,36.41,Neutro
2026-04-27,91.97,56.07,Neutro
2026-04-28,65.28,46.48,Neutro
2026-04-29,57.53,47.69,Neutro
2026-04-30,48.47,44.25,Neutro
2026-05-01,45.54,44.38,Neutro
2026-05-04,41.82,45.32,Neutro
2026-05-05,44.14,53.61,Neutro
2026-05-06,3.97,45.83,Neutro
2026-05-07,16.82,48.00,Neutro
2026-05-08,21.95,47.84,Neutro
2026-05-11,20.93,40.07,Neutro
2026-05-12,20.69,38.06,Neutro
2026-05-13,22.22,36.54,Neutro
2026-05-14,17.11,37.25,Neutro
2026-05-15,20.00,8.80,Sobrevendido
2026-05-18,13.33,15.57,Sobrevendido
2026-05-19,13.56,18.44,Sobrevendido
2026-05-20,13.56,17.93,Sobrevendido
2026-05-21,19.61,20.29,Sobrevendido
2026-05-22,42.86,29.27,Sobrevendido
2026-05-26,36.96,24.59,Sobrevendido
2026-05-27,42.50,28.57,Sobrevendido
2026-05-28,41.03,24.24,Sobrevendido
2026-05-29,43.24,25.00,Sobrevendido
2026-06-01,64.00,28.57,Sobrevendido
2026-06-02,53.85,31.17,Neutro
2026-06-03,33.33,40.00,Neutro
2026-06-04,10.00,21.70,Sobrevendido
2026-06-05,8.45,20.72,Sobrevendido
2026-06-08,0.00,14.41,Sobrevendido
2026-06-09,0.00,13.68,Sobrevendido
2026-06-10,10.11,21.93,Sobrevendido
2026-06-11,13.48,22.61,Sobrevendido
2026-06-12,11.76,15.00,Sobrevendido
2026-06-15,20.34,15.13,Sobrevendido
2026-06-16,31.91,17.80,Sobrevendido
2026-06-17,35.71,13.16,Sobrevendido
2026-06-18,41.67,12.93,Sobrevendido
2026-06-22,18.75,12.40,Sobrevendido
2026-06-23,13.33,13.45,Sobrevendido
