Date,Tendencia_7d,Tendencia_50d,Forca_Tendencia,Forca_Movimento,Velas_Alta_Consecutivas
2016-03-14,Baixa,Baixa,,-0.69,0
2016-03-15,Baixa,Baixa,,-0.77,0
2016-03-16,Alta,Alta,,0.65,1
2016-03-17,Alta,Alta,,0.33,2
2016-03-18,Alta,Alta,,0.31,3
2016-03-21,Alta,Alta,3.60,0.20,4
2016-03-22,Alta,Alta,7.76,-0.37,0
2016-03-23,Alta,Alta,8.83,-0.30,0
2016-03-24,Alta,Alta,9.88,0.06,1
2016-03-28,Alta,Alta,8.68,-0.57,0
2016-03-29,Alta,Alta,6.54,0.65,1
2016-03-30,Alta,Alta,5.86,-0.23,0
2016-03-31,Alta,Alta,5.57,-1.00,0
2016-04-01,Alta,Alta,4.85,0.21,1
2016-04-04,Alta,Alta,4.71,0.20,2
2016-04-05,Alta,Alta,4.21,0.27,3
2016-04-06,Alta,Alta,4.40,0.53,4
2016-04-07,Alta,Alta,5.24,-0.40,0
2016-04-08,Alta,Alta,5.80,-0.39,0
2016-04-11,Alta,Alta,6.37,0.29,1
2016-04-12,Alta,Alta,6.80,-0.40,0
2016-04-13,Alta,Alta,6.39,-0.80,0
2016-04-14,Alta,Alta,5.62,-0.36,0
2016-04-15,Alta,Alta,5.11,0.93,1
2016-04-18,Alta,Alta,4.66,0.22,2
2016-04-19,Alta,Alta,4.65,0.95,3
2016-04-20,Alta,Alta,4.55,-0.32,0
2016-04-21,Alta,Alta,4.44,-0.57,0
2016-04-22,Baixa,Alta,4.21,0.20,1
2016-04-25,Alta,Alta,4.11,0.98,2
2016-04-26,Baixa,Alta,3.58,-0.64,0
2016-04-27,Baixa,Alta,3.29,0.42,1
2016-04-28,Baixa,Alta,3.04,0.00,0
2016-04-29,Baixa,Alta,2.72,-0.35,0
2016-05-02,Baixa,Alta,2.25,-0.33,0
2016-05-03,Baixa,Alta,1.91,-0.03,0
2016-05-04,Alta,Alta,1.76,0.84,1
2016-05-05,Baixa,Alta,1.49,-1.00,0
2016-05-06,Alta,Alta,1.50,0.83,1
2016-05-09,Alta,Alta,1.54,-0.54,0
2016-05-10,Alta,Alta,1.60,-0.36,0
2016-05-11,Alta,Alta,1.48,-0.80,0
2016-05-12,Baixa,Alta,1.38,-0.24,0
2016-05-13,Alta,Alta,1.34,0.88,1
2016-05-16,Baixa,Alta,1.17,-0.70,0
2016-05-17,Baixa,Alta,1.04,0.16,1
2016-05-18,Baixa,Alta,0.84,-0.59,0
2016-05-19,Baixa,Alta,0.78,0.00,0
2016-05-20,Baixa,Baixa,0.49,-1.00,0
2016-05-23,Baixa,Alta,0.33,0.00,0
2016-05-24,Baixa,Baixa,0.75,-0.36,0
2016-05-25,Alta,Alta,1.33,0.50,1
2016-05-26,Alta,Alta,1.93,0.11,2
2016-05-27,Alta,Baixa,2.55,-0.14,0
2016-05-31,Alta,Baixa,3.03,0.29,1
2016-06-01,Baixa,Baixa,2.70,-0.37,0
2016-06-02,Baixa,Baixa,2.36,0.80,1
2016-06-03,Baixa,Baixa,2.05,-0.33,0
2016-06-06,Baixa,Baixa,1.69,-0.44,0
2016-06-07,Alta,Baixa,1.56,0.29,1
2016-06-08,Baixa,Baixa,1.47,0.22,2
2016-06-09,Baixa,Baixa,1.31,0.14,3
2016-06-10,Alta,Baixa,1.21,0.36,4
2016-06-13,Alta,Alta,1.32,0.93,5
2016-06-14,Alta,Baixa,1.26,0.00,0
2016-06-15,Alta,Alta,1.48,0.97,1
2016-06-16,Alta,Alta,1.48,-0.23,0
2016-06-17,Baixa,Baixa,1.04,-0.90,0
2016-06-20,Baixa,Baixa,0.54,-0.95,0
2016-06-21,Baixa,Baixa,0.08,-0.72,0
2016-06-22,Baixa,Baixa,-0.43,0.56,1
2016-06-23,Baixa,Baixa,-0.77,-0.80,0
2016-06-24,Baixa,Baixa,-0.82,0.64,1
2016-06-27,Baixa,Baixa,-1.05,-0.39,0
2016-06-28,Baixa,Baixa,-1.14,-0.08,0
2016-06-29,Baixa,Baixa,-1.43,-0.74,0
2016-06-30,Alta,Alta,-1.41,0.64,1
2016-07-01,Baixa,Baixa,-1.57,-0.96,0
2016-07-05,Baixa,Baixa,-1.51,0.10,1
2016-07-06,Baixa,Baixa,-1.65,-0.81,0
2016-07-07,Baixa,Baixa,-1.57,-0.71,0
2016-07-08,Baixa,Baixa,-1.77,-0.61,0
2016-07-11,Baixa,Baixa,-1.73,-1.00,0
2016-07-12,Alta,Baixa,-1.67,0.04,1
2016-07-13,Baixa,Baixa,-1.58,-0.53,0
2016-07-14,Baixa,Baixa,-1.54,-0.68,0
2016-07-15,Baixa,Baixa,-1.69,-0.81,0
2016-07-18,Baixa,Baixa,-1.78,0.09,1
2016-07-19,Alta,Baixa,-1.86,0.81,2
2016-07-20,Alta,Baixa,-1.88,-0.42,0
2016-07-21,Alta,Baixa,-1.89,0.20,1
2016-07-22,Alta,Baixa,-1.70,0.26,2
2016-07-25,Alta,Baixa,-1.55,-0.25,0
2016-07-26,Baixa,Baixa,-1.63,-0.16,0
2016-07-27,Baixa,Baixa,-1.62,0.14,1
2016-07-28,Baixa,Baixa,-1.67,-0.24,0
2016-07-29,Baixa,Baixa,-1.66,-0.20,0
2016-08-01,Baixa,Baixa,-1.75,-0.47,0
2016-08-02,Baixa,Baixa,-1.65,0.52,1
2016-08-03,Baixa,Baixa,-1.68,-0.04,0
2016-08-04,Baixa,Baixa,-1.74,-0.45,0
2016-08-05,Baixa,Baixa,-1.88,0.24,1
2016-08-08,Baixa,Baixa,-1.98,-0.97,0
2016-08-09,Baixa,Baixa,-2.13,-0.79,0
2016-08-10,Baixa,Baixa,-2.23,0.53,1
2016-08-11,Baixa,Baixa,-2.18,-0.63,0
2016-08-12,Baixa,Baixa,-2.20,0.25,1
2016-08-15,Baixa,Baixa,-2.26,-0.39,0
2016-08-16,Baixa,Baixa,-2.41,-0.75,0
2016-08-17,Baixa,Baixa,-2.55,0.62,1
2016-08-18,Baixa,Baixa,-2.65,-0.39,0
2016-08-19,Baixa,Baixa,-2.80,-0.14,0
2016-08-22,Baixa,Baixa,-3.03,0.45,1
2016-08-23,Baixa,Baixa,-3.31,0.74,2
2016-08-24,Baixa,Baixa,-3.58,0.09,3
2016-08-25,Baixa,Baixa,-4.16,-0.34,0
2016-08-26,Baixa,Baixa,-4.54,0.39,1
2016-08-29,Baixa,Baixa,-4.53,-0.78,0
2016-08-30,Alta,Baixa,-4.39,-0.36,0
2016-08-31,Alta,Baixa,-4.08,0.88,1
2016-09-01,Alta,Baixa,-3.53,0.57,2
2016-09-02,Alta,Baixa,-2.90,0.76,3
2016-09-06,Alta,Baixa,-2.49,-0.12,0
2016-09-07,Baixa,Baixa,-2.09,-0.72,0
2016-09-08,Baixa,Baixa,-2.00,-0.50,0
2016-09-09,Alta,Baixa,-1.86,0.89,1
2016-09-12,Alta,Baixa,-2.07,0.61,2
2016-09-13,Baixa,Baixa,-2.08,-0.21,0
2016-09-14,Alta,Baixa,-2.09,0.18,1
2016-09-15,Baixa,Baixa,-2.10,-0.88,0
2016-09-16,Baixa,Baixa,-2.18,-0.76,0
2016-09-19,Baixa,Baixa,-2.23,-0.65,0
2016-09-20,Baixa,Baixa,-2.52,0.46,1
2016-09-21,Baixa,Baixa,-2.92,-0.24,0
2016-09-22,Baixa,Baixa,-3.11,-0.52,0
2016-09-23,Baixa,Baixa,-3.27,0.00,0
2016-09-26,Baixa,Baixa,-3.12,-0.08,0
2016-09-27,Alta,Baixa,-2.73,0.59,1
2016-09-28,Alta,Baixa,-2.43,-0.28,0
2016-09-29,Alta,Baixa,-2.24,-0.13,0
2016-09-30,Alta,Baixa,-2.19,-0.40,0
2016-10-03,Baixa,Baixa,-2.34,-0.09,0
2016-10-04,Alta,Baixa,-2.53,0.88,1
2016-10-05,Baixa,Baixa,-2.57,-0.36,0
2016-10-06,Baixa,Baixa,-2.58,0.06,1
2016-10-07,Baixa,Baixa,-2.61,-0.26,0
2016-10-10,Baixa,Baixa,-2.52,-0.84,0
2016-10-11,Alta,Baixa,-2.48,0.40,1
2016-10-12,Alta,Alta,-2.03,0.65,2
2016-10-13,Alta,Alta,-1.68,-0.67,0
2016-10-14,Alta,Alta,-1.11,-0.17,0
2016-10-17,Baixa,Baixa,-0.87,-0.72,0
2016-10-18,Baixa,Baixa,-0.81,-0.50,0
2016-10-19,Baixa,Baixa,-1.05,-0.07,0
2016-10-20,Baixa,Baixa,-1.30,-0.80,0
2016-10-21,Baixa,Baixa,-1.56,0.42,1
2016-10-24,Baixa,Baixa,-1.47,0.39,2
2016-10-25,Alta,Baixa,-1.31,-0.13,0
2016-10-26,Baixa,Baixa,-1.13,-0.52,0
2016-10-27,Baixa,Baixa,-0.97,-0.55,0
2016-10-28,Baixa,Baixa,-0.94,-0.69,0
2016-10-31,Baixa,Baixa,-0.86,-0.50,0
2016-11-01,Baixa,Baixa,-1.00,-0.84,0
2016-11-02,Baixa,Baixa,-1.23,0.83,1
2016-11-03,Baixa,Baixa,-1.07,1.00,2
2016-11-04,Alta,Baixa,-0.71,1.00,3
2016-11-07,Alta,Baixa,-0.50,-0.30,0
2016-11-08,Alta,Baixa,-0.11,1.00,1
2016-11-09,Alta,Baixa,0.10,-0.91,0
2016-11-10,Alta,Baixa,-0.09,0.70,1
2016-11-11,Baixa,Baixa,-0.63,-0.39,0
2016-11-14,Baixa,Baixa,-1.38,-0.43,0
2016-11-15,Baixa,Baixa,-2.02,-0.03,0
2016-11-16,Baixa,Baixa,-2.25,0.81,1
2016-11-17,Baixa,Baixa,-2.47,-0.67,0
2016-11-18,Alta,Baixa,-2.51,0.58,1
2016-11-21,Alta,Baixa,-2.36,-0.15,0
2016-11-22,Alta,Baixa,-2.27,0.49,1
2016-11-23,Baixa,Baixa,-2.60,-0.78,0
2016-11-25,Baixa,Baixa,-2.68,-0.26,0
2016-11-28,Alta,Baixa,-2.62,0.57,1
2016-11-29,Alta,Baixa,-2.30,-0.02,0
2016-11-30,Alta,Baixa,-2.01,-0.17,0
2016-12-01,Alta,Baixa,-1.45,-0.21,0
2016-12-02,Alta,Alta,-0.80,0.45,1
2016-12-05,Alta,Alta,-0.24,-0.60,0
2016-12-06,Alta,Alta,0.06,-0.50,0
2016-12-07,Alta,Alta,0.05,-0.67,0
2016-12-08,Alta,Alta,-0.02,-0.21,0
2016-12-09,Alta,Alta,-0.29,-0.61,0
2016-12-12,Baixa,Baixa,-0.61,-0.76,0
2016-12-13,Baixa,Alta,-0.76,0.52,1
2016-12-14,Baixa,Alta,-0.76,-0.89,0
2016-12-15,Baixa,Alta,-0.73,-0.52,0
2016-12-16,Baixa,Baixa,-0.76,-0.78,0
2016-12-19,Baixa,Baixa,-0.69,-0.34,0
2016-12-20,Baixa,Baixa,-0.78,0.24,1
2016-12-21,Baixa,Baixa,-0.81,-0.55,0
2016-12-22,Alta,Alta,-1.18,1.00,1
2016-12-23,Alta,Alta,-1.34,0.27,2
2016-12-27,Alta,Alta,-1.67,-0.35,0
2016-12-28,Baixa,Baixa,-1.72,0.37,1
2016-12-29,Baixa,Baixa,-1.67,-0.27,0
2016-12-30,Alta,Alta,-1.29,0.67,1
2017-01-03,Baixa,Baixa,-1.01,-0.40,0
2017-01-04,Alta,Alta,-0.73,-0.23,0
2017-01-05,Baixa,Baixa,-0.80,-0.47,0
2017-01-06,Baixa,Baixa,-0.82,-0.17,0
2017-01-09,Baixa,Baixa,-0.82,0.12,1
2017-01-10,Baixa,Baixa,-0.83,-0.40,0
2017-01-11,Baixa,Baixa,-0.80,-0.19,0
2017-01-12,Alta,Alta,-0.52,0.83,1
2017-01-13,Alta,Alta,-0.02,-0.19,0
2017-01-17,Alta,Alta,0.35,-0.40,0
2017-01-18,Alta,Alta,0.55,-0.20,0
2017-01-19,Baixa,Baixa,0.57,-0.20,0
2017-01-20,Baixa,Alta,0.41,0.56,1
2017-01-23,Baixa,Baixa,-0.02,-0.40,0
2017-01-24,Alta,Alta,-0.16,0.77,1
2017-01-25,Alta,Alta,-0.20,0.21,2
2017-01-26,Alta,Alta,0.08,-0.03,0
2017-01-27,Alta,Alta,0.46,0.00,1
2017-01-30,Alta,Alta,0.89,0.07,2
2017-01-31,Alta,Alta,1.09,0.71,3
2017-02-01,Alta,Alta,1.42,-0.04,0
2017-02-02,Alta,Alta,1.75,0.50,1
2017-02-03,Alta,Alta,2.14,0.16,2
2017-02-06,Alta,Alta,2.51,-0.77,0
2017-02-07,Alta,Alta,2.86,-0.45,0
2017-02-08,Alta,Alta,3.25,0.37,1
2017-02-09,Baixa,Alta,3.30,-0.35,0
2017-02-10,Alta,Alta,3.22,-0.11,0
2017-02-13,Baixa,Alta,3.12,-0.21,0
2017-02-14,Baixa,Alta,3.02,0.38,1
2017-02-15,Baixa,Alta,2.53,-0.60,0
2017-02-16,Baixa,Alta,2.18,-0.46,0
2017-02-17,Baixa,Alta,1.80,0.28,1
2017-02-21,Alta,Alta,1.69,0.72,2
2017-02-22,Alta,Alta,1.50,-0.61,0
2017-02-23,Alta,Alta,1.66,0.06,1
2017-02-24,Alta,Alta,2.04,0.30,2
2017-02-27,Baixa,Alta,2.14,-0.72,0
2017-02-28,Baixa,Alta,2.03,0.29,1
2017-03-01,Baixa,Alta,1.83,-0.84,0
2017-03-02,Baixa,Alta,1.78,0.73,1
2017-03-03,Baixa,Alta,1.53,-0.70,0
2017-03-06,Baixa,Alta,1.59,-0.08,0
2017-03-07,Baixa,Alta,1.66,-0.76,0
2017-03-08,Alta,Alta,1.78,0.22,1
2017-03-09,Alta,Alta,1.75,0.87,2
2017-03-10,Baixa,Alta,1.77,0.71,3
2017-03-13,Baixa,Alta,1.77,-0.11,0
2017-03-14,Alta,Alta,1.76,-0.22,0
2017-03-15,Baixa,Alta,1.77,-0.50,0
2017-03-16,Alta,Alta,1.86,0.54,1
2017-03-17,Alta,Alta,2.05,0.74,2
2017-03-20,Alta,Alta,2.43,0.54,3
2017-03-21,Alta,Alta,2.76,-0.07,0
2017-03-22,Alta,Alta,3.20,0.18,1
2017-03-23,Baixa,Alta,3.33,-0.46,0
2017-03-24,Baixa,Alta,3.36,-0.68,0
2017-03-27,Baixa,Alta,2.98,0.05,1
2017-03-28,Baixa,Alta,2.66,0.70,2
2017-03-29,Baixa,Alta,2.34,-0.45,0
2017-03-30,Baixa,Alta,2.10,-0.60,0
2017-03-31,Baixa,Baixa,1.48,0.05,1
2017-04-03,Baixa,Baixa,0.99,-0.67,0
2017-04-04,Baixa,Baixa,0.39,-0.40,0
2017-04-05,Baixa,Baixa,-0.23,-0.11,0
2017-04-06,Baixa,Baixa,-0.77,0.58,1
2017-04-07,Baixa,Baixa,-0.95,-0.18,0
2017-04-10,Baixa,Baixa,-1.06,0.31,1
2017-04-11,Baixa,Baixa,-1.15,0.26,2
2017-04-12,Alta,Baixa,-1.28,0.41,3
2017-04-13,Baixa,Baixa,-1.52,-1.00,0
2017-04-17,Baixa,Baixa,-1.90,-0.36,0
2017-04-18,Baixa,Baixa,-2.44,-0.15,0
2017-04-19,Baixa,Baixa,-2.89,-0.71,0
2017-04-20,Baixa,Baixa,-3.14,0.19,1
2017-04-21,Baixa,Baixa,-3.42,0.00,0
2017-04-24,Baixa,Baixa,-3.44,0.06,1
2017-04-25,Alta,Baixa,-3.28,0.96,2
2017-04-26,Alta,Baixa,-3.15,-0.08,0
2017-04-27,Alta,Baixa,-3.17,-0.52,0
2017-04-28,Alta,Baixa,-3.00,0.11,1
2017-05-01,Alta,Baixa,-2.83,0.32,2
2017-05-02,Alta,Baixa,-2.76,-0.04,0
2017-05-03,Alta,Baixa,-2.86,-0.29,0
2017-05-04,Baixa,Baixa,-2.94,-0.52,0
2017-05-05,Alta,Baixa,-3.12,0.46,1
2017-05-08,Alta,Baixa,-3.35,0.58,2
2017-05-09,Alta,Baixa,-3.36,0.04,3
2017-05-10,Alta,Baixa,-3.24,0.07,4
2017-05-11,Baixa,Baixa,-3.00,-0.06,0
2017-05-12,Baixa,Baixa,-2.83,-0.08,0
2017-05-15,Baixa,Baixa,-2.58,-0.31,0
2017-05-16,Alta,Baixa,-2.52,0.20,1
2017-05-17,Baixa,Baixa,-2.55,-0.04,0
2017-05-18,Baixa,Baixa,-2.75,-0.05,0
2017-05-19,Baixa,Baixa,-2.90,-0.09,0
2017-05-22,Baixa,Baixa,-3.08,-0.20,0
2017-05-23,Baixa,Baixa,-3.24,0.57,1
2017-05-24,Baixa,Baixa,-3.39,-0.61,0
2017-05-25,Baixa,Baixa,-3.72,-0.51,0
2017-05-26,Baixa,Baixa,-4.13,-0.47,0
2017-05-30,Baixa,Baixa,-4.86,-0.72,0
2017-05-31,Baixa,Baixa,-5.71,0.32,1
2017-06-01,Baixa,Baixa,-6.47,0.05,2
2017-06-02,Alta,Baixa,-6.89,0.73,3
2017-06-05,Alta,Baixa,-7.02,-0.16,0
2017-06-06,Alta,Baixa,-6.86,0.05,1
2017-06-07,Alta,Baixa,-6.49,0.15,2
2017-06-08,Alta,Baixa,-6.17,-0.12,0
2017-06-09,Alta,Baixa,-5.90,0.90,1
2017-06-12,Alta,Baixa,-5.72,0.36,2
2017-06-13,Alta,Baixa,-4.82,0.37,3
2017-06-14,Alta,Baixa,-4.07,-0.67,0
2017-06-15,Alta,Baixa,-3.16,-0.37,0
2017-06-16,Baixa,Baixa,-2.47,-0.79,0
2017-06-19,Baixa,Baixa,-1.89,0.10,1
2017-06-20,Baixa,Baixa,-2.15,-0.61,0
2017-06-21,Baixa,Baixa,-2.25,0.33,1
2017-06-22,Baixa,Baixa,-2.48,-0.23,0
2017-06-23,Baixa,Baixa,-2.57,-1.00,0
2017-06-26,Baixa,Baixa,-2.52,-0.36,0
2017-06-27,Baixa,Baixa,-2.39,-0.05,0
2017-06-28,Alta,Baixa,-2.30,-0.24,0
2017-06-29,Alta,Baixa,-2.20,0.00,0
2017-06-30,Alta,Baixa,-2.10,-0.44,0
2017-07-03,Alta,Alta,-1.76,0.97,1
2017-07-05,Alta,Alta,-1.30,0.48,2
2017-07-06,Alta,Alta,-1.21,-0.37,0
2017-07-07,Alta,Baixa,-1.15,-0.97,0
2017-07-10,Alta,Baixa,-0.96,-0.26,0
2017-07-11,Baixa,Baixa,-1.18,-0.62,0
2017-07-12,Baixa,Baixa,-1.51,0.39,1
2017-07-13,Alta,Alta,-1.46,0.64,2
2017-07-14,Alta,Alta,-1.29,0.37,3
2017-07-17,Alta,Alta,-1.07,-0.15,0
2017-07-18,Alta,Alta,-0.82,0.21,1
2017-07-19,Alta,Alta,-0.68,-0.43,0
2017-07-20,Alta,Alta,-0.60,-0.27,0
2017-07-21,Baixa,Alta,-0.64,-0.45,0
2017-07-24,Baixa,Alta,-0.74,0.04,1
2017-07-25,Baixa,Alta,-0.84,-1.00,0
2017-07-26,Baixa,Alta,-0.86,-0.09,0
2017-07-27,Baixa,Alta,-1.03,-0.61,0
2017-07-28,Alta,Alta,-0.85,-0.15,0
2017-07-31,Alta,Alta,-0.73,0.12,1
2017-08-01,Baixa,Alta,-0.67,-1.00,0
2017-08-02,Baixa,Alta,-0.61,-0.40,0
2017-08-03,Baixa,Alta,-0.41,0.69,1
2017-08-04,Baixa,Alta,-0.49,-1.00,0
2017-08-07,Baixa,Baixa,-0.39,-0.24,0
2017-08-08,Baixa,Baixa,-0.24,-1.00,0
2017-08-09,Baixa,Baixa,-0.02,-0.20,0
2017-08-10,Baixa,Baixa,0.08,-0.18,0
2017-08-11,Alta,Baixa,0.39,1.00,1
2017-08-14,Baixa,Baixa,0.06,-0.88,0
2017-08-15,Baixa,Baixa,-0.16,-0.06,0
2017-08-16,Baixa,Baixa,-0.63,-0.72,0
2017-08-17,Alta,Baixa,-0.69,0.55,1
2017-08-18,Baixa,Baixa,-1.12,-0.96,0
2017-08-21,Baixa,Baixa,-1.25,-0.47,0
2017-08-22,Baixa,Baixa,-1.45,0.29,1
2017-08-23,Alta,Baixa,-1.56,-0.37,0
2017-08-24,Baixa,Baixa,-1.93,-0.55,0
2017-08-25,Alta,Baixa,-2.02,0.75,1
2017-08-28,Alta,Baixa,-1.90,-0.15,0
2017-08-29,Alta,Baixa,-1.60,0.68,1
2017-08-30,Alta,Baixa,-1.09,0.21,2
2017-08-31,Alta,Baixa,-0.73,-0.47,0
2017-09-01,Baixa,Baixa,-0.61,-0.42,0
2017-09-05,Baixa,Baixa,-0.63,-0.68,0
2017-09-06,Baixa,Baixa,-0.70,0.08,1
2017-09-07,Baixa,Baixa,-0.93,0.60,2
2017-09-08,Baixa,Baixa,-1.12,0.07,3
2017-09-11,Baixa,Baixa,-1.23,-0.28,0
2017-09-12,Baixa,Baixa,-1.27,0.44,1
2017-09-13,Baixa,Baixa,-1.68,0.68,2
2017-09-14,Baixa,Baixa,-2.32,-0.41,0
2017-09-15,Baixa,Baixa,-2.73,-0.42,0
2017-09-18,Baixa,Baixa,-3.02,0.22,1
2017-09-19,Baixa,Baixa,-3.37,-0.33,0
2017-09-20,Alta,Baixa,-3.29,0.78,1
2017-09-21,Baixa,Baixa,-3.12,-0.58,0
2017-09-22,Alta,Baixa,-3.16,0.86,1
2017-09-25,Alta,Baixa,-3.36,0.45,2
2017-09-26,Alta,Baixa,-3.60,-0.16,0
2017-09-27,Alta,Baixa,-3.93,0.13,1
2017-09-28,Alta,Baixa,-4.12,-0.29,0
2017-09-29,Alta,Baixa,-4.26,-0.43,0
2017-10-02,Baixa,Baixa,-4.32,-0.60,0
2017-10-03,Baixa,Baixa,-4.31,-0.84,0
2017-10-04,Baixa,Baixa,-4.35,0.23,1
2017-10-05,Alta,Baixa,-4.25,0.30,2
2017-10-06,Alta,Baixa,-4.03,0.65,3
2017-10-09,Alta,Baixa,-3.97,0.36,4
2017-10-10,Alta,Baixa,-3.93,-0.45,0
2017-10-11,Baixa,Baixa,-3.75,-0.92,0
2017-10-12,Baixa,Baixa,-3.73,0.25,1
2017-10-13,Baixa,Baixa,-3.83,-0.12,0
2017-10-16,Baixa,Baixa,-3.63,-0.38,0
2017-10-17,Baixa,Baixa,-3.39,-0.89,0
2017-10-18,Alta,Alta,-2.70,0.16,1
2017-10-19,Alta,Alta,-2.11,-0.61,0
2017-10-20,Alta,Alta,-1.36,0.37,1
2017-10-23,Alta,Alta,-0.96,0.25,2
2017-10-24,Baixa,Alta,-0.44,-0.65,0
2017-10-25,Baixa,Alta,-0.55,0.36,1
2017-10-26,Baixa,Baixa,-0.34,-0.62,0
2017-10-27,Baixa,Baixa,-0.78,-0.30,0
2017-10-30,Baixa,Baixa,-0.89,-0.64,0
2017-10-31,Baixa,Baixa,-0.99,0.17,1
2017-11-01,Baixa,Baixa,-1.23,-0.83,0
2017-11-02,Baixa,Baixa,-1.70,-0.31,0
2017-11-03,Baixa,Baixa,-1.60,-0.22,0
2017-11-06,Baixa,Baixa,-1.79,-0.24,0
2017-11-07,Baixa,Baixa,-2.19,-0.50,0
2017-11-08,Alta,Baixa,-2.38,0.89,1
2017-11-09,Alta,Baixa,-2.60,0.09,2
2017-11-10,Alta,Baixa,-2.80,0.00,0
2017-11-13,Alta,Baixa,-2.70,0.16,1
2017-11-14,Alta,Baixa,-2.37,0.38,2
2017-11-15,Alta,Baixa,-2.09,0.52,3
2017-11-16,Alta,Baixa,-1.61,0.70,4
2017-11-17,Alta,Baixa,-1.15,0.00,0
2017-11-20,Baixa,Baixa,-0.94,-0.93,0
2017-11-21,Baixa,Baixa,-0.83,-0.77,0
2017-11-22,Baixa,Baixa,-0.83,-0.20,0
2017-11-24,Baixa,Baixa,-0.80,0.13,1
2017-11-27,Baixa,Baixa,-0.80,0.18,2
2017-11-28,Baixa,Baixa,-0.83,-0.41,0
2017-11-29,Baixa,Baixa,-0.92,-0.63,0
2017-11-30,Baixa,Baixa,-1.06,-0.08,0
2017-12-01,Baixa,Baixa,-1.20,0.00,0
2017-12-04,Baixa,Baixa,-1.43,-0.50,0
2017-12-05,Baixa,Baixa,-1.65,-0.91,0
2017-12-06,Baixa,Baixa,-1.88,-0.45,0
2017-12-07,Baixa,Baixa,-2.06,0.83,1
2017-12-08,Alta,Baixa,-2.23,0.07,2
2017-12-11,Baixa,Baixa,-2.35,-0.70,0
2017-12-12,Baixa,Baixa,-2.31,0.22,1
2017-12-13,Alta,Baixa,-2.23,0.27,2
2017-12-14,Alta,Baixa,-2.10,0.09,3
2017-12-15,Alta,Baixa,-2.14,0.24,4
2017-12-18,Alta,Baixa,-2.00,0.88,5
2017-12-19,Alta,Baixa,-1.90,0.10,6
2017-12-20,Alta,Baixa,-1.87,-0.77,0
2017-12-21,Alta,Baixa,-1.76,0.66,1
2017-12-22,Baixa,Baixa,-1.65,-0.10,0
2017-12-26,Alta,Baixa,-1.63,0.38,1
2017-12-27,Alta,Alta,-1.40,0.11,2
2017-12-28,Alta,Alta,-1.16,-0.37,0
2017-12-29,Baixa,Baixa,-1.56,-0.49,0
2018-01-02,Baixa,Baixa,-1.65,0.00,0
2018-01-03,Baixa,Baixa,-1.93,-0.08,0
2018-01-04,Baixa,Baixa,-2.53,-0.11,0
2018-01-05,Baixa,Alta,-2.87,0.11,1
2018-01-08,Alta,Alta,-2.55,0.00,0
2018-01-09,Alta,Alta,-2.44,-0.23,0
2018-01-10,Baixa,Alta,-2.15,0.03,1
2018-01-11,Baixa,Baixa,-1.61,-0.17,0
2018-01-12,Alta,Alta,-1.18,0.41,1
2018-01-16,Alta,Alta,-0.81,-0.73,0
2018-01-17,Alta,Alta,-0.38,-0.23,0
2018-01-18,Alta,Alta,-0.03,-0.38,0
2018-01-19,Alta,Alta,0.25,-0.01,0
2018-01-22,Alta,Alta,0.60,-0.33,0
2018-01-23,Baixa,Alta,0.53,-0.50,0
2018-01-24,Baixa,Alta,0.47,-0.07,0
2018-01-25,Baixa,Baixa,0.38,-0.45,0
2018-01-26,Baixa,Alta,0.22,0.21,1
2018-01-29,Baixa,Baixa,-0.09,0.11,2
2018-01-30,Baixa,Baixa,-0.19,-0.09,0
2018-01-31,Baixa,Baixa,-0.53,-0.64,0
2018-02-01,Baixa,Baixa,-0.78,0.06,1
2018-02-02,Baixa,Baixa,-0.97,0.00,0
2018-02-05,Baixa,Baixa,-1.22,-0.51,0
2018-02-06,Baixa,Baixa,-1.38,-0.23,0
2018-02-07,Baixa,Baixa,-1.35,0.27,1
2018-02-08,Alta,Baixa,-1.26,-0.63,0
2018-02-09,Baixa,Baixa,-1.20,-0.24,0
2018-02-12,Baixa,Baixa,-0.98,0.60,1
2018-02-13,Baixa,Baixa,-0.79,0.25,2
2018-02-14,Baixa,Baixa,-0.61,0.11,3
2018-02-15,Alta,Baixa,-0.42,0.44,4
2018-02-16,Alta,Baixa,-0.26,-0.78,0
2018-02-20,Alta,Baixa,-0.10,-0.89,0
2018-02-21,Alta,Baixa,0.03,-0.25,0
2018-02-22,Alta,Baixa,0.13,1.00,1
2018-02-23,Baixa,Baixa,0.13,-0.46,0
2018-02-26,Alta,Baixa,0.13,0.12,1
2018-02-27,Alta,Baixa,0.06,-0.67,0
2018-02-28,Baixa,Baixa,-0.03,-0.40,0
2018-03-01,Baixa,Baixa,-0.19,-0.22,0
2018-03-02,Baixa,Baixa,-0.45,-0.37,0
2018-03-05,Baixa,Baixa,-0.83,-0.75,0
2018-03-06,Baixa,Baixa,-1.09,-0.86,0
2018-03-07,Alta,Baixa,-1.22,0.86,1
2018-03-08,Alta,Baixa,-1.16,0.70,2
2018-03-09,Alta,Alta,-0.97,1.00,3
2018-03-12,Alta,Alta,-0.90,-0.30,0
2018-03-13,Alta,Baixa,-0.91,-1.00,0
2018-03-14,Baixa,Baixa,-0.88,-0.41,0
2018-03-15,Baixa,Baixa,-1.01,-0.57,0
2018-03-16,Alta,Baixa,-1.07,0.98,1
2018-03-19,Alta,Alta,-0.85,-0.17,0
2018-03-20,Baixa,Baixa,-0.82,-0.53,0
2018-03-21,Baixa,Baixa,-0.85,-0.16,0
2018-03-22,Baixa,Baixa,-0.95,-0.31,0
2018-03-23,Baixa,Baixa,-1.08,0.71,1
2018-03-26,Alta,Alta,-0.76,-0.54,0
2018-03-27,Alta,Alta,-0.72,-0.57,0
2018-03-28,Alta,Alta,-0.63,-0.30,0
2018-03-29,Alta,Alta,-0.50,0.27,1
2018-04-02,Alta,Alta,-0.33,0.55,2
2018-04-03,Baixa,Alta,-0.76,-0.61,0
2018-04-04,Alta,Alta,-0.66,0.31,1
2018-04-05,Baixa,Alta,-0.66,-0.90,0
2018-04-06,Alta,Alta,-0.53,0.34,1
2018-04-09,Alta,Alta,-0.27,0.17,2
2018-04-10,Alta,Alta,0.00,-0.20,0
2018-04-11,Alta,Alta,0.17,-0.14,0
2018-04-12,Alta,Alta,0.50,0.44,1
2018-04-13,Alta,Alta,0.87,0.14,2
2018-04-16,Alta,Alta,0.97,-0.70,0
2018-04-17,Alta,Alta,1.20,0.20,1
2018-04-18,Alta,Alta,1.50,0.00,0
2018-04-19,Baixa,Alta,1.63,-0.40,0
2018-04-20,Baixa,Alta,1.66,0.00,0
2018-04-23,Baixa,Alta,1.65,-0.14,0
2018-04-24,Alta,Alta,1.75,0.94,1
2018-04-25,Alta,Alta,1.87,0.84,2
2018-04-26,Alta,Alta,2.09,0.00,0
2018-04-27,Alta,Alta,2.28,-0.40,0
2018-04-30,Alta,Alta,2.41,-0.05,0
2018-05-01,Baixa,Alta,2.43,0.00,0
2018-05-02,Alta,Alta,2.39,0.90,1
2018-05-03,Baixa,Alta,2.24,-0.30,0
2018-05-04,Baixa,Alta,2.14,-0.01,0
2018-05-07,Baixa,Alta,2.19,-0.50,0
2018-05-08,Baixa,Alta,2.09,-0.59,0
2018-05-09,Alta,Alta,2.05,0.20,1
2018-05-10,Baixa,Alta,2.07,-0.48,0
2018-05-11,Alta,Alta,2.22,0.67,1
2018-05-14,Baixa,Alta,2.21,-0.12,0
2018-05-15,Baixa,Alta,2.26,-0.64,0
2018-05-16,Alta,Alta,2.31,0.00,0
2018-05-17,Alta,Alta,2.37,0.71,1
2018-05-18,Alta,Alta,2.17,-0.40,0
2018-05-21,Baixa,Alta,1.95,-0.93,0
2018-05-22,Baixa,Alta,1.73,-0.28,0
2018-05-23,Baixa,Baixa,1.45,-0.57,0
2018-05-24,Baixa,Baixa,1.17,-0.58,0
2018-05-25,Baixa,Baixa,0.99,-0.75,0
2018-05-29,Baixa,Baixa,0.75,-0.65,0
2018-05-30,Baixa,Baixa,0.45,0.00,0
2018-05-31,Alta,Baixa,0.39,1.00,1
2018-06-01,Alta,Baixa,0.39,0.19,2
2018-06-04,Alta,Baixa,0.47,-0.87,0
2018-06-05,Baixa,Baixa,0.68,-0.40,0
2018-06-06,Baixa,Baixa,0.50,-0.37,0
2018-06-07,Baixa,Baixa,0.27,-0.08,0
2018-06-08,Baixa,Baixa,0.03,0.00,0
2018-06-11,Baixa,Baixa,-0.24,0.14,1
2018-06-12,Baixa,Baixa,-0.53,-0.33,0
2018-06-13,Baixa,Baixa,-0.24,0.17,1
2018-06-14,Baixa,Baixa,-0.27,-1.00,0
2018-06-15,Baixa,Baixa,-0.30,0.00,0
2018-06-18,Baixa,Baixa,-0.47,-0.83,0
2018-06-19,Baixa,Baixa,-0.65,0.00,0
2018-06-20,Baixa,Baixa,-0.95,0.40,1
2018-06-21,Baixa,Baixa,-1.07,0.28,2
2018-06-22,Baixa,Baixa,-1.39,-0.47,0
2018-06-25,Baixa,Baixa,-1.63,0.25,1
2018-06-26,Baixa,Baixa,-1.76,-0.33,0
2018-06-27,Baixa,Baixa,-1.91,0.00,0
2018-06-28,Baixa,Baixa,-2.21,-0.50,0
2018-06-29,Baixa,Baixa,-2.34,-0.05,0
2018-07-02,Baixa,Baixa,-2.44,-0.17,0
2018-07-03,Baixa,Baixa,-2.58,0.37,1
2018-07-05,Alta,Baixa,-2.65,0.38,2
2018-07-06,Baixa,Baixa,-2.79,-0.40,0
2018-07-09,Alta,Baixa,-2.95,0.52,1
2018-07-10,Alta,Baixa,-3.00,0.75,2
2018-07-11,Alta,Baixa,-2.99,1.00,3
2018-07-12,Alta,Baixa,-3.03,-0.67,0
2018-07-13,Alta,Baixa,-2.96,0.20,1
2018-07-16,Alta,Baixa,-2.82,0.00,0
2018-07-17,Alta,Baixa,-2.74,1.00,1
2018-07-18,Baixa,Baixa,-2.76,0.00,0
2018-07-19,Baixa,Baixa,-2.77,-0.09,0
2018-07-20,Baixa,Baixa,-2.82,0.60,1
2018-07-23,Baixa,Baixa,-2.87,0.60,2
2018-07-24,Baixa,Baixa,-3.11,-0.88,0
2018-07-25,Baixa,Baixa,-3.23,0.00,0
2018-07-26,Baixa,Baixa,-3.32,-0.83,0
2018-07-27,Baixa,Baixa,-3.44,0.05,1
2018-07-30,Baixa,Baixa,-3.63,-0.25,0
2018-07-31,Alta,Baixa,-3.52,0.65,1
2018-08-01,Baixa,Baixa,-3.51,-0.44,0
2018-08-02,Alta,Baixa,-3.40,0.36,1
2018-08-03,Baixa,Baixa,-3.25,-0.78,0
2018-08-06,Baixa,Baixa,-3.00,0.50,1
2018-08-07,Baixa,Baixa,-2.88,-0.54,0
2018-08-08,Alta,Baixa,-2.44,0.67,1
2018-08-09,Baixa,Baixa,-2.17,-0.45,0
2018-08-10,Baixa,Baixa,-2.07,-0.41,0
2018-08-13,Baixa,Baixa,-2.26,-0.19,0
2018-08-14,Baixa,Baixa,-2.38,0.67,1
2018-08-15,Baixa,Baixa,-2.79,-0.57,0
2018-08-16,Baixa,Baixa,-3.16,0.42,1
2018-08-17,Baixa,Baixa,-3.32,-0.12,0
2018-08-20,Baixa,Baixa,-3.42,-0.29,0
2018-08-21,Baixa,Baixa,-3.66,0.29,1
2018-08-22,Alta,Baixa,-3.69,1.00,2
2018-08-23,Alta,Baixa,-3.71,-0.26,0
2018-08-24,Alta,Baixa,-3.55,1.00,1
2018-08-27,Baixa,Baixa,-3.43,-0.92,0
2018-08-28,Alta,Baixa,-3.15,-0.59,0
2018-08-29,Baixa,Baixa,-3.13,-0.50,0
2018-08-30,Baixa,Baixa,-3.11,-0.73,0
2018-08-31,Alta,Baixa,-3.17,1.00,1
2018-09-04,Baixa,Baixa,-3.15,-0.80,0
2018-09-05,Baixa,Baixa,-3.17,-0.23,0
2018-09-06,Baixa,Baixa,-3.27,-0.77,0
2018-09-07,Baixa,Baixa,-3.25,1.00,1
2018-09-10,Baixa,Baixa,-3.15,0.00,0
2018-09-11,Baixa,Baixa,-2.97,-0.33,0
2018-09-12,Baixa,Baixa,-2.83,-0.33,0
2018-09-13,Alta,Baixa,-2.39,0.68,1
2018-09-14,Alta,Baixa,-2.33,-0.80,0
2018-09-17,Baixa,Baixa,-2.34,-0.75,0
2018-09-18,Baixa,Baixa,-2.35,-0.25,0
2018-09-19,Alta,Baixa,-2.49,0.50,1
2018-09-20,Baixa,Baixa,-2.87,-0.40,0
2018-09-21,Baixa,Baixa,-2.98,-1.00,0
2018-09-24,Baixa,Baixa,-3.16,0.00,0
2018-09-25,Baixa,Baixa,-3.44,-0.86,0
2018-09-26,Baixa,Baixa,-3.76,-0.80,0
2018-09-27,Baixa,Baixa,-3.87,-0.33,0
2018-09-28,Alta,Baixa,-3.81,0.45,1
2018-10-01,Baixa,Baixa,-3.88,-0.47,0
2018-10-02,Baixa,Baixa,-3.83,0.00,0
2018-10-03,Alta,Baixa,-3.55,0.29,1
2018-10-04,Alta,Baixa,-3.26,0.70,2
2018-10-05,Alta,Baixa,-3.10,0.14,3
2018-10-08,Baixa,Baixa,-2.89,-0.86,0
2018-10-09,Baixa,Baixa,-2.73,0.60,1
2018-10-10,Baixa,Baixa,-2.93,-1.00,0
2018-10-11,Baixa,Baixa,-3.14,-0.30,0
2018-10-12,Baixa,Baixa,-3.39,-0.40,0
2018-10-15,Alta,Baixa,-3.40,0.25,1
2018-10-16,Alta,Baixa,-3.38,0.00,0
2018-10-17,Alta,Baixa,-3.12,0.00,0
2018-10-18,Alta,Baixa,-3.14,0.75,1
2018-10-19,Alta,Alta,-2.73,0.31,2
2018-10-22,Alta,Alta,-2.45,-0.39,0
2018-10-23,Alta,Alta,-2.07,-0.43,0
2018-10-24,Alta,Alta,-1.73,0.00,0
2018-10-25,Alta,Alta,-1.15,-0.43,0
2018-10-26,Alta,Alta,-0.80,0.40,1
2018-10-29,Baixa,Alta,-0.50,-0.20,0
2018-10-30,Alta,Alta,-0.10,1.00,1
2018-10-31,Baixa,Alta,0.25,-0.39,0
2018-11-01,Alta,Alta,0.45,0.43,1
2018-11-02,Alta,Alta,0.45,-0.07,0
2018-11-05,Alta,Alta,0.40,0.07,1
2018-11-06,Alta,Alta,0.40,1.00,2
2018-11-07,Alta,Alta,0.45,-0.80,0
2018-11-08,Alta,Alta,0.65,0.00,0
2018-11-09,Alta,Alta,0.90,0.56,1
2018-11-12,Baixa,Alta,0.95,-0.38,0
2018-11-13,Baixa,Baixa,0.65,-0.41,0
2018-11-14,Baixa,Baixa,0.10,-0.01,0
2018-11-15,Baixa,Baixa,-0.40,-0.93,0
2018-11-16,Baixa,Baixa,-1.04,0.22,1
2018-11-19,Baixa,Baixa,-1.64,-0.93,0
2018-11-20,Baixa,Baixa,-1.89,0.38,1
2018-11-21,Baixa,Baixa,-1.90,-0.09,0
2018-11-23,Baixa,Baixa,-2.30,-1.00,0
2018-11-26,Baixa,Baixa,-2.36,0.10,1
2018-11-27,Baixa,Baixa,-2.33,-0.21,0
2018-11-28,Baixa,Baixa,-2.49,0.19,1
2018-11-29,Baixa,Baixa,-2.70,-0.83,0
2018-11-30,Baixa,Baixa,-2.51,-0.75,0
2018-12-03,Alta,Baixa,-2.42,0.52,1
2018-12-04,Alta,Baixa,-1.97,0.87,2
2018-12-06,Alta,Baixa,-1.77,-0.88,0
2018-12-07,Baixa,Baixa,-1.41,-0.52,0
2018-12-10,Baixa,Baixa,-1.26,0.13,1
2018-12-11,Baixa,Baixa,-1.48,-0.98,0
2018-12-12,Baixa,Baixa,-1.69,0.49,1
2018-12-13,Alta,Baixa,-1.54,0.42,2
2018-12-14,Baixa,Baixa,-1.70,-0.92,0
2018-12-17,Baixa,Baixa,-2.02,-0.69,0
2018-12-18,Baixa,Baixa,-2.09,0.80,1
2018-12-19,Baixa,Baixa,-2.36,-0.91,0
2018-12-20,Baixa,Baixa,-2.74,1.00,1
2018-12-21,Alta,Baixa,-2.49,0.78,2
2018-12-24,Alta,Baixa,-1.90,0.66,3
2018-12-26,Alta,Baixa,-1.59,-0.25,0
2018-12-27,Baixa,Baixa,-1.43,-0.72,0
2018-12-28,Baixa,Baixa,-1.38,0.21,1
2018-12-31,Baixa,Baixa,-1.61,0.66,2
2019-01-02,Baixa,Baixa,-2.00,-0.68,0
2019-01-03,Baixa,Baixa,-2.45,0.08,1
2019-01-04,Alta,Baixa,-2.57,0.58,2
2019-01-07,Alta,Baixa,-2.64,-0.40,0
2019-01-08,Alta,Alta,-2.70,0.41,1
2019-01-09,Alta,Baixa,-2.71,-1.00,0
2019-01-10,Baixa,Baixa,-2.68,-0.68,0
2019-01-11,Alta,Baixa,-2.64,0.25,1
2019-01-14,Baixa,Baixa,-2.76,0.07,2
2019-01-15,Alta,Baixa,-2.66,0.00,0
2019-01-16,Baixa,Baixa,-2.97,-0.44,0
2019-01-17,Baixa,Baixa,-3.04,0.14,1
2019-01-18,Alta,Alta,-3.12,0.54,2
2019-01-22,Baixa,Baixa,-3.44,-1.00,0
2019-01-23,Baixa,Baixa,-3.86,-0.67,0
2019-01-24,Baixa,Baixa,-3.95,0.13,1
2019-01-25,Baixa,Baixa,-4.17,-0.80,0
2019-01-28,Baixa,Baixa,-4.43,-0.48,0
2019-01-29,Baixa,Baixa,-4.05,-0.75,0
2019-01-30,Baixa,Baixa,-3.65,-0.28,0
2019-01-31,Baixa,Baixa,-2.93,0.71,1
2019-02-01,Baixa,Baixa,-2.21,-0.40,0
2019-02-04,Alta,Baixa,-1.14,0.55,1
2019-02-05,Baixa,Baixa,-0.83,-0.20,0
2019-02-06,Baixa,Baixa,-0.71,-0.15,0
2019-02-07,Baixa,Baixa,-0.71,0.51,1
2019-02-08,Baixa,Baixa,-0.77,-1.00,0
2019-02-11,Baixa,Baixa,-1.16,0.00,0
2019-02-12,Alta,Baixa,-0.97,0.87,1
2019-02-13,Alta,Baixa,-0.78,0.00,0
2019-02-14,Alta,Baixa,-0.65,0.60,1
2019-02-15,Alta,Baixa,-0.58,0.56,2
2019-02-19,Alta,Baixa,-0.85,-0.50,0
2019-02-20,Baixa,Baixa,-1.11,0.00,0
2019-02-21,Alta,Baixa,-1.04,0.92,1
2019-02-22,Alta,Baixa,-1.11,0.37,2
2019-02-25,Alta,Alta,-0.65,-0.12,0
2019-02-26,Baixa,Baixa,-0.33,-1.00,0
2019-02-27,Baixa,Baixa,-0.39,0.00,0
2019-02-28,Baixa,Baixa,-0.46,0.21,1
2019-03-01,Alta,Baixa,-0.26,-0.68,0
2019-03-04,Baixa,Baixa,-0.39,-0.22,0
2019-03-05,Baixa,Baixa,-0.20,-0.07,0
2019-03-06,Alta,Baixa,0.33,0.70,1
2019-03-07,Baixa,Baixa,0.00,0.43,2
2019-03-08,Baixa,Baixa,-0.53,0.17,3
2019-03-11,Baixa,Baixa,-0.86,-0.67,0
2019-03-12,Baixa,Baixa,-1.06,-0.07,0
2019-03-13,Alta,Baixa,-1.25,0.29,1
2019-03-14,Baixa,Baixa,-1.06,-0.49,0
2019-03-15,Alta,Baixa,-0.80,-0.50,0
2019-03-18,Baixa,Baixa,-0.73,-0.32,0
2019-03-19,Baixa,Baixa,-1.07,0.19,1
2019-03-20,Baixa,Baixa,-1.47,-0.43,0
2019-03-21,Baixa,Baixa,-1.87,-0.52,0
2019-03-22,Alta,Alta,-1.74,0.60,1
2019-03-25,Alta,Alta,-1.74,-0.36,0
2019-03-26,Baixa,Baixa,-1.62,-0.22,0
2019-03-27,Alta,Alta,-1.35,-0.14,0
2019-03-28,Alta,Alta,-0.95,0.14,1
2019-03-29,Alta,Alta,-1.09,-0.15,0
2019-04-01,Baixa,Baixa,-1.16,-0.72,0
2019-04-02,Baixa,Baixa,-1.16,0.70,1
2019-04-03,Baixa,Baixa,-1.17,-1.00,0
2019-04-04,Baixa,Baixa,-1.24,-0.34,0
2019-04-05,Baixa,Baixa,-1.31,0.43,1
2019-04-08,Alta,Alta,-1.10,0.39,2
2019-04-09,Alta,Baixa,-0.83,-0.69,0
2019-04-10,Alta,Alta,-0.62,0.00,0
2019-04-11,Alta,Alta,-0.28,0.10,1
2019-04-12,Baixa,Baixa,-0.21,-0.73,0
2019-04-15,Baixa,Baixa,-0.14,-0.24,0
2019-04-16,Alta,Alta,-0.21,0.55,1
2019-04-17,Baixa,Baixa,-0.21,-0.30,0
2019-04-18,Alta,Alta,-0.21,0.45,1
2019-04-22,Alta,Alta,0.00,0.34,2
2019-04-23,Alta,Alta,0.21,-0.10,0
2019-04-24,Baixa,Alta,0.49,-0.41,0
2019-04-25,Alta,Alta,0.56,0.30,1
2019-04-26,Alta,Alta,0.63,0.64,2
2019-04-29,Alta,Alta,0.70,0.19,3
2019-04-30,Alta,Alta,0.77,-0.09,0
2019-05-01,Alta,Alta,1.05,0.36,1
2019-05-02,Alta,Alta,1.32,-0.87,0
2019-05-03,Alta,Alta,1.46,-0.02,0
2019-05-06,Alta,Alta,1.53,-0.62,0
2019-05-07,Alta,Alta,1.52,-0.36,0
2019-05-08,Alta,Alta,1.59,-1.00,0
2019-05-09,Baixa,Alta,1.58,-0.74,0
2019-05-10,Alta,Alta,1.78,0.60,1
2019-05-13,Baixa,Alta,1.85,-0.83,0
2019-05-14,Baixa,Alta,1.77,-0.86,0
2019-05-15,Baixa,Alta,1.43,-0.55,0
2019-05-16,Baixa,Baixa,1.08,-0.80,0
2019-05-17,Baixa,Alta,0.74,0.37,1
2019-05-20,Baixa,Baixa,0.54,-0.65,0
2019-05-21,Baixa,Baixa,0.40,0.29,1
2019-05-22,Baixa,Baixa,-0.07,-1.00,0
2019-05-23,Baixa,Baixa,-0.47,0.50,1
2019-05-24,Baixa,Baixa,-1.00,-0.88,0
2019-05-28,Baixa,Baixa,-1.60,-0.42,0
2019-05-29,Baixa,Baixa,-2.14,-0.30,0
2019-05-30,Baixa,Baixa,-2.28,0.17,1
2019-05-31,Baixa,Baixa,-2.35,-0.87,0
2019-06-03,Baixa,Baixa,-2.36,0.26,1
2019-06-04,Baixa,Baixa,-2.65,0.33,2
2019-06-05,Baixa,Baixa,-2.93,-0.63,0
2019-06-06,Baixa,Baixa,-3.02,-0.31,0
2019-06-07,Baixa,Baixa,-3.24,-0.67,0
2019-06-10,Alta,Baixa,-3.46,0.40,1
2019-06-11,Alta,Baixa,-3.28,-0.96,0
2019-06-12,Baixa,Baixa,-3.16,-0.44,0
2019-06-13,Baixa,Baixa,-3.32,0.03,1
2019-06-14,Baixa,Baixa,-3.35,0.00,0
2019-06-17,Baixa,Baixa,-3.44,0.23,1
2019-06-18,Baixa,Baixa,-3.46,-0.36,0
2019-06-19,Baixa,Baixa,-3.63,0.84,1
2019-06-20,Alta,Baixa,-3.51,0.38,2
2019-06-21,Alta,Baixa,-3.46,0.17,3
2019-06-24,Alta,Baixa,-3.41,-0.34,0
2019-06-25,Alta,Baixa,-3.36,-0.38,0
2019-06-26,Baixa,Baixa,-3.24,-1.00,0
2019-06-27,Baixa,Baixa,-3.48,-0.22,0
2019-06-28,Baixa,Baixa,-3.51,0.03,1
2019-07-01,Baixa,Baixa,-3.69,-0.09,0
2019-07-02,Alta,Baixa,-3.79,-0.33,0
2019-07-03,Baixa,Baixa,-3.89,-0.86,0
2019-07-05,Baixa,Baixa,-3.85,-0.21,0
2019-07-08,Baixa,Baixa,-4.03,0.07,1
2019-07-09,Baixa,Baixa,-4.15,-0.62,0
2019-07-10,Baixa,Baixa,-4.50,0.00,0
2019-07-11,Baixa,Baixa,-4.86,0.00,0
2019-07-12,Baixa,Baixa,-5.47,0.00,0
2019-07-15,Baixa,Baixa,-5.93,-0.81,0
2019-07-16,Baixa,Baixa,-6.41,-0.02,0
2019-07-17,Baixa,Baixa,-6.81,0.00,0
2019-07-18,Baixa,Baixa,-7.40,-0.62,0
2019-07-19,Baixa,Baixa,-7.69,0.69,1
2019-07-22,Alta,Baixa,-7.88,0.81,2
2019-07-23,Alta,Baixa,-8.00,-0.44,0
2019-07-24,Alta,Baixa,-7.94,0.00,0
2019-07-25,Alta,Baixa,-7.35,0.20,1
2019-07-26,Alta,Baixa,-6.74,-1.00,0
2019-07-29,Alta,Alta,-5.99,-0.96,0
2019-07-30,Alta,Alta,-5.12,0.72,1
2019-07-31,Alta,Alta,-4.22,0.21,2
2019-08-01,Alta,Alta,-3.77,-0.24,0
2019-08-02,Alta,Alta,-2.41,0.56,1
2019-08-05,Alta,Alta,-1.52,-0.64,0
2019-08-06,Alta,Alta,-0.61,0.00,0
2019-08-07,Baixa,Alta,0.20,-0.20,0
2019-08-08,Baixa,Alta,1.13,-0.90,0
2019-08-09,Baixa,Alta,0.92,-1.00,0
2019-08-12,Baixa,Alta,1.13,0.17,1
2019-08-13,Baixa,Baixa,0.61,-0.83,0
2019-08-14,Baixa,Baixa,-0.10,0.00,0
2019-08-15,Baixa,Baixa,-0.61,0.20,1
2019-08-16,Baixa,Baixa,-1.02,-0.72,0
2019-08-19,Baixa,Baixa,-1.52,0.47,1
2019-08-20,Baixa,Baixa,-1.73,-1.00,0
2019-08-21,Alta,Baixa,-1.74,0.91,1
2019-08-22,Baixa,Baixa,-1.85,-0.55,0
2019-08-23,Baixa,Baixa,-1.95,0.80,1
2019-08-26,Baixa,Baixa,-2.27,-0.40,0
2019-08-27,Baixa,Baixa,-2.28,0.00,0
2019-08-28,Baixa,Baixa,-2.39,-0.10,0
2019-08-29,Alta,Baixa,-2.30,0.77,1
2019-08-30,Alta,Baixa,-2.31,0.28,2
2019-09-03,Alta,Baixa,-2.22,-0.52,0
2019-09-04,Baixa,Baixa,-2.23,-0.97,0
2019-09-05,Alta,Baixa,-2.13,0.10,1
2019-09-06,Alta,Baixa,-2.14,0.10,2
2019-09-09,Baixa,Baixa,-2.04,-0.25,0
2019-09-10,Baixa,Baixa,-2.05,0.32,1
2019-09-11,Alta,Baixa,-1.84,0.82,2
2019-09-12,Alta,Baixa,-1.74,1.00,3
2019-09-13,Alta,Baixa,-1.75,-0.71,0
2019-09-16,Alta,Baixa,-1.75,0.00,0
2019-09-17,Baixa,Baixa,-1.76,-0.95,0
2019-09-18,Baixa,Baixa,-1.88,-0.18,0
2019-09-19,Baixa,Baixa,-2.00,-0.30,0
2019-09-20,Baixa,Baixa,-2.22,-0.48,0
2019-09-23,Baixa,Baixa,-2.46,-0.17,0
2019-09-24,Baixa,Baixa,-2.35,-0.90,0
2019-09-25,Baixa,Baixa,-2.36,-0.48,0
2019-09-26,Baixa,Baixa,-2.26,0.27,1
2019-09-27,Baixa,Baixa,-2.05,0.10,2
2019-09-30,Baixa,Baixa,-1.95,-0.57,0
2019-10-01,Baixa,Baixa,-2.30,-0.69,0
2019-10-02,Baixa,Baixa,-2.42,0.16,1
2019-10-03,Alta,Baixa,-2.66,0.17,2
2019-10-04,Baixa,Baixa,-3.25,-0.60,0
2019-10-07,Baixa,Baixa,-3.73,-0.26,0
2019-10-08,Baixa,Baixa,-4.23,-0.80,0
2019-10-09,Alta,Baixa,-4.96,-0.60,0
2019-10-10,Baixa,Baixa,-5.83,-0.93,0
2019-10-11,Baixa,Baixa,-6.24,-0.87,0
2019-10-14,Baixa,Baixa,-7.03,0.00,0
2019-10-15,Baixa,Baixa,-7.48,-0.36,0
2019-10-16,Baixa,Baixa,-7.96,-0.25,0
2019-10-17,Baixa,Baixa,-8.21,0.05,1
2019-10-18,Baixa,Baixa,-8.58,0.09,2
2019-10-21,Baixa,Baixa,-8.47,-0.08,0
2019-10-22,Baixa,Baixa,-8.49,-0.41,0
2019-10-23,Alta,Baixa,-7.57,-0.16,0
2019-10-24,Alta,Baixa,-6.88,0.00,0
2019-10-25,Alta,Baixa,-5.88,0.34,1
2019-10-28,Alta,Baixa,-5.13,-0.45,0
2019-10-29,Baixa,Baixa,-4.49,-0.54,0
2019-10-30,Baixa,Baixa,-4.68,0.02,1
2019-10-31,Baixa,Baixa,-4.73,-0.13,0
2019-11-01,Baixa,Baixa,-4.91,-0.50,0
2019-11-04,Baixa,Baixa,-4.80,0.50,1
2019-11-05,Baixa,Baixa,-4.40,-0.34,0
2019-11-06,Baixa,Baixa,-3.99,-0.41,0
2019-11-07,Baixa,Baixa,-3.72,-0.34,0
2019-11-08,Alta,Baixa,-3.76,-0.05,0
2019-11-11,Baixa,Baixa,-4.10,-0.63,0
2019-11-12,Alta,Baixa,-4.60,0.29,1
2019-11-13,Baixa,Baixa,-4.95,-0.67,0
2019-11-14,Baixa,Baixa,-5.48,-0.85,0
2019-11-15,Baixa,Baixa,-5.69,-0.20,0
2019-11-18,Alta,Alta,21.05,-0.56,0
2019-11-19,Alta,Alta,47.59,-0.34,0
2019-11-20,Alta,Alta,73.28,-0.03,0
2019-11-21,Alta,Alta,102.21,0.98,1
2019-11-22,Alta,Alta,130.34,-0.29,0
2019-11-25,Alta,Alta,100.54,-0.74,0
2019-11-26,Baixa,Alta,82.75,0.57,1
2019-11-27,Baixa,Alta,71.48,-0.16,0
2019-11-29,Baixa,Alta,61.33,-1.00,0
2019-12-02,Alta,Alta,57.34,1.00,1
2019-12-03,Alta,Alta,61.72,-0.45,0
2019-12-04,Alta,Alta,67.92,0.43,1
2019-12-05,Alta,Alta,72.45,-0.61,0
2019-12-06,Alta,Alta,76.71,0.53,1
2019-12-09,Alta,Alta,76.17,-0.18,0
2019-12-10,Baixa,Alta,66.57,-0.65,0
2019-12-11,Baixa,Alta,56.25,0.27,1
2019-12-12,Baixa,Alta,47.95,-0.27,0
2019-12-13,Baixa,Alta,40.19,-0.79,0
2019-12-16,Baixa,Alta,34.05,-0.79,0
2019-12-17,Baixa,Alta,30.46,0.24,1
2019-12-18,Baixa,Alta,27.35,0.53,2
2019-12-19,Baixa,Alta,25.16,-0.05,0
2019-12-20,Alta,Alta,23.97,0.28,1
2019-12-23,Alta,Alta,23.35,0.61,2
2019-12-24,Alta,Alta,22.69,-0.11,0
2019-12-26,Alta,Alta,21.88,-0.47,0
2019-12-27,Alta,Alta,21.20,0.57,1
2019-12-30,Baixa,Alta,20.29,-0.43,0
2019-12-31,Alta,Alta,19.65,0.48,1
2020-01-02,Alta,Alta,19.03,-0.10,0
2020-01-03,Baixa,Alta,18.39,-0.11,0
2020-01-06,Alta,Alta,17.78,0.18,1
2020-01-07,Baixa,Alta,17.19,-0.26,0
2020-01-08,Baixa,Alta,16.42,0.16,1
2020-01-09,Alta,Alta,16.41,0.96,2
2020-01-10,Alta,Alta,16.33,-0.61,0
2020-01-13,Alta,Alta,16.17,-0.44,0
2020-01-14,Alta,Alta,16.37,0.85,1
2020-01-15,Alta,Alta,16.36,-1.00,0
2020-01-16,Alta,Alta,15.83,0.25,1
2020-01-17,Alta,Alta,15.89,0.64,2
2020-01-21,Alta,Alta,16.07,0.24,3
2020-01-22,Alta,Alta,15.99,-0.55,0
2020-01-23,Alta,Alta,15.92,-0.45,0
2020-01-24,Baixa,Alta,15.59,-0.61,0
2020-01-27,Baixa,Alta,14.84,-0.76,0
2020-01-28,Baixa,Alta,14.14,0.45,1
2020-01-29,Alta,Alta,13.76,0.72,2
2020-01-30,Alta,Alta,13.50,-0.98,0
2020-01-31,Baixa,Alta,11.74,-1.00,0
2020-02-03,Alta,Alta,10.34,0.44,1
2020-02-04,Alta,Alta,9.24,0.62,2
2020-02-05,Alta,Alta,7.97,0.13,3
2020-02-06,Alta,Alta,6.98,0.39,4
2020-02-07,Alta,Alta,7.54,-0.54,0
2020-02-10,Alta,Alta,7.80,-0.61,0
2020-02-11,Alta,Alta,7.75,0.22,1
2020-02-12,Baixa,Alta,7.49,-0.63,0
2020-02-13,Baixa,Alta,6.92,0.05,1
2020-02-14,Baixa,Alta,5.64,-0.27,0
2020-02-18,Alta,Alta,4.27,0.91,1
2020-02-19,Baixa,Alta,2.89,-0.99,0
2020-02-20,Alta,Alta,1.79,0.51,1
2020-02-21,Alta,Alta,0.86,-1.00,0
2020-02-24,Baixa,Alta,0.96,0.55,1
2020-02-25,Baixa,Alta,1.11,-0.54,0
2020-02-26,Baixa,Alta,1.30,-0.95,0
2020-02-27,Baixa,Baixa,1.52,-0.65,0
2020-02-28,Baixa,Baixa,1.76,0.67,1
2020-03-02,Baixa,Alta,1.87,0.45,2
2020-03-03,Baixa,Alta,2.08,-0.80,0
2020-03-04,Alta,Alta,2.29,-0.07,0
2020-03-05,Alta,Alta,2.52,-0.50,0
2020-03-06,Alta,Alta,2.60,-0.45,0
2020-03-09,Baixa,Baixa,2.17,-0.92,0
2020-03-10,Baixa,Baixa,1.87,-0.14,0
2020-03-11,Baixa,Baixa,1.42,-0.83,0
2020-03-12,Baixa,Baixa,0.89,0.33,1
2020-03-13,Baixa,Baixa,0.19,-0.74,0
2020-03-16,Baixa,Baixa,-0.43,-0.60,0
2020-03-17,Baixa,Baixa,-0.99,0.10,1
2020-03-18,Baixa,Baixa,-1.71,-1.00,0
2020-03-19,Baixa,Baixa,-2.36,-0.35,0
2020-03-20,Baixa,Baixa,-2.65,1.00,1
2020-03-23,Alta,Baixa,-2.93,0.37,2
2020-03-24,Alta,Baixa,-3.00,0.30,3
2020-03-25,Alta,Baixa,-2.49,0.66,4
2020-03-26,Alta,Baixa,-1.93,0.27,5
2020-03-27,Alta,Baixa,-1.51,-0.60,0
2020-03-30,Alta,Baixa,-1.00,-0.35,0
2020-03-31,Alta,Baixa,-0.94,0.20,1
2020-04-01,Baixa,Baixa,-1.53,-0.84,0
2020-04-02,Baixa,Baixa,-2.10,-0.63,0
2020-04-03,Baixa,Baixa,-2.81,-0.99,0
2020-04-06,Baixa,Baixa,-3.05,0.25,1
2020-04-07,Alta,Baixa,-3.04,0.47,2
2020-04-08,Alta,Baixa,-2.81,0.22,3
2020-04-09,Alta,Baixa,-2.65,0.61,4
2020-04-13,Alta,Baixa,-2.33,0.04,5
2020-04-14,Alta,Baixa,-2.13,-0.34,0
2020-04-15,Baixa,Baixa,-2.28,-0.57,0
2020-04-16,Baixa,Baixa,-2.57,-0.62,0
2020-04-17,Baixa,Baixa,-2.90,-0.09,0
2020-04-20,Baixa,Baixa,-3.41,0.33,1
2020-04-21,Baixa,Baixa,-3.99,-0.12,0
2020-04-22,Alta,Baixa,-4.16,0.86,1
2020-04-23,Baixa,Baixa,-4.31,-0.43,0
2020-04-24,Alta,Alta,-3.78,0.78,1
2020-04-27,Alta,Alta,-2.68,0.77,2
2020-04-28,Alta,Alta,-2.21,-0.77,0
2020-04-29,Alta,Alta,-1.78,0.16,1
2020-04-30,Alta,Alta,-1.19,-0.21,0
2020-05-01,Baixa,Alta,-1.52,-0.35,0
2020-05-04,Baixa,Alta,-2.16,0.33,1
2020-05-05,Baixa,Alta,-2.27,-0.11,0
2020-05-06,Alta,Alta,-2.08,0.51,1
2020-05-07,Alta,Alta,-1.76,-0.81,0
2020-05-08,Alta,Alta,-1.01,-0.24,0
2020-05-11,Alta,Alta,-0.30,0.87,1
2020-05-12,Baixa,Alta,-0.08,-0.45,0
2020-05-13,Baixa,Alta,-0.29,-0.52,0
2020-05-14,Baixa,Alta,-0.62,0.38,1
2020-05-15,Baixa,Alta,-1.17,0.06,2
2020-05-18,Baixa,Alta,-1.77,-0.78,0
2020-05-19,Baixa,Alta,-1.44,0.27,1
2020-05-20,Alta,Alta,-1.11,0.17,2
2020-05-21,Baixa,Alta,-0.65,0.07,3
2020-05-22,Baixa,Alta,0.01,0.58,4
2020-05-26,Baixa,Baixa,0.67,-0.91,0
2020-05-27,Baixa,Baixa,1.19,-0.51,0
2020-05-28,Baixa,Baixa,1.65,0.12,1
2020-05-29,Baixa,Baixa,2.34,-0.42,0
2020-06-01,Baixa,Baixa,2.98,-0.08,0
2020-06-02,Baixa,Baixa,3.29,-0.70,0
2020-06-03,Baixa,Baixa,3.12,-0.46,0
2020-06-04,Baixa,Baixa,2.75,0.06,1
2020-06-05,Baixa,Baixa,1.70,-0.25,0
2020-06-08,Baixa,Baixa,0.48,-0.11,0
2020-06-09,Alta,Baixa,-0.31,0.15,1
2020-06-10,Baixa,Baixa,-0.89,-0.51,0
2020-06-11,Alta,Alta,-1.00,-0.47,0
2020-06-12,Alta,Baixa,-0.56,-0.34,0
2020-06-15,Alta,Alta,0.04,0.61,1
2020-06-16,Alta,Baixa,0.77,0.02,2
2020-06-17,Alta,Baixa,1.20,-0.23,0
2020-06-18,Alta,Baixa,1.32,-0.69,0
2020-06-19,Baixa,Baixa,1.28,-0.47,0
2020-06-22,Alta,Baixa,1.04,-0.44,0
2020-06-23,Baixa,Baixa,0.50,-0.84,0
2020-06-24,Baixa,Baixa,0.19,-0.21,0
2020-06-25,Baixa,Baixa,0.10,0.04,1
2020-06-26,Baixa,Baixa,-0.06,-0.41,0
2020-06-29,Baixa,Baixa,-0.07,0.12,1
2020-06-30,Baixa,Baixa,0.00,0.80,2
2020-07-01,Alta,Baixa,0.18,0.63,3
2020-07-02,Baixa,Baixa,0.05,-0.89,0
2020-07-06,Alta,Baixa,0.16,-0.61,0
2020-07-07,Alta,Alta,-0.01,0.56,1
2020-07-08,Alta,Alta,-0.81,-0.26,0
2020-07-09,Alta,Alta,-1.07,0.50,1
2020-07-10,Alta,Alta,-1.35,-0.15,0
2020-07-13,Alta,Alta,-1.69,0.17,1
2020-07-14,Baixa,Baixa,-1.71,-0.89,0
2020-07-15,Baixa,Baixa,-1.21,-0.88,0
2020-07-16,Baixa,Baixa,-1.33,-0.22,0
2020-07-17,Baixa,Baixa,-1.50,-0.74,0
2020-07-20,Alta,Alta,-1.54,0.76,1
2020-07-21,Alta,Alta,-1.67,-0.62,0
2020-07-22,Alta,Alta,-1.71,0.20,1
2020-07-23,Alta,Alta,-1.28,0.73,2
2020-07-24,Alta,Alta,-0.39,0.43,3
2020-07-27,Alta,Alta,0.21,-0.45,0
2020-07-28,Alta,Alta,0.87,0.29,1
2020-07-29,Alta,Alta,1.58,0.22,2
2020-07-30,Alta,Alta,1.74,-0.15,0
2020-07-31,Alta,Alta,3.04,0.60,1
2020-08-03,Alta,Alta,4.90,0.80,2
2020-08-04,Alta,Alta,6.66,-0.12,0
2020-08-05,Alta,Alta,9.57,0.18,1
2020-08-06,Alta,Alta,12.71,0.36,2
2020-08-07,Alta,Alta,14.15,-0.31,0
2020-08-10,Baixa,Alta,14.31,-0.57,0
2020-08-11,Baixa,Alta,14.10,-0.83,0
2020-08-12,Baixa,Alta,13.00,-0.44,0
2020-08-13,Alta,Alta,12.28,0.50,1
2020-08-14,Alta,Alta,11.87,0.11,2
2020-08-17,Alta,Alta,12.65,0.82,3
2020-08-18,Alta,Alta,13.82,-0.05,0
2020-08-19,Alta,Alta,15.01,0.50,1
2020-08-20,Alta,Alta,15.56,0.04,2
2020-08-21,Alta,Alta,15.41,-0.53,0
2020-08-24,Baixa,Alta,14.35,-0.62,0
2020-08-25,Baixa,Alta,13.55,0.85,1
2020-08-26,Baixa,Alta,12.10,-0.87,0
2020-08-27,Baixa,Alta,10.85,0.36,1
2020-08-28,Baixa,Alta,10.01,-0.81,0
2020-08-31,Baixa,Alta,9.71,0.08,1
2020-09-01,Baixa,Alta,9.10,-0.79,0
2020-09-02,Baixa,Alta,8.93,0.70,1
2020-09-03,Baixa,Alta,8.71,0.16,2
2020-09-04,Baixa,Alta,8.67,-0.18,0
2020-09-08,Alta,Alta,8.52,0.34,1
2020-09-09,Baixa,Alta,8.44,-0.31,0
2020-09-10,Baixa,Alta,8.13,-0.78,0
2020-09-11,Baixa,Alta,7.79,-0.30,0
2020-09-14,Alta,Alta,7.86,0.58,1
2020-09-15,Alta,Alta,8.00,0.44,2
2020-09-16,Alta,Alta,8.25,0.50,3
2020-09-17,Alta,Alta,8.41,-0.33,0
2020-09-18,Alta,Alta,8.88,0.76,1
2020-09-21,Alta,Alta,8.90,0.56,2
2020-09-22,Alta,Alta,8.77,0.19,3
2020-09-23,Baixa,Alta,8.50,-0.86,0
2020-09-24,Baixa,Alta,8.20,-0.83,0
2020-09-25,Baixa,Alta,7.80,0.33,1
2020-09-28,Alta,Alta,7.65,0.80,2
2020-09-29,Baixa,Alta,7.25,-0.51,0
2020-09-30,Baixa,Alta,7.05,0.36,1
2020-10-01,Alta,Alta,7.05,0.09,2
2020-10-02,Baixa,Alta,6.78,-0.29,0
2020-10-05,Baixa,Alta,6.26,-0.11,0
2020-10-06,Baixa,Baixa,5.88,-0.86,0
2020-10-07,Baixa,Baixa,5.53,0.46,1
2020-10-08,Baixa,Baixa,5.07,-0.49,0
2020-10-09,Baixa,Baixa,4.75,-0.32,0
2020-10-12,Baixa,Baixa,3.74,-0.98,0
2020-10-13,Baixa,Baixa,2.64,-0.61,0
2020-10-14,Baixa,Baixa,1.57,0.10,1
2020-10-15,Baixa,Baixa,0.10,-0.27,0
2020-10-16,Baixa,Baixa,-1.30,0.62,1
2020-10-19,Baixa,Baixa,-1.87,-0.20,0
2020-10-20,Baixa,Baixa,-2.01,-0.22,0
2020-10-21,Baixa,Baixa,-2.06,-0.44,0
2020-10-22,Baixa,Baixa,-1.69,0.50,1
2020-10-23,Baixa,Baixa,-1.60,-0.70,0
2020-10-26,Baixa,Baixa,-1.60,-0.55,0
2020-10-27,Baixa,Baixa,-2.06,-0.23,0
2020-10-28,Baixa,Baixa,-2.84,-0.68,0
2020-10-29,Baixa,Baixa,-3.79,0.06,1
2020-10-30,Baixa,Baixa,-4.58,-0.69,0
2020-11-02,Baixa,Baixa,-5.06,0.73,1
2020-11-03,Alta,Baixa,-4.93,0.65,2
2020-11-04,Alta,Baixa,-4.82,-0.40,0
2020-11-05,Alta,Baixa,-4.21,0.44,1
2020-11-06,Alta,Baixa,-3.61,-0.81,0
2020-11-09,Baixa,Baixa,-3.19,-0.41,0
2020-11-10,Baixa,Baixa,-3.30,-0.82,0
2020-11-11,Baixa,Baixa,-3.15,-0.03,0
2020-11-12,Alta,Baixa,-3.22,0.30,1
2020-11-13,Alta,Baixa,-2.96,0.64,2
2020-11-16,Alta,Baixa,-2.82,-0.27,0
2020-11-17,Alta,Baixa,-2.58,-0.42,0
2020-11-18,Alta,Baixa,-2.29,0.55,1
2020-11-19,Alta,Baixa,-1.93,0.38,2
2020-11-20,Alta,Baixa,-1.68,0.73,3
2020-11-23,Alta,Baixa,-1.75,-0.56,0
2020-11-24,Baixa,Baixa,-1.96,-0.61,0
2020-11-25,Baixa,Baixa,-2.41,0.17,1
2020-11-27,Baixa,Baixa,-2.78,0.00,0
2020-11-30,Baixa,Baixa,-3.54,-0.56,0
2020-12-01,Baixa,Baixa,-3.92,-0.41,0
2020-12-02,Baixa,Baixa,-4.13,-0.36,0
2020-12-03,Baixa,Baixa,-4.17,-0.79,0
2020-12-04,Baixa,Baixa,-4.10,0.41,1
2020-12-07,Baixa,Baixa,-3.93,-0.61,0
2020-12-08,Baixa,Baixa,-3.96,-0.22,0
2020-12-09,Baixa,Baixa,-3.89,-0.64,0
2020-12-10,Baixa,Baixa,-3.92,0.48,1
2020-12-11,Alta,Baixa,-4.10,0.61,2
2020-12-14,Alta,Alta,-3.91,0.00,0
2020-12-15,Alta,Alta,-3.52,-0.17,0
2020-12-16,Alta,Alta,-2.99,0.41,1
2020-12-17,Alta,Alta,-2.59,-0.21,0
2020-12-18,Alta,Alta,-2.12,0.50,1
2020-12-21,Alta,Alta,-1.76,0.22,2
2020-12-22,Alta,Alta,-1.10,-0.14,0
2020-12-23,Baixa,Alta,-0.72,-0.89,0
2020-12-24,Baixa,Alta,-0.28,-0.32,0
2020-12-28,Alta,Alta,0.18,0.78,1
2020-12-29,Baixa,Alta,0.23,-0.95,0
2020-12-30,Alta,Alta,0.21,0.93,1
2020-12-31,Alta,Alta,0.39,0.23,2
2021-01-04,Alta,Alta,0.85,0.60,3
2021-01-05,Alta,Alta,1.35,0.62,4
2021-01-06,Alta,Alta,2.19,-0.16,0
2021-01-07,Alta,Alta,3.25,0.68,1
2021-01-08,Alta,Alta,3.67,-0.97,0
2021-01-11,Baixa,Alta,3.92,-0.28,0
2021-01-12,Baixa,Alta,3.97,-0.22,0
2021-01-13,Baixa,Alta,4.13,-0.32,0
2021-01-14,Alta,Alta,3.96,0.68,1
2021-01-15,Alta,Alta,4.22,0.20,2
2021-01-19,Alta,Alta,4.73,0.71,3
2021-01-20,Alta,Alta,5.23,-0.01,0
2021-01-21,Alta,Alta,5.84,0.39,1
2021-01-22,Alta,Alta,6.40,0.33,2
2021-01-25,Alta,Alta,7.28,0.22,3
2021-01-26,Alta,Alta,7.87,0.21,4
2021-01-27,Alta,Alta,8.08,-0.28,0
2021-01-28,Alta,Alta,7.98,0.00,0
2021-01-29,Baixa,Alta,7.62,-0.49,0
2021-02-01,Alta,Alta,7.47,0.85,1
2021-02-02,Alta,Alta,7.06,-0.29,0
2021-02-03,Alta,Alta,7.09,0.31,1
2021-02-04,Alta,Alta,7.13,0.38,2
2021-02-05,Alta,Alta,7.39,-0.40,0
2021-02-08,Alta,Alta,7.56,0.67,1
2021-02-09,Alta,Alta,8.05,0.15,2
2021-02-10,Alta,Alta,8.53,-0.15,0
2021-02-11,Alta,Alta,9.23,0.21,1
2021-02-12,Alta,Alta,9.88,0.22,2
2021-02-16,Alta,Alta,9.93,-0.82,0
2021-02-17,Baixa,Alta,9.91,-0.08,0
2021-02-18,Baixa,Alta,9.62,0.00,1
2021-02-19,Baixa,Alta,9.31,0.04,2
2021-02-22,Baixa,Alta,8.93,0.02,3
2021-02-23,Alta,Alta,8.97,0.46,4
2021-02-24,Alta,Alta,8.97,-0.25,0
2021-02-25,Baixa,Alta,8.79,-0.69,0
2021-02-26,Baixa,Alta,8.34,-0.17,0
2021-03-01,Baixa,Alta,7.99,-0.14,0
2021-03-02,Baixa,Alta,7.48,-0.01,0
2021-03-03,Baixa,Alta,6.81,-0.53,0
2021-03-04,Baixa,Alta,6.34,-0.13,0
2021-03-05,Baixa,Baixa,5.73,-0.31,0
2021-03-08,Baixa,Baixa,5.00,0.03,1
2021-03-09,Baixa,Baixa,4.31,0.15,2
2021-03-10,Baixa,Baixa,3.72,-0.39,0
2021-03-11,Baixa,Baixa,3.23,-0.32,0
2021-03-12,Baixa,Baixa,3.04,-0.71,0
2021-03-15,Baixa,Baixa,2.91,0.62,1
2021-03-16,Baixa,Baixa,2.66,-0.18,0
2021-03-17,Baixa,Baixa,2.44,0.44,1
2021-03-18,Baixa,Baixa,2.05,-0.62,0
2021-03-19,Alta,Baixa,1.75,0.45,1
2021-03-22,Alta,Alta,1.62,0.67,2
2021-03-23,Alta,Baixa,1.69,-0.44,0
2021-03-24,Baixa,Baixa,1.64,-0.79,0
2021-03-25,Baixa,Baixa,1.91,0.78,1
2021-03-26,Baixa,Baixa,2.08,-0.03,0
2021-03-29,Baixa,Baixa,1.85,-0.78,0
2021-03-30,Baixa,Baixa,1.47,0.53,1
2021-03-31,Baixa,Baixa,1.10,-0.55,0
2021-04-01,Alta,Baixa,0.68,0.68,1
2021-04-05,Baixa,Baixa,-0.03,-0.76,0
2021-04-06,Baixa,Baixa,-0.43,0.29,1
2021-04-07,Baixa,Baixa,-0.93,0.02,2
2021-04-08,Alta,Baixa,-1.20,0.45,3
2021-04-09,Alta,Baixa,-1.30,0.78,4
2021-04-12,Baixa,Baixa,-1.35,-1.00,0
2021-04-13,Baixa,Baixa,-1.38,-0.31,0
2021-04-14,Baixa,Baixa,-1.53,-0.10,0
2021-04-15,Alta,Baixa,-1.57,0.42,1
2021-04-16,Baixa,Baixa,-1.99,-0.94,0
2021-04-19,Baixa,Baixa,-2.32,-0.55,0
2021-04-20,Baixa,Baixa,-2.78,-0.29,0
2021-04-21,Baixa,Baixa,-3.14,0.60,1
2021-04-22,Alta,Baixa,-3.62,0.37,2
2021-04-23,Alta,Baixa,-4.00,0.13,3
2021-04-26,Alta,Baixa,-4.15,0.90,4
2021-04-27,Alta,Baixa,-4.36,-0.65,0
2021-04-28,Alta,Alta,-4.12,0.76,1
2021-04-29,Alta,Baixa,-3.93,-0.56,0
2021-04-30,Alta,Alta,-3.51,0.83,1
2021-05-03,Alta,Alta,-3.28,0.05,2
2021-05-04,Baixa,Baixa,-3.06,-0.63,0
2021-05-05,Baixa,Baixa,-3.39,-0.71,0
2021-05-06,Baixa,Baixa,-3.79,-0.43,0
2021-05-07,Baixa,Baixa,-4.10,0.43,1
2021-05-10,Baixa,Baixa,-4.40,-0.57,0
2021-05-11,Baixa,Baixa,-4.77,-0.37,0
2021-05-12,Baixa,Baixa,-5.06,0.08,1
2021-05-13,Baixa,Baixa,-5.16,-0.94,0
2021-05-14,Baixa,Baixa,-5.34,-0.08,0
2021-05-17,Baixa,Baixa,-5.20,0.72,1
2021-05-18,Baixa,Baixa,-4.77,0.08,2
2021-05-19,Alta,Baixa,-4.10,0.40,3
2021-05-20,Alta,Baixa,-3.18,0.92,4
2021-05-21,Alta,Baixa,-2.38,0.21,5
2021-05-24,Alta,Baixa,-1.70,0.13,6
2021-05-25,Alta,Baixa,-1.28,-0.66,0
2021-05-26,Alta,Baixa,-0.96,-0.42,0
2021-05-27,Baixa,Baixa,-1.05,-0.62,0
2021-05-28,Baixa,Baixa,-1.14,-0.49,0
2021-06-01,Baixa,Baixa,-1.41,0.02,1
2021-06-02,Alta,Baixa,-1.86,0.65,2
2021-06-03,Alta,Alta,-2.07,0.78,3
2021-06-04,Alta,Alta,-1.73,0.76,4
2021-06-07,Alta,Alta,-1.48,0.36,5
2021-06-08,Alta,Alta,-1.12,0.26,6
2021-06-09,Alta,Alta,-0.28,-0.38,0
2021-06-10,Alta,Alta,0.21,-0.48,0
2021-06-11,Baixa,Alta,0.24,-0.46,0
2021-06-14,Alta,Alta,0.29,0.32,1
2021-06-15,Alta,Alta,0.59,0.16,2
2021-06-16,Alta,Alta,0.68,0.25,3
2021-06-17,Alta,Alta,0.97,0.50,4
2021-06-18,Alta,Alta,1.12,-0.04,0
2021-06-21,Baixa,Alta,1.10,-0.52,0
2021-06-22,Baixa,Alta,0.89,-0.42,0
2021-06-23,Alta,Alta,1.01,0.89,1
2021-06-24,Alta,Alta,1.10,0.36,2
2021-06-25,Alta,Alta,1.24,0.00,0
2021-06-28,Alta,Alta,1.69,-0.16,0
2021-06-29,Alta,Alta,2.07,-0.64,0
2021-06-30,Baixa,Alta,2.24,-0.49,0
2021-07-01,Baixa,Alta,2.20,-0.48,0
2021-07-02,Baixa,Alta,2.08,-0.25,0
2021-07-06,Baixa,Alta,1.81,-0.58,0
2021-07-07,Baixa,Baixa,1.12,-0.53,0
2021-07-08,Baixa,Baixa,0.47,0.09,1
2021-07-09,Baixa,Baixa,-0.24,-0.31,0
2021-07-12,Alta,Alta,-0.53,0.58,1
2021-07-13,Baixa,Alta,-0.95,-0.62,0
2021-07-14,Baixa,Baixa,-1.22,-0.89,0
2021-07-15,Baixa,Baixa,-1.44,-0.73,0
2021-07-16,Baixa,Baixa,-1.41,-0.76,0
2021-07-19,Baixa,Baixa,-1.56,0.23,1
2021-07-20,Baixa,Baixa,-1.58,0.41,2
2021-07-21,Baixa,Baixa,-1.22,0.72,3
2021-07-22,Baixa,Baixa,-0.87,-0.74,0
2021-07-23,Baixa,Baixa,-0.54,-0.55,0
2021-07-26,Baixa,Baixa,-0.19,-0.53,0
2021-07-27,Baixa,Baixa,0.06,-0.64,0
2021-07-28,Baixa,Baixa,0.16,0.39,1
2021-07-29,Baixa,Baixa,0.15,-0.23,0
2021-07-30,Baixa,Baixa,0.03,0.36,1
2021-08-02,Baixa,Baixa,-0.39,0.01,2
2021-08-03,Baixa,Baixa,-0.76,-0.51,0
2021-08-04,Baixa,Baixa,-1.21,-0.30,0
2021-08-05,Alta,Baixa,-1.50,0.81,1
2021-08-06,Alta,Baixa,-1.67,0.16,2
2021-08-09,Alta,Baixa,-1.59,-0.27,0
2021-08-10,Baixa,Baixa,-1.47,-0.71,0
2021-08-11,Baixa,Baixa,-1.37,-0.54,0
2021-08-12,Baixa,Baixa,-1.61,-0.50,0
2021-08-13,Baixa,Baixa,-2.07,-0.84,0
2021-08-16,Baixa,Baixa,-2.90,-0.58,0
2021-08-17,Baixa,Baixa,-3.74,-0.05,0
2021-08-18,Baixa,Baixa,-4.50,0.36,1
2021-08-19,Baixa,Baixa,-5.08,-0.58,0
2021-08-20,Alta,Baixa,-5.35,0.87,1
2021-08-23,Alta,Baixa,-5.25,0.14,2
2021-08-24,Alta,Baixa,-5.12,0.67,3
2021-08-25,Alta,Baixa,-5.05,-0.10,0
2021-08-26,Alta,Baixa,-4.97,0.25,1
2021-08-27,Alta,Baixa,-5.07,0.70,2
2021-08-30,Alta,Baixa,-5.24,-0.91,0
2021-08-31,Alta,Baixa,-5.16,0.70,1
2021-09-01,Alta,Baixa,-4.95,-0.16,0
2021-09-02,Alta,Baixa,-4.87,0.50,1
2021-09-03,Alta,Baixa,-4.88,0.13,2
2021-09-07,Baixa,Baixa,-5.02,-0.70,0
2021-09-08,Baixa,Baixa,-5.34,0.26,1
2021-09-09,Baixa,Baixa,-5.63,0.51,2
2021-09-10,Baixa,Baixa,-5.74,-0.11,0
2021-09-13,Baixa,Baixa,-5.75,-0.43,0
2021-09-14,Baixa,Baixa,-5.58,-0.31,0
2021-09-15,Alta,Baixa,-5.37,0.72,1
2021-09-16,Alta,Baixa,-5.09,0.57,2
2021-09-17,Alta,Alta,-4.60,0.76,3
2021-09-20,Alta,Baixa,-4.28,-0.31,0
2021-09-21,Alta,Baixa,-4.16,0.23,1
2021-09-22,Alta,Baixa,-3.98,0.21,2
2021-09-23,Alta,Alta,-3.68,0.19,3
2021-09-24,Alta,Alta,-3.47,0.27,4
2021-09-27,Alta,Alta,-2.98,0.51,5
2021-09-28,Baixa,Baixa,-2.43,-0.82,0
2021-09-29,Baixa,Baixa,-2.12,-0.41,0
2021-09-30,Alta,Alta,-2.03,0.80,1
2021-10-01,Baixa,Alta,-1.99,-0.12,0
2021-10-04,Baixa,Baixa,-2.17,-0.88,0
2021-10-05,Baixa,Baixa,-2.12,0.08,1
2021-10-06,Baixa,Baixa,-1.87,0.48,2
2021-10-07,Alta,Alta,-1.66,0.26,3
2021-10-08,Baixa,Baixa,-1.59,-0.53,0
2021-10-11,Baixa,Baixa,-1.49,-0.34,0
2021-10-12,Alta,Alta,-1.32,0.89,1
2021-10-13,Alta,Alta,-1.21,0.37,2
2021-10-14,Alta,Alta,-0.64,0.62,3
2021-10-15,Alta,Alta,-0.13,0.02,4
2021-10-18,Alta,Alta,0.30,-0.72,0
2021-10-19,Alta,Alta,0.81,0.61,1
2021-10-20,Alta,Alta,1.34,0.01,2
2021-10-21,Alta,Alta,1.41,-0.28,0
2021-10-22,Baixa,Alta,1.69,0.47,1
2021-10-25,Baixa,Alta,2.20,-0.15,0
2021-10-26,Baixa,Alta,2.75,0.04,1
2021-10-27,Baixa,Alta,3.11,-0.66,0
2021-10-28,Alta,Alta,3.47,0.38,1
2021-10-29,Alta,Alta,3.83,0.47,2
2021-11-01,Alta,Alta,4.23,0.84,3
2021-11-02,Alta,Alta,4.43,0.37,4
2021-11-03,Alta,Alta,4.66,0.38,5
2021-11-04,Alta,Alta,4.82,-0.51,0
2021-11-05,Alta,Alta,4.85,-0.07,0
2021-11-08,Alta,Alta,4.70,0.19,1
2021-11-09,Baixa,Alta,4.51,-0.37,0
2021-11-10,Baixa,Alta,4.10,-0.34,0
2021-11-11,Baixa,Alta,3.73,-0.11,0
2021-11-12,Baixa,Alta,3.24,-0.92,0
2021-11-15,Baixa,Alta,2.77,-0.52,0
2021-11-16,Baixa,Alta,2.40,-0.39,0
2021-11-17,Baixa,Alta,2.29,0.33,1
2021-11-18,Baixa,Alta,2.08,-0.66,0
2021-11-19,Baixa,Alta,2.14,0.65,1
2021-11-22,Baixa,Alta,2.21,-0.56,0
2021-11-23,Baixa,Alta,2.20,0.22,1
2021-11-24,Baixa,Alta,2.13,-0.17,0
2021-11-26,Baixa,Alta,2.11,-0.04,0
2021-11-29,Baixa,Alta,1.79,-0.15,0
2021-11-30,Baixa,Alta,1.66,0.22,1
2021-12-01,Baixa,Baixa,1.38,-0.73,0
2021-12-02,Baixa,Baixa,1.19,0.39,1
2021-12-03,Baixa,Baixa,1.02,-0.13,0
2021-12-06,Baixa,Baixa,0.94,-0.19,0
2021-12-07,Baixa,Baixa,0.64,-0.27,0
2021-12-08,Baixa,Baixa,0.63,0.10,1
2021-12-09,Baixa,Baixa,0.56,-0.49,0
2021-12-10,Baixa,Baixa,0.45,0.09,1
2021-12-13,Alta,Baixa,0.50,0.27,2
2021-12-14,Baixa,Baixa,0.63,-0.44,0
2021-12-15,Baixa,Baixa,0.65,0.41,1
2021-12-16,Baixa,Baixa,0.57,-0.18,0
2021-12-17,Baixa,Baixa,0.57,-0.05,0
2021-12-20,Baixa,Baixa,0.50,-0.06,0
2021-12-21,Baixa,Baixa,0.47,0.53,1
2021-12-22,Alta,Baixa,0.30,-0.05,0
2021-12-23,Alta,Baixa,0.27,0.41,1
2021-12-27,Baixa,Baixa,-0.15,-0.47,0
2021-12-28,Baixa,Baixa,-0.61,-0.32,0
2021-12-29,Baixa,Baixa,-1.09,-0.24,0
2021-12-30,Baixa,Baixa,-1.59,-0.14,0
2021-12-31,Baixa,Baixa,-2.06,0.18,1
2022-01-03,Alta,Baixa,-2.02,0.51,2
2022-01-04,Baixa,Baixa,-2.00,-0.76,0
2022-01-05,Baixa,Baixa,-2.13,-0.80,0
2022-01-06,Baixa,Baixa,-2.25,-0.59,0
2022-01-07,Baixa,Baixa,-2.34,-0.30,0
2022-01-10,Baixa,Baixa,-2.68,-0.38,0
2022-01-11,Baixa,Baixa,-2.97,0.37,1
2022-01-12,Baixa,Baixa,-3.44,-0.72,0
2022-01-13,Baixa,Baixa,-3.95,-0.08,0
2022-01-14,Baixa,Baixa,-4.57,0.20,1
2022-01-18,Baixa,Baixa,-5.08,-0.30,0
2022-01-19,Baixa,Baixa,-5.63,-0.47,0
2022-01-20,Baixa,Baixa,-6.06,-0.60,0
2022-01-21,Baixa,Baixa,-6.41,-0.67,0
2022-01-24,Baixa,Baixa,-6.47,0.78,1
2022-01-25,Baixa,Baixa,-6.58,-0.17,0
2022-01-26,Baixa,Baixa,-6.62,-0.59,0
2022-01-27,Baixa,Baixa,-6.54,-0.70,0
2022-01-28,Baixa,Baixa,-6.27,0.57,1
2022-01-31,Alta,Baixa,-6.23,0.59,2
2022-02-01,Alta,Baixa,-6.06,-0.04,0
2022-02-02,Baixa,Baixa,-6.04,-0.65,0
2022-02-03,Baixa,Baixa,-6.00,-0.77,0
2022-02-04,Baixa,Baixa,-6.06,0.20,1
2022-02-07,Alta,Baixa,-6.08,0.18,2
2022-02-08,Alta,Baixa,-6.09,0.78,3
2022-02-09,Alta,Baixa,-5.91,0.49,4
2022-02-10,Alta,Baixa,-5.78,0.33,5
2022-02-11,Alta,Baixa,-5.56,-0.17,0
2022-02-14,Baixa,Baixa,-5.49,-0.48,0
2022-02-15,Baixa,Baixa,-5.46,-0.12,0
2022-02-16,Baixa,Baixa,-5.38,0.14,1
2022-02-17,Baixa,Baixa,-5.38,-0.86,0
2022-02-18,Baixa,Baixa,-5.54,-0.32,0
2022-02-22,Baixa,Baixa,-5.53,-0.20,0
2022-02-23,Baixa,Baixa,-5.67,-0.63,0
2022-02-24,Baixa,Baixa,-5.99,0.77,1
2022-02-25,Baixa,Baixa,-6.03,0.32,2
2022-02-28,Baixa,Baixa,-6.14,0.07,3
2022-03-01,Alta,Baixa,-6.11,-0.36,0
2022-03-02,Alta,Baixa,-5.96,0.15,1
2022-03-03,Alta,Baixa,-5.72,-0.59,0
2022-03-04,Baixa,Baixa,-5.81,-0.46,0
2022-03-07,Baixa,Baixa,-5.88,-0.93,0
2022-03-08,Baixa,Baixa,-6.21,-0.24,0
2022-03-09,Baixa,Baixa,-6.46,-0.05,0
2022-03-10,Baixa,Baixa,-6.69,-0.43,0
2022-03-11,Baixa,Baixa,-6.73,-0.73,0
2022-03-14,Baixa,Baixa,-6.87,-0.90,0
2022-03-15,Baixa,Baixa,-7.01,-0.03,0
2022-03-16,Alta,Baixa,-7.26,0.98,1
2022-03-17,Alta,Baixa,-7.28,0.75,2
2022-03-18,Alta,Baixa,-7.15,0.32,3
2022-03-21,Alta,Baixa,-6.80,-0.98,0
2022-03-22,Alta,Baixa,-6.36,0.19,1
2022-03-23,Alta,Baixa,-5.75,0.38,2
2022-03-24,Baixa,Baixa,-5.52,-0.61,0
2022-03-25,Baixa,Baixa,-5.50,-0.68,0
2022-03-28,Baixa,Baixa,-5.38,0.03,1
2022-03-29,Baixa,Baixa,-5.27,0.18,2
2022-03-30,Baixa,Baixa,-5.32,-0.63,0
2022-03-31,Baixa,Baixa,-5.20,-0.79,0
2022-04-01,Baixa,Baixa,-4.80,0.13,1
2022-04-04,Alta,Baixa,-4.31,0.28,2
2022-04-05,Baixa,Baixa,-4.12,-0.64,0
2022-04-06,Baixa,Baixa,-3.87,0.11,1
2022-04-07,Baixa,Baixa,-3.53,0.67,2
2022-04-08,Baixa,Baixa,-3.36,0.04,3
2022-04-11,Baixa,Baixa,-3.60,-0.46,0
2022-04-12,Baixa,Baixa,-3.72,-0.87,0
2022-04-13,Baixa,Baixa,-3.81,0.93,1
2022-04-14,Alta,Baixa,-3.84,0.80,2
2022-04-18,Alta,Baixa,-3.88,0.02,3
2022-04-19,Alta,Baixa,-3.81,0.00,0
2022-04-20,Alta,Baixa,-3.56,0.54,1
2022-04-21,Alta,Baixa,-3.54,-0.55,0
2022-04-22,Baixa,Baixa,-3.85,-0.54,0
2022-04-25,Baixa,Baixa,-4.16,0.70,1
2022-04-26,Baixa,Baixa,-4.48,-0.84,0
2022-04-27,Baixa,Baixa,-4.83,-0.60,0
2022-04-28,Baixa,Baixa,-5.11,-0.17,0
2022-04-29,Baixa,Baixa,-5.28,-0.10,0
2022-05-02,Baixa,Baixa,-5.27,0.34,1
2022-05-03,Baixa,Baixa,-5.18,-0.37,0
2022-05-04,Alta,Baixa,-4.89,0.40,1
2022-05-05,Baixa,Baixa,-4.56,-0.75,0
2022-05-06,Baixa,Baixa,-4.30,-0.71,0
2022-05-09,Baixa,Baixa,-4.41,0.12,1
2022-05-10,Baixa,Baixa,-4.33,0.37,2
2022-05-11,Baixa,Baixa,-4.56,-0.13,0
2022-05-12,Alta,Baixa,-4.71,0.21,1
2022-05-13,Alta,Alta,-4.42,0.81,2
2022-05-16,Alta,Alta,-3.67,0.73,3
2022-05-17,Alta,Alta,-2.70,0.39,4
2022-05-18,Alta,Alta,-1.77,-0.68,0
2022-05-19,Alta,Alta,-1.02,0.00,0
2022-05-20,Baixa,Alta,-0.56,-0.36,0
2022-05-23,Alta,Alta,-0.28,0.33,1
2022-05-24,Baixa,Alta,-0.24,-0.05,0
2022-05-25,Baixa,Alta,0.00,-0.10,0
2022-05-26,Baixa,Alta,0.11,-0.07,0
2022-05-27,Alta,Alta,0.22,0.89,1
2022-05-31,Alta,Alta,0.05,-0.25,0
2022-06-01,Baixa,Alta,-0.20,-0.50,0
2022-06-02,Baixa,Alta,-0.41,0.47,1
2022-06-03,Alta,Alta,-0.33,0.67,2
2022-06-06,Alta,Alta,-0.16,-0.65,0
2022-06-07,Alta,Alta,0.35,0.90,1
2022-06-08,Alta,Alta,0.77,-0.13,0
2022-06-09,Alta,Alta,1.23,0.41,1
2022-06-10,Alta,Alta,1.62,-0.38,0
2022-06-13,Baixa,Alta,1.76,-0.35,0
2022-06-14,Baixa,Alta,1.44,-0.76,0
2022-06-15,Baixa,Alta,1.07,-0.49,0
2022-06-16,Baixa,Alta,0.71,0.29,1
2022-06-17,Baixa,Baixa,0.23,-0.80,0
2022-06-21,Baixa,Baixa,-0.23,-0.89,0
2022-06-22,Baixa,Baixa,-0.48,0.29,1
2022-06-23,Baixa,Baixa,-0.55,-0.12,0
2022-06-24,Baixa,Baixa,-0.60,0.04,1
2022-06-27,Alta,Alta,-0.41,0.77,2
2022-06-28,Alta,Baixa,-0.32,-0.71,0
2022-06-29,Alta,Baixa,-0.26,-0.13,0
2022-06-30,Alta,Alta,-0.08,0.77,1
2022-07-01,Alta,Alta,-0.12,-0.31,0
2022-07-05,Alta,Alta,-0.14,0.47,1
2022-07-06,Alta,Alta,0.24,0.29,2
2022-07-07,Alta,Alta,0.61,0.52,3
2022-07-08,Alta,Alta,1.01,0.67,4
2022-07-11,Baixa,Alta,1.39,-0.96,0
2022-07-12,Baixa,Alta,1.67,0.40,1
2022-07-13,Baixa,Alta,1.85,0.57,2
2022-07-14,Baixa,Alta,1.99,0.22,3
2022-07-15,Baixa,Alta,1.92,-0.28,0
2022-07-18,Baixa,Alta,1.93,0.00,0
2022-07-19,Alta,Alta,2.11,0.67,1
2022-07-20,Alta,Alta,2.40,0.53,2
2022-07-21,Alta,Alta,2.74,-0.09,0
2022-07-22,Baixa,Baixa,2.80,-0.73,0
2022-07-25,Baixa,Baixa,2.98,-0.02,0
2022-07-26,Baixa,Baixa,2.73,-0.07,0
2022-07-27,Baixa,Baixa,2.11,-0.13,0
2022-07-28,Baixa,Baixa,1.25,-0.06,0
2022-07-29,Baixa,Baixa,0.42,0.23,1
2022-08-01,Baixa,Baixa,-0.32,-0.88,0
2022-08-02,Baixa,Baixa,-0.78,0.20,1
2022-08-03,Baixa,Baixa,-0.99,-0.23,0
2022-08-04,Alta,Baixa,-1.03,0.65,1
2022-08-05,Alta,Alta,-0.71,0.60,2
2022-08-08,Alta,Alta,-0.43,0.44,3
2022-08-09,Alta,Baixa,-0.32,-0.69,0
2022-08-10,Alta,Alta,-0.35,0.42,1
2022-08-11,Alta,Alta,-0.06,0.66,2
2022-08-12,Alta,Alta,0.25,-0.42,0
2022-08-15,Alta,Alta,0.28,0.23,1
2022-08-16,Baixa,Baixa,-0.03,-0.88,0
2022-08-17,Baixa,Baixa,-0.31,-0.34,0
2022-08-18,Baixa,Baixa,-1.10,-0.89,0
2022-08-19,Baixa,Baixa,-2.12,-0.53,0
2022-08-22,Baixa,Baixa,-2.91,0.93,1
2022-08-23,Baixa,Baixa,-3.16,-0.15,0
2022-08-24,Baixa,Baixa,-3.18,-0.14,0
2022-08-25,Baixa,Baixa,-2.84,-0.31,0
2022-08-26,Baixa,Baixa,-2.49,-0.70,0
2022-08-29,Baixa,Baixa,-2.19,-0.35,0
2022-08-30,Baixa,Baixa,-1.87,-0.42,0
2022-08-31,Baixa,Baixa,-1.59,0.68,1
2022-09-01,Baixa,Baixa,-1.46,-0.38,0
2022-09-02,Baixa,Baixa,-1.32,-0.46,0
2022-09-06,Baixa,Baixa,-1.32,-0.71,0
2022-09-07,Baixa,Baixa,-1.59,0.67,1
2022-09-08,Baixa,Baixa,-1.92,0.11,2
2022-09-09,Baixa,Baixa,-2.14,0.11,3
2022-09-12,Alta,Baixa,-2.49,0.28,4
2022-09-13,Baixa,Baixa,-2.71,-0.68,0
2022-09-14,Baixa,Baixa,-2.83,0.45,1
2022-09-15,Baixa,Baixa,-3.10,0.00,0
2022-09-16,Baixa,Baixa,-3.61,-0.53,0
2022-09-19,Baixa,Baixa,-4.07,-0.43,0
2022-09-20,Baixa,Baixa,-4.22,-0.21,0
2022-09-21,Alta,Baixa,-4.28,0.00,0
2022-09-22,Alta,Baixa,-4.34,0.00,0
2022-09-23,Alta,Baixa,-4.19,0.38,1
2022-09-26,Alta,Baixa,-3.89,0.27,2
2022-09-27,Alta,Baixa,-3.90,-0.38,0
2022-09-28,Alta,Baixa,-3.82,0.79,1
2022-09-29,Alta,Baixa,-3.80,0.05,2
2022-09-30,Alta,Baixa,-3.74,0.39,3
2022-10-03,Alta,Baixa,-3.53,0.20,4
2022-10-04,Alta,Alta,-3.17,0.56,5
2022-10-05,Alta,Alta,-2.85,0.24,6
2022-10-06,Alta,Alta,-2.32,0.57,7
2022-10-07,Alta,Alta,-1.97,-0.81,0
2022-10-10,Alta,Alta,-1.73,0.21,1
2022-10-11,Baixa,Alta,-1.60,-0.42,0
2022-10-12,Baixa,Baixa,-1.58,-0.45,0
2022-10-13,Baixa,Baixa,-1.73,0.19,1
2022-10-14,Baixa,Baixa,-1.87,-0.46,0
2022-10-17,Baixa,Baixa,-2.14,0.14,1
2022-10-18,Baixa,Baixa,-2.58,-0.37,0
2022-10-19,Baixa,Baixa,-2.96,-1.00,0
2022-10-20,Baixa,Baixa,-3.43,-0.02,0
2022-10-21,Baixa,Baixa,-3.95,0.65,1
2022-10-24,Baixa,Baixa,-4.49,-0.33,0
2022-10-25,Alta,Baixa,-4.70,0.78,1
2022-10-26,Baixa,Baixa,-4.59,-0.34,0
2022-10-27,Alta,Baixa,-4.16,0.07,1
2022-10-28,Alta,Baixa,-3.42,0.30,2
2022-10-31,Baixa,Baixa,-2.47,-0.30,0
2022-11-01,Baixa,Baixa,-1.89,-0.38,0
2022-11-02,Baixa,Baixa,-1.74,-0.90,0
2022-11-03,Baixa,Baixa,-1.81,-0.29,0
2022-11-04,Baixa,Baixa,-2.06,-0.26,0
2022-11-07,Baixa,Baixa,-2.23,-0.43,0
2022-11-08,Baixa,Baixa,-2.20,0.13,1
2022-11-09,Baixa,Baixa,-2.07,-0.59,0
2022-11-10,Baixa,Baixa,-1.93,0.29,1
2022-11-11,Alta,Baixa,-1.63,0.40,2
2022-11-14,Baixa,Baixa,-1.49,-0.45,0
2022-11-15,Alta,Alta,-0.81,0.42,1
2022-11-16,Alta,Alta,-0.07,0.53,2
2022-11-17,Alta,Alta,0.76,-0.06,0
2022-11-18,Alta,Alta,1.35,-0.52,0
2022-11-21,Alta,Alta,1.78,-0.69,0
2022-11-22,Baixa,Alta,1.70,0.04,1
2022-11-23,Baixa,Alta,1.66,0.96,2
2022-11-25,Baixa,Alta,1.58,0.12,3
2022-11-28,Baixa,Alta,1.67,-0.26,0
2022-11-29,Alta,Alta,2.05,0.61,1
2022-11-30,Alta,Alta,2.23,-0.02,0
2022-12-01,Baixa,Alta,2.25,-0.29,0
2022-12-02,Baixa,Alta,2.26,0.51,1
2022-12-05,Baixa,Alta,2.13,-0.24,0
2022-12-06,Baixa,Alta,1.87,-0.25,0
2022-12-07,Baixa,Alta,1.65,-0.18,0
2022-12-08,Baixa,Baixa,1.15,-0.68,0
2022-12-09,Baixa,Baixa,0.72,0.20,1
2022-12-12,Baixa,Baixa,0.18,-0.87,0
2022-12-13,Baixa,Baixa,-0.39,-0.37,0
2022-12-14,Baixa,Baixa,-1.00,0.41,1
2022-12-15,Baixa,Baixa,-1.41,-0.71,0
2022-12-16,Baixa,Baixa,-2.01,0.15,1
2022-12-19,Baixa,Baixa,-2.30,0.18,2
2022-12-20,Baixa,Baixa,-2.59,-0.45,0
2022-12-21,Baixa,Baixa,-2.71,-0.04,0
2022-12-22,Alta,Baixa,-2.53,0.82,1
2022-12-23,Baixa,Baixa,-2.24,-0.54,0
2022-12-27,Baixa,Baixa,-2.19,-0.79,0
2022-12-28,Baixa,Baixa,-2.19,-0.69,0
2022-12-29,Baixa,Baixa,-2.13,0.77,1
2022-12-30,Alta,Baixa,-1.79,0.98,2
2023-01-03,Alta,Baixa,-1.38,0.03,3
2023-01-04,Alta,Alta,-0.93,0.32,4
2023-01-05,Alta,Alta,-0.35,-0.54,0
2023-01-06,Alta,Baixa,-0.02,-0.67,0
2023-01-09,Alta,Alta,0.14,0.78,1
2023-01-10,Alta,Alta,0.44,0.62,2
2023-01-11,Alta,Alta,0.74,-0.17,0
2023-01-12,Alta,Alta,1.20,0.49,1
2023-01-13,Alta,Alta,1.97,0.50,2
2023-01-17,Alta,Alta,2.74,0.33,3
2023-01-18,Alta,Alta,3.34,-0.43,0
2023-01-19,Alta,Alta,3.80,-0.84,0
2023-01-20,Alta,Alta,4.14,-0.07,0
2023-01-23,Alta,Alta,4.32,0.45,1
2023-01-24,Baixa,Alta,4.26,-0.05,0
2023-01-25,Alta,Alta,4.17,0.62,1
2023-01-26,Alta,Alta,4.20,-0.37,0
2023-01-27,Baixa,Alta,4.21,-0.23,0
2023-01-30,Baixa,Alta,3.59,-0.59,0
2023-01-31,Baixa,Alta,2.86,0.40,1
2023-02-01,Baixa,Alta,2.08,-0.39,0
2023-02-02,Baixa,Alta,1.37,-0.51,0
2023-02-03,Baixa,Alta,0.73,-0.32,0
2023-02-06,Alta,Alta,0.86,0.86,1
2023-02-07,Alta,Alta,1.02,0.14,2
2023-02-08,Alta,Alta,1.23,-0.89,0
2023-02-09,Alta,Alta,1.42,-0.18,0
2023-02-10,Alta,Alta,1.49,0.17,1
2023-02-13,Baixa,Alta,1.24,-0.91,0
2023-02-14,Baixa,Alta,1.07,0.00,0
2023-02-15,Baixa,Alta,0.90,-0.31,0
2023-02-16,Baixa,Alta,0.78,0.51,1
2023-02-17,Baixa,Alta,0.73,-0.25,0
2023-02-21,Baixa,Baixa,0.70,-0.77,0
2023-02-22,Baixa,Baixa,0.71,-0.69,0
2023-02-23,Baixa,Baixa,0.68,-0.67,0
2023-02-24,Baixa,Baixa,0.64,0.03,1
2023-02-27,Baixa,Baixa,0.62,-0.14,0
2023-02-28,Baixa,Baixa,0.65,0.55,1
2023-03-01,Baixa,Baixa,0.75,-0.43,0
2023-03-02,Baixa,Baixa,0.82,-0.43,0
2023-03-03,Alta,Baixa,0.98,0.70,1
2023-03-06,Alta,Baixa,1.19,0.21,2
2023-03-07,Alta,Baixa,1.42,0.11,3
2023-03-08,Alta,Baixa,1.45,-0.15,0
2023-03-09,Baixa,Baixa,1.47,-0.71,0
2023-03-10,Baixa,Baixa,1.29,-0.57,0
2023-03-13,Baixa,Baixa,1.03,-0.63,0
2023-03-14,Baixa,Baixa,0.84,0.89,1
2023-03-15,Baixa,Baixa,0.47,0.04,2
2023-03-16,Baixa,Baixa,0.17,0.13,3
2023-03-17,Baixa,Baixa,-0.15,0.52,4
2023-03-20,Baixa,Baixa,-0.41,-0.17,0
2023-03-21,Alta,Baixa,-0.57,0.74,1
2023-03-22,Alta,Baixa,-0.68,-0.27,0
2023-03-23,Baixa,Baixa,-0.99,-0.44,0
2023-03-24,Baixa,Baixa,-1.23,0.15,1
2023-03-27,Baixa,Baixa,-1.61,-0.58,0
2023-03-28,Baixa,Baixa,-2.41,-0.64,0
2023-03-29,Baixa,Baixa,-3.12,0.00,0
2023-03-30,Alta,Baixa,-3.48,0.68,1
2023-03-31,Alta,Baixa,-3.70,-0.06,0
2023-04-03,Baixa,Baixa,-3.92,-0.83,0
2023-04-04,Baixa,Baixa,-3.99,-0.60,0
2023-04-05,Baixa,Baixa,-3.90,0.09,1
2023-04-06,Baixa,Baixa,-3.99,-0.56,0
2023-04-10,Baixa,Baixa,-4.21,0.24,1
2023-04-11,Alta,Baixa,-4.18,0.57,2
2023-04-12,Alta,Baixa,-3.98,-1.00,0
2023-04-13,Alta,Baixa,-3.83,0.47,1
2023-04-14,Baixa,Baixa,-3.69,-0.79,0
2023-04-17,Baixa,Baixa,-3.59,-0.60,0
2023-04-18,Baixa,Baixa,-3.62,-0.53,0
2023-04-19,Baixa,Baixa,-3.87,0.71,1
2023-04-20,Baixa,Baixa,-4.16,0.51,2
2023-04-21,Baixa,Baixa,-4.36,-0.41,0
2023-04-24,Baixa,Baixa,-4.54,-0.28,0
2023-04-25,Baixa,Baixa,-4.82,-0.56,0
2023-04-26,Baixa,Baixa,-4.83,0.00,0
2023-04-27,Baixa,Baixa,-4.78,0.44,1
2023-04-28,Baixa,Baixa,-4.67,0.23,2
2023-05-01,Baixa,Baixa,-4.67,-0.42,0
2023-05-02,Baixa,Baixa,-4.58,-0.28,0
2023-05-03,Alta,Baixa,-4.35,0.83,1
2023-05-04,Alta,Baixa,-3.98,0.65,2
2023-05-05,Alta,Baixa,-3.50,0.21,3
2023-05-08,Alta,Baixa,-2.94,-0.55,0
2023-05-09,Alta,Baixa,-2.43,-0.30,0
2023-05-10,Alta,Baixa,-2.19,0.67,1
2023-05-11,Alta,Baixa,-2.03,-0.11,0
2023-05-12,Alta,Alta,-1.85,0.68,1
2023-05-15,Alta,Baixa,-1.96,-0.76,0
2023-05-16,Alta,Baixa,-2.06,0.14,1
2023-05-17,Baixa,Baixa,-2.20,-0.85,0
2023-05-18,Baixa,Baixa,-2.44,0.06,1
2023-05-19,Baixa,Baixa,-2.61,0.14,2
2023-05-22,Alta,Alta,-2.10,0.63,3
2023-05-23,Alta,Alta,-1.42,0.48,4
2023-05-24,Alta,Alta,-0.98,-0.49,0
2023-05-25,Baixa,Baixa,-0.53,-0.51,0
2023-05-26,Baixa,Alta,-0.28,0.02,1
2023-05-30,Baixa,Alta,-0.38,-0.07,0
2023-05-31,Baixa,Alta,-0.58,0.47,1
2023-06-01,Alta,Alta,-0.58,0.67,2
2023-06-02,Alta,Alta,-0.58,0.00,0
2023-06-05,Alta,Alta,-0.45,0.40,1
2023-06-06,Alta,Alta,-0.24,0.23,2
2023-06-07,Alta,Alta,-0.13,-0.68,0
2023-06-08,Alta,Alta,0.16,-0.07,0
2023-06-09,Baixa,Alta,0.40,-0.50,0
2023-06-12,Alta,Alta,0.44,0.71,1
2023-06-13,Alta,Alta,0.44,0.28,2
2023-06-14,Baixa,Alta,0.48,-0.60,0
2023-06-15,Baixa,Alta,0.48,-0.29,0
2023-06-16,Baixa,Alta,0.49,-0.30,0
2023-06-20,Baixa,Alta,0.46,-0.27,0
2023-06-21,Baixa,Baixa,0.25,-0.51,0
2023-06-22,Baixa,Baixa,-0.03,0.05,1
2023-06-23,Baixa,Baixa,-0.32,-0.37,0
2023-06-26,Baixa,Baixa,-0.65,-0.14,0
2023-06-27,Baixa,Baixa,-0.68,0.36,1
2023-06-28,Alta,Alta,-0.45,0.33,2
2023-06-29,Alta,Alta,0.05,0.53,3
2023-06-30,Alta,Alta,0.42,0.12,4
2023-07-03,Alta,Alta,0.93,0.78,5
2023-07-05,Alta,Alta,1.21,-0.45,0
2023-07-06,Baixa,Baixa,1.27,-0.32,0
2023-07-07,Baixa,Baixa,1.23,0.15,1
2023-07-10,Baixa,Alta,1.33,-0.05,0
2023-07-11,Alta,Alta,1.42,0.89,1
2023-07-12,Alta,Alta,1.47,-0.24,0
2023-07-13,Alta,Alta,1.75,0.88,1
2023-07-14,Baixa,Alta,1.84,-0.88,0
2023-07-17,Alta,Alta,1.77,0.46,1
2023-07-18,Alta,Alta,1.70,0.85,2
2023-07-19,Alta,Alta,1.52,0.14,3
2023-07-20,Alta,Alta,1.26,0.12,4
2023-07-21,Alta,Alta,1.23,0.25,5
2023-07-24,Baixa,Baixa,0.98,-0.35,0
2023-07-25,Baixa,Baixa,0.50,-0.92,0
2023-07-26,Baixa,Baixa,0.14,0.41,1
2023-07-27,Baixa,Baixa,-0.22,-0.77,0
2023-07-28,Baixa,Baixa,-0.57,0.76,1
2023-07-31,Alta,Baixa,-0.56,-0.06,0
2023-08-01,Alta,Baixa,-0.41,-0.06,0
2023-08-02,Alta,Baixa,-0.23,0.05,1
2023-08-03,Baixa,Baixa,-0.31,-0.30,0
2023-08-04,Baixa,Baixa,-0.60,-0.93,0
2023-08-07,Baixa,Baixa,-0.86,-0.53,0
2023-08-08,Baixa,Baixa,-0.97,0.58,1
2023-08-09,Baixa,Baixa,-1.15,-0.27,0
2023-08-10,Baixa,Baixa,-1.29,-0.54,0
2023-08-11,Baixa,Baixa,-1.36,0.25,1
2023-08-14,Baixa,Baixa,-1.53,0.25,2
2023-08-15,Baixa,Baixa,-1.98,-0.83,0
2023-08-16,Baixa,Baixa,-2.56,-0.58,0
2023-08-17,Baixa,Baixa,-3.06,-0.44,0
2023-08-18,Baixa,Baixa,-3.39,0.84,1
2023-08-21,Baixa,Baixa,-3.73,-0.21,0
2023-08-22,Alta,Baixa,-3.80,0.65,1
2023-08-23,Alta,Baixa,-3.79,-0.27,0
2023-08-24,Alta,Baixa,-3.73,0.21,1
2023-08-25,Alta,Baixa,-3.60,0.69,2
2023-08-28,Alta,Baixa,-3.44,-0.22,0
2023-08-29,Alta,Baixa,-3.27,0.75,1
2023-08-30,Alta,Baixa,-2.88,0.50,2
2023-08-31,Alta,Baixa,-2.41,0.00,0
2023-09-01,Alta,Baixa,-2.14,0.38,1
2023-09-05,Alta,Baixa,-1.82,-0.61,0
2023-09-06,Alta,Baixa,-1.54,-0.10,0
2023-09-07,Baixa,Baixa,-1.53,-0.10,0
2023-09-08,Baixa,Baixa,-1.65,0.00,0
2023-09-11,Baixa,Baixa,-1.88,0.32,1
2023-09-12,Baixa,Baixa,-2.20,-0.44,0
2023-09-13,Baixa,Baixa,-2.69,-0.29,0
2023-09-14,Baixa,Baixa,-2.94,0.16,1
2023-09-15,Alta,Baixa,-2.94,0.44,2
2023-09-18,Alta,Baixa,-2.80,0.21,3
2023-09-19,Alta,Baixa,-2.63,0.08,4
2023-09-20,Alta,Baixa,-2.47,-0.42,0
2023-09-21,Alta,Baixa,-2.34,0.70,1
2023-09-22,Alta,Baixa,-2.48,0.73,2
2023-09-25,Alta,Baixa,-2.49,0.59,3
2023-09-26,Alta,Alta,-2.46,0.61,4
2023-09-27,Alta,Alta,-2.47,-0.42,0
2023-09-28,Alta,Alta,-2.50,-0.08,0
2023-09-29,Alta,Alta,-2.44,0.21,1
2023-10-02,Alta,Alta,-2.56,0.52,2
2023-10-03,Alta,Alta,-2.40,-0.36,0
2023-10-04,Baixa,Alta,-1.93,0.16,1
2023-10-05,Baixa,Alta,-1.66,-0.42,0
2023-10-06,Baixa,Baixa,-1.50,-0.61,0
2023-10-09,Baixa,Baixa,-1.48,0.17,1
2023-10-10,Baixa,Baixa,-1.78,0.04,2
2023-10-11,Baixa,Baixa,-2.25,-0.21,0
2023-10-12,Baixa,Baixa,-2.67,-0.50,0
2023-10-13,Baixa,Baixa,-2.92,0.20,1
2023-10-16,Baixa,Baixa,-2.93,0.07,2
2023-10-17,Alta,Baixa,-2.80,-0.31,0
2023-10-18,Alta,Baixa,-2.69,-0.14,0
2023-10-19,Alta,Baixa,-2.48,-0.15,0
2023-10-20,Baixa,Baixa,-2.29,-0.59,0
2023-10-23,Baixa,Baixa,-2.36,-0.70,0
2023-10-24,Baixa,Baixa,-2.69,-0.80,0
2023-10-25,Baixa,Baixa,-3.08,-0.88,0
2023-10-26,Baixa,Baixa,-3.41,-0.50,0
2023-10-27,Baixa,Baixa,-3.88,-0.95,0
2023-10-30,Baixa,Baixa,-4.24,0.46,1
2023-10-31,Baixa,Baixa,-4.51,-0.57,0
2023-11-01,Baixa,Baixa,-4.89,-0.88,0
2023-11-02,Baixa,Baixa,-5.34,0.82,1
2023-11-03,Alta,Baixa,-5.55,0.72,2
2023-11-06,Alta,Baixa,-5.83,-0.33,0
2023-11-07,Alta,Baixa,-6.07,0.08,1
2023-11-08,Baixa,Baixa,-6.24,-0.59,0
2023-11-09,Baixa,Baixa,-6.52,-0.81,0
2023-11-10,Baixa,Baixa,-6.98,0.18,1
2023-11-13,Baixa,Baixa,-7.40,-0.30,0
2023-11-14,Baixa,Baixa,-7.80,0.11,1
2023-11-15,Baixa,Baixa,-8.05,0.25,2
2023-11-16,Baixa,Baixa,-8.14,-0.20,0
2023-11-17,Alta,Baixa,-8.10,0.78,1
2023-11-20,Alta,Baixa,-8.02,-0.90,0
2023-11-21,Baixa,Baixa,-8.01,-0.46,0
2023-11-22,Baixa,Baixa,-8.01,-0.33,0
2023-11-24,Baixa,Baixa,-7.99,0.25,1
2023-11-27,Baixa,Baixa,-8.27,0.40,2
2023-11-28,Baixa,Baixa,-8.61,-0.25,0
2023-11-29,Alta,Baixa,-8.69,0.96,1
2023-11-30,Alta,Baixa,-8.75,-0.67,0
2023-12-01,Alta,Baixa,-8.78,0.96,1
2023-12-04,Alta,Baixa,-8.55,0.88,2
2023-12-05,Alta,Baixa,-8.03,0.58,3
2023-12-06,Alta,Baixa,-7.85,-0.24,0
2023-12-07,Alta,Baixa,-7.62,0.21,1
2023-12-08,Alta,Alta,-7.40,0.50,2
2023-12-11,Baixa,Baixa,-7.57,-0.74,0
2023-12-12,Baixa,Baixa,-8.10,0.00,0
2023-12-13,Baixa,Alta,-8.28,0.60,1
2023-12-14,Alta,Alta,-8.44,0.18,2
2023-12-15,Alta,Alta,-8.62,-0.21,0
2023-12-18,Baixa,Alta,-8.33,-0.35,0
2023-12-19,Baixa,Alta,-7.88,-0.12,0
2023-12-20,Baixa,Alta,-7.65,-0.55,0
2023-12-21,Baixa,Alta,-7.37,-0.21,0
2023-12-22,Baixa,Alta,-6.90,0.50,1
2023-12-26,Alta,Alta,-6.58,0.73,2
2023-12-27,Alta,Alta,-6.34,-0.56,0
2023-12-28,Alta,Alta,-6.09,0.42,1
2023-12-29,Alta,Alta,-6.02,-0.16,0
2024-01-02,Baixa,Alta,-6.25,0.09,1
2024-01-03,Baixa,Alta,-6.39,-0.67,0
2024-01-04,Baixa,Alta,-6.04,0.33,1
2024-01-05,Baixa,Alta,-5.39,0.25,2
2024-01-08,Alta,Alta,-3.84,0.90,3
2024-01-09,Alta,Alta,-1.78,0.92,4
2024-01-10,Alta,Alta,0.73,0.58,5
2024-01-11,Alta,Alta,2.59,-0.79,0
2024-01-12,Alta,Alta,4.40,0.22,1
2024-01-16,Alta,Alta,5.51,-0.54,0
2024-01-17,Alta,Alta,6.23,0.51,1
2024-01-18,Alta,Alta,6.50,0.86,2
2024-01-19,Alta,Alta,6.88,-0.62,0
2024-01-22,Baixa,Alta,6.81,-0.47,0
2024-01-23,Alta,Alta,6.78,0.53,1
2024-01-24,Baixa,Alta,6.62,-0.50,0
2024-01-25,Baixa,Alta,6.36,0.00,0
2024-01-26,Alta,Alta,6.70,0.73,1
2024-01-29,Baixa,Alta,7.00,-0.79,0
2024-01-30,Baixa,Alta,6.82,-0.83,0
2024-01-31,Baixa,Alta,6.58,-0.59,0
2024-02-01,Baixa,Alta,6.13,0.00,0
2024-02-02,Baixa,Alta,5.26,-0.57,0
2024-02-05,Baixa,Alta,4.89,0.36,1
2024-02-06,Baixa,Alta,4.69,-0.27,0
2024-02-07,Baixa,Alta,4.56,-0.25,0
2024-02-08,Alta,Alta,4.69,0.73,1
2024-02-09,Alta,Alta,5.05,0.65,2
2024-02-12,Alta,Alta,4.83,-0.08,0
2024-02-13,Alta,Alta,4.76,0.41,1
2024-02-14,Alta,Alta,4.53,-0.31,0
2024-02-15,Alta,Alta,4.56,0.91,1
2024-02-16,Alta,Alta,3.95,-0.44,0
2024-02-20,Alta,Alta,3.78,0.44,1
2024-02-21,Baixa,Alta,3.11,-0.85,0
2024-02-22,Baixa,Alta,2.61,0.07,1
2024-02-23,Baixa,Alta,1.99,-0.33,0
2024-02-26,Baixa,Alta,1.90,-0.20,0
2024-02-27,Alta,Alta,1.65,0.45,1
2024-02-28,Alta,Alta,1.86,0.50,2
2024-02-29,Baixa,Alta,1.96,-0.71,0
2024-03-01,Baixa,Alta,1.85,-0.66,0
2024-03-04,Baixa,Baixa,1.45,-0.94,0
2024-03-05,Baixa,Baixa,1.09,-0.22,0
2024-03-06,Baixa,Baixa,0.71,-0.31,0
2024-03-07,Baixa,Baixa,0.48,0.00,0
2024-03-08,Baixa,Baixa,0.20,0.50,1
2024-03-11,Alta,Baixa,0.23,-0.21,0
2024-03-12,Baixa,Baixa,0.00,-0.77,0
2024-03-13,Baixa,Baixa,-0.15,0.37,1
2024-03-14,Baixa,Baixa,-0.40,-0.62,0
2024-03-15,Baixa,Baixa,-0.48,-0.17,0
2024-03-18,Baixa,Baixa,-0.68,-0.83,0
2024-03-19,Baixa,Baixa,-0.70,-0.50,0
2024-03-20,Baixa,Baixa,-0.91,-0.07,0
2024-03-21,Baixa,Baixa,-1.21,0.08,1
2024-03-22,Baixa,Baixa,-1.89,-0.15,0
2024-03-25,Alta,Baixa,-2.35,0.00,0
2024-03-26,Alta,Baixa,-2.78,0.50,1
2024-03-27,Alta,Baixa,-3.00,0.00,0
2024-03-28,Alta,Baixa,-3.04,0.33,1
2024-04-01,Baixa,Baixa,-3.32,-0.44,0
2024-04-02,Baixa,Baixa,-3.73,-0.72,0
2024-04-03,Baixa,Baixa,-3.88,0.32,1
2024-04-04,Baixa,Baixa,-4.27,-0.25,0
2024-04-05,Baixa,Baixa,-4.53,-0.39,0
2024-04-08,Alta,Baixa,-4.20,0.44,1
2024-04-09,Baixa,Baixa,-4.41,-0.62,0
2024-04-10,Baixa,Baixa,-4.52,0.17,1
2024-04-11,Alta,Baixa,-4.27,0.64,2
2024-04-12,Baixa,Baixa,-4.22,-0.72,0
2024-04-15,Baixa,Baixa,-4.36,-0.27,0
2024-04-16,Baixa,Baixa,-3.91,0.22,1
2024-04-17,Baixa,Baixa,-3.83,0.14,2
2024-04-18,Baixa,Baixa,-4.03,-0.69,0
2024-04-19,Baixa,Baixa,-4.09,0.50,1
2024-04-22,Alta,Baixa,-3.98,0.63,2
2024-04-23,Alta,Baixa,-3.95,0.68,3
2024-04-24,Alta,Baixa,-3.75,0.24,4
2024-04-25,Alta,Baixa,-3.60,0.00,0
2024-04-26,Alta,Baixa,-3.45,0.50,1
2024-04-29,Alta,Baixa,-4.02,0.00,0
2024-04-30,Baixa,Baixa,-4.45,-0.11,0
2024-05-01,Baixa,Baixa,-5.03,0.80,1
2024-05-02,Alta,Baixa,-4.97,0.57,2
2024-05-03,Alta,Alta,-4.91,0.23,3
2024-05-06,Alta,Alta,-4.16,0.29,4
2024-05-07,Alta,Alta,-3.51,0.15,5
2024-05-08,Alta,Alta,-3.00,0.00,0
2024-05-09,Alta,Alta,-3.09,0.42,1
2024-05-10,Baixa,Alta,-3.07,-0.80,0
2024-05-13,Alta,Alta,-2.86,0.67,1
2024-05-14,Alta,Alta,-2.41,-0.14,0
2024-05-15,Alta,Alta,-1.46,0.68,1
2024-05-16,Alta,Alta,-0.47,0.57,2
2024-05-17,Alta,Alta,0.37,0.22,3
2024-05-20,Baixa,Alta,0.74,-0.60,0
2024-05-21,Baixa,Alta,0.81,0.62,1
2024-05-22,Baixa,Alta,0.78,-0.32,0
2024-05-23,Baixa,Alta,0.47,-0.83,0
2024-05-24,Baixa,Alta,0.60,1.00,1
2024-05-28,Baixa,Alta,0.67,-0.72,0
2024-05-29,Baixa,Baixa,0.60,-0.66,0
2024-05-30,Baixa,Baixa,0.44,-0.50,0
2024-05-31,Baixa,Baixa,0.50,-0.40,0
2024-06-03,Baixa,Baixa,0.17,0.25,1
2024-06-04,Baixa,Baixa,0.00,-0.47,0
2024-06-05,Baixa,Baixa,-0.17,-0.25,0
2024-06-06,Baixa,Baixa,-0.43,-0.42,0
2024-06-07,Baixa,Baixa,-0.73,-0.22,0
2024-06-10,Baixa,Baixa,-1.07,0.10,1
2024-06-11,Baixa,Baixa,-1.23,0.15,2
2024-06-12,Baixa,Baixa,-1.27,-0.87,0
2024-06-13,Baixa,Baixa,-1.51,-0.38,0
2024-06-14,Baixa,Baixa,-1.51,0.53,1
2024-06-17,Baixa,Baixa,-1.48,0.50,2
2024-06-18,Baixa,Baixa,-1.69,-0.78,0
2024-06-20,Baixa,Baixa,-1.73,0.00,0
2024-06-21,Alta,Baixa,-1.40,0.85,1
2024-06-24,Alta,Baixa,-1.47,-0.10,0
2024-06-25,Baixa,Baixa,-1.33,-0.90,0
2024-06-26,Baixa,Baixa,-0.93,-0.67,0
2024-06-27,Alta,Baixa,-0.65,0.64,1
2024-06-28,Alta,Baixa,-0.55,0.20,2
2024-07-01,Alta,Baixa,-0.17,0.00,0
2024-07-02,Alta,Baixa,0.00,0.50,1
2024-07-03,Alta,Baixa,-0.17,0.20,2
2024-07-05,Alta,Baixa,-0.55,-0.20,0
2024-07-08,Baixa,Baixa,-1.04,-0.31,0
2024-07-09,Alta,Baixa,-1.42,0.20,1
2024-07-10,Alta,Baixa,-1.73,0.69,2
2024-07-11,Alta,Baixa,-1.70,0.50,3
2024-07-12,Alta,Alta,-1.29,0.64,4
2024-07-15,Alta,Alta,-0.81,0.08,5
2024-07-16,Alta,Baixa,-0.70,-0.38,0
2024-07-17,Baixa,Baixa,-0.85,-0.57,0
2024-07-18,Baixa,Baixa,-1.27,-0.82,0
2024-07-19,Baixa,Baixa,-1.91,0.38,1
2024-07-22,Baixa,Baixa,-2.44,0.39,2
2024-07-23,Baixa,Baixa,-2.83,0.50,3
2024-07-24,Baixa,Baixa,-2.92,0.00,0
2024-07-25,Baixa,Baixa,-3.19,-0.43,0
2024-07-26,Alta,Baixa,-3.31,0.22,1
2024-07-29,Baixa,Baixa,-3.80,-1.00,0
2024-07-30,Baixa,Baixa,-4.23,-0.22,0
2024-07-31,Baixa,Baixa,-4.91,-0.89,0
2024-08-01,Baixa,Baixa,-5.14,-0.46,0
2024-08-02,Baixa,Baixa,-5.77,-0.82,0
2024-08-05,Baixa,Baixa,-5.91,0.67,1
2024-08-06,Baixa,Baixa,-5.79,0.54,2
2024-08-07,Baixa,Baixa,-5.90,-0.45,0
2024-08-08,Baixa,Baixa,-6.04,-0.87,0
2024-08-09,Baixa,Baixa,-5.77,-0.63,0
2024-08-12,Alta,Baixa,-5.40,0.88,1
2024-08-13,Alta,Baixa,-5.34,-0.40,0
2024-08-14,Alta,Baixa,-4.96,0.09,1
2024-08-15,Baixa,Baixa,-4.65,-0.98,0
2024-08-16,Alta,Baixa,-4.32,0.40,1
2024-08-19,Alta,Baixa,-4.19,0.44,2
2024-08-20,Alta,Baixa,-3.97,-0.22,0
2024-08-21,Alta,Baixa,-3.71,-0.35,0
2024-08-22,Baixa,Baixa,-3.48,-0.80,0
2024-08-23,Alta,Baixa,-3.11,0.41,1
2024-08-26,Baixa,Baixa,-2.78,-0.62,0
2024-08-27,Baixa,Baixa,-2.67,-0.53,0
2024-08-28,Baixa,Baixa,-2.64,-0.17,0
2024-08-29,Baixa,Baixa,-2.48,-0.62,0
2024-08-30,Baixa,Baixa,-2.58,0.20,1
2024-09-03,Baixa,Baixa,-2.91,0.14,2
2024-09-04,Baixa,Baixa,-3.15,-0.56,0
2024-09-05,Baixa,Baixa,-3.13,-0.51,0
2024-09-06,Alta,Baixa,-3.10,-0.24,0
2024-09-09,Alta,Baixa,-3.25,-0.03,0
2024-09-10,Baixa,Baixa,-3.32,-0.18,0
2024-09-11,Baixa,Baixa,-3.25,0.01,1
2024-09-12,Alta,Baixa,-3.32,0.72,2
2024-09-13,Alta,Baixa,-3.29,1.00,3
2024-09-16,Alta,Baixa,-3.12,-0.20,0
2024-09-17,Alta,Baixa,-2.90,-0.62,0
2024-09-18,Alta,Baixa,-2.78,0.26,1
2024-09-19,Alta,Alta,-2.70,0.90,2
2024-09-20,Alta,Alta,-2.91,0.07,3
2024-09-23,Baixa,Baixa,-3.42,-0.88,0
2024-09-24,Alta,Baixa,-3.84,0.62,1
2024-09-25,Baixa,Baixa,-4.16,-0.44,0
2024-09-26,Alta,Alta,-4.19,0.13,1
2024-09-27,Alta,Alta,-3.71,0.83,2
2024-09-30,Alta,Alta,-2.87,0.23,3
2024-10-01,Alta,Alta,-2.33,-0.71,0
2024-10-02,Alta,Alta,-1.83,0.60,1
2024-10-03,Alta,Alta,-1.53,-0.17,0
2024-10-04,Alta,Alta,-1.42,0.56,1
2024-10-07,Alta,Alta,-1.59,-0.50,0
2024-10-08,Baixa,Alta,-1.33,-0.14,0
2024-10-09,Baixa,Alta,-1.23,-0.57,0
2024-10-10,Baixa,Alta,-1.02,0.51,1
2024-10-11,Baixa,Alta,-0.96,0.00,0
2024-10-14,Baixa,Alta,-0.38,0.33,1
2024-10-15,Baixa,Alta,-0.16,-0.25,0
2024-10-16,Baixa,Alta,0.22,0.21,1
2024-10-17,Baixa,Alta,0.43,-0.22,0
2024-10-18,Alta,Alta,0.92,0.09,1
2024-10-21,Baixa,Alta,1.02,-0.61,0
2024-10-22,Baixa,Alta,0.97,0.38,1
2024-10-23,Baixa,Baixa,0.97,0.00,0
2024-10-24,Baixa,Baixa,0.91,0.20,1
2024-10-25,Alta,Alta,0.70,0.52,2
2024-10-28,Alta,Alta,0.53,0.50,3
2024-10-29,Baixa,Alta,0.53,-0.91,0
2024-10-30,Alta,Alta,0.64,0.96,1
2024-10-31,Baixa,Alta,0.64,-0.80,0
2024-11-01,Baixa,Alta,0.53,-0.30,0
2024-11-04,Baixa,Baixa,0.27,-0.50,0
2024-11-05,Baixa,Baixa,0.27,-0.87,0
2024-11-06,Alta,Alta,0.37,0.69,1
2024-11-07,Alta,Alta,0.64,-0.43,0
2024-11-08,Baixa,Baixa,0.74,-0.44,0
2024-11-11,Baixa,Baixa,1.01,-0.08,0
2024-11-12,Baixa,Baixa,1.06,0.04,1
2024-11-13,Baixa,Baixa,0.95,-0.17,0
2024-11-14,Baixa,Baixa,0.63,-0.53,0
2024-11-15,Baixa,Baixa,0.32,-0.26,0
2024-11-18,Baixa,Baixa,0.05,0.41,1
2024-11-19,Baixa,Baixa,0.00,-0.67,0
2024-11-20,Baixa,Baixa,-0.16,0.00,0
2024-11-21,Alta,Baixa,-0.16,-0.63,0
2024-11-22,Alta,Baixa,-0.26,0.12,1
2024-11-25,Baixa,Baixa,-0.58,-0.90,0
2024-11-26,Baixa,Baixa,-1.00,-0.94,0
2024-11-27,Baixa,Baixa,-1.41,0.29,1
2024-11-29,Alta,Baixa,-1.83,0.41,2
2024-12-02,Alta,Baixa,-2.10,0.03,3
2024-12-03,Baixa,Baixa,-2.11,0.00,0
2024-12-04,Alta,Baixa,-2.12,0.58,1
2024-12-05,Alta,Baixa,-2.02,-0.51,0
2024-12-06,Alta,Baixa,-2.03,0.63,1
2024-12-09,Baixa,Baixa,-2.36,-0.81,0
2024-12-10,Baixa,Baixa,-2.91,0.50,1
2024-12-11,Alta,Baixa,-2.97,0.81,2
2024-12-12,Alta,Baixa,-3.25,-0.43,0
2024-12-13,Baixa,Baixa,-3.49,-0.27,0
2024-12-16,Baixa,Baixa,-3.62,-0.14,0
2024-12-17,Baixa,Baixa,-3.49,0.38,1
2024-12-18,Baixa,Baixa,-3.90,-0.74,0
2024-12-19,Alta,Baixa,-3.92,0.35,1
2024-12-20,Alta,Baixa,-3.78,0.64,2
2024-12-23,Baixa,Baixa,-3.59,-0.66,0
2024-12-24,Baixa,Baixa,-3.62,0.00,0
2024-12-26,Baixa,Baixa,-3.42,0.10,1
2024-12-27,Baixa,Baixa,-3.56,0.23,2
2024-12-30,Alta,Baixa,-3.52,0.67,3
2024-12-31,Alta,Baixa,-3.37,-0.17,0
2025-01-02,Alta,Alta,-2.92,0.60,1
2025-01-03,Alta,Alta,-2.34,0.58,2
2025-01-06,Alta,Alta,-1.75,-0.47,0
2025-01-07,Alta,Alta,0.18,0.95,1
2025-01-08,Baixa,Alta,0.61,-0.63,0
2025-01-10,Baixa,Alta,0.80,0.08,1
2025-01-13,Baixa,Baixa,0.49,-0.87,0
2025-01-14,Baixa,Baixa,-0.06,-0.16,0
2025-01-15,Baixa,Baixa,-2.06,0.21,1
2025-01-16,Baixa,Baixa,-2.61,-0.77,0
2025-01-17,Baixa,Baixa,-2.98,0.16,1
2025-01-21,Baixa,Baixa,-3.00,-0.56,0
2025-01-22,Alta,Baixa,-2.77,0.33,1
2025-01-23,Baixa,Baixa,-2.91,-0.85,0
2025-01-24,Baixa,Baixa,-2.75,0.22,1
2025-01-27,Baixa,Baixa,-2.70,-0.48,0
2025-01-28,Baixa,Baixa,-2.71,0.00,0
2025-01-29,Baixa,Baixa,-2.79,-0.16,0
2025-01-30,Baixa,Baixa,-2.49,-0.20,0
2025-01-31,Baixa,Baixa,-2.31,-0.52,0
2025-02-03,Baixa,Baixa,-2.26,0.10,1
2025-02-04,Baixa,Baixa,-2.33,-0.38,0
2025-02-05,Baixa,Baixa,-2.15,0.50,1
2025-02-06,Baixa,Baixa,-2.29,-0.84,0
2025-02-07,Alta,Baixa,-2.37,0.35,1
2025-02-10,Alta,Baixa,-2.11,-0.37,0
2025-02-11,Baixa,Baixa,-1.73,-0.36,0
2025-02-12,Baixa,Baixa,-1.60,-0.17,0
2025-02-13,Alta,Baixa,-1.47,-0.38,0
2025-02-14,Alta,Baixa,-1.21,0.83,1
2025-02-18,Alta,Baixa,-1.08,0.01,2
2025-02-19,Alta,Baixa,-1.15,-0.42,0
2025-02-20,Alta,Baixa,-1.02,-0.21,0
2025-02-21,Alta,Baixa,-0.88,0.00,0
2025-02-24,Baixa,Baixa,-0.61,0.10,1
2025-02-25,Baixa,Baixa,-0.61,0.00,0
2025-02-26,Baixa,Baixa,-0.61,0.18,1
2025-02-27,Baixa,Baixa,-0.68,-0.63,0
2025-02-28,Alta,Baixa,-0.55,0.63,1
2025-03-03,Baixa,Baixa,-0.75,-0.66,0
2025-03-04,Baixa,Baixa,-0.89,0.00,0
2025-03-05,Baixa,Baixa,-0.62,-0.05,0
2025-03-06,Alta,Alta,-0.41,0.49,1
2025-03-07,Alta,Alta,-0.48,0.32,2
2025-03-10,Baixa,Baixa,-0.41,-0.60,0
2025-03-11,Baixa,Baixa,-0.42,-0.84,0
2025-03-12,Baixa,Baixa,-0.69,-0.16,0
2025-03-13,Baixa,Baixa,-0.83,0.40,1
2025-03-14,Baixa,Baixa,-0.97,0.45,2
2025-03-17,Alta,Baixa,-1.18,0.38,3
2025-03-18,Alta,Baixa,-1.32,0.00,0
2025-03-19,Alta,Alta,-1.60,0.92,1
2025-03-20,Alta,Alta,-1.88,0.16,2
2025-03-21,Alta,Alta,-3.92,-0.10,0
2025-03-24,Alta,Alta,-4.21,0.18,1
2025-03-25,Baixa,Baixa,-4.58,-0.65,0
2025-03-26,Baixa,Baixa,-4.46,-0.31,0
2025-03-27,Baixa,Baixa,-4.19,0.36,1
2025-03-28,Baixa,Baixa,-2.18,-0.63,0
2025-03-31,Baixa,Baixa,-1.68,0.05,1
2025-04-01,Baixa,Baixa,-1.25,-0.58,0
2025-04-02,Baixa,Baixa,-1.11,0.32,1
2025-04-03,Baixa,Baixa,-1.56,-0.42,0
2025-04-04,Baixa,Baixa,-1.56,-0.12,0
2025-04-07,Baixa,Baixa,-1.86,0.51,1
2025-04-08,Baixa,Baixa,-1.94,-0.03,0
2025-04-09,Baixa,Baixa,-2.10,0.11,1
2025-04-10,Baixa,Baixa,-1.73,0.11,2
2025-04-11,Alta,Alta,-1.13,0.87,3
2025-04-14,Alta,Alta,-0.61,-0.50,0
2025-04-15,Alta,Alta,0.00,0.30,1
2025-04-16,Alta,Alta,0.69,0.00,0
2025-04-17,Alta,Alta,1.30,0.53,1
2025-04-21,Alta,Alta,1.38,-0.45,0
2025-04-22,Alta,Alta,1.53,0.86,1
2025-04-23,Alta,Alta,1.75,0.56,2
2025-04-24,Alta,Alta,2.05,0.80,3
2025-04-25,Alta,Alta,2.20,-0.50,0
2025-04-28,Alta,Alta,2.34,-0.74,0
2025-04-29,Baixa,Alta,2.11,-0.84,0
2025-04-30,Baixa,Alta,1.57,-0.87,0
2025-05-01,Baixa,Alta,1.04,0.12,1
2025-05-02,Baixa,Alta,0.67,0.16,2
2025-05-05,Baixa,Alta,0.22,-0.59,0
2025-05-06,Baixa,Alta,0.15,0.10,1
2025-05-07,Baixa,Alta,0.22,-0.65,0
2025-05-08,Baixa,Alta,0.22,-0.58,0
2025-05-09,Alta,Alta,0.29,0.50,1
2025-05-12,Alta,Alta,0.44,0.16,2
2025-05-13,Alta,Alta,0.66,-0.57,0
2025-05-14,Baixa,Baixa,0.74,-0.26,0
2025-05-15,Baixa,Baixa,0.59,0.05,1
2025-05-16,Baixa,Baixa,0.15,0.44,2
2025-05-19,Baixa,Baixa,-0.15,-0.77,0
2025-05-20,Alta,Alta,-0.37,0.75,1
2025-05-21,Alta,Alta,-0.22,0.22,2
2025-05-22,Alta,Alta,0.15,0.46,3
2025-05-23,Alta,Alta,0.59,0.03,4
2025-05-27,Alta,Alta,0.88,0.18,5
2025-05-28,Baixa,Alta,0.88,-0.67,0
2025-05-29,Baixa,Alta,0.73,0.37,1
2025-05-30,Alta,Alta,0.44,0.78,2
2025-06-02,Baixa,Alta,0.15,-0.71,0
2025-06-03,Baixa,Baixa,0.00,-0.59,0
2025-06-04,Baixa,Alta,0.00,0.25,1
2025-06-05,Alta,Alta,0.00,0.00,0
2025-06-06,Alta,Alta,0.15,0.50,1
2025-06-09,Alta,Alta,0.36,0.35,2
2025-06-10,Alta,Alta,0.65,-0.25,0
2025-06-11,Alta,Alta,0.95,-0.26,0
2025-06-12,Baixa,Alta,1.24,-0.65,0
2025-06-13,Baixa,Baixa,1.16,-0.50,0
2025-06-16,Baixa,Baixa,1.38,0.24,1
2025-06-17,Baixa,Baixa,1.45,0.53,2
2025-06-18,Alta,Alta,1.59,1.00,3
2025-06-20,Baixa,Baixa,1.58,-0.94,0
2025-06-23,Baixa,Baixa,1.79,0.39,1
2025-06-24,Alta,Alta,1.93,-0.02,0
2025-06-25,Baixa,Baixa,1.50,-0.35,0
2025-06-26,Baixa,Baixa,1.06,0.20,1
2025-06-27,Baixa,Baixa,0.64,-0.97,0
2025-06-30,Baixa,Baixa,0.28,-0.30,0
2025-07-01,Alta,Baixa,-0.35,0.89,1
2025-07-02,Alta,Baixa,-0.35,-0.29,0
2025-07-03,Alta,Baixa,-0.56,0.21,1
2025-07-07,Alta,Baixa,-0.77,-0.05,0
2025-07-08,Alta,Baixa,-1.05,-0.96,0
2025-07-09,Alta,Alta,-1.13,0.25,1
2025-07-10,Alta,Alta,-1.20,-0.45,0
2025-07-11,Alta,Alta,-1.06,0.18,1
2025-07-14,Baixa,Baixa,-0.78,-0.67,0
2025-07-15,Baixa,Alta,-0.50,-0.23,0
2025-07-16,Alta,Alta,-0.36,0.33,1
2025-07-17,Baixa,Baixa,-0.14,-0.29,0
2025-07-18,Baixa,Baixa,-0.14,-0.22,0
2025-07-21,Baixa,Alta,-0.07,0.30,1
2025-07-22,Baixa,Baixa,0.00,0.00,0
2025-07-23,Baixa,Alta,-0.07,0.00,0
2025-07-24,Baixa,Baixa,-0.43,-0.06,0
2025-07-25,Baixa,Baixa,-0.57,-0.41,0
2025-07-28,Baixa,Baixa,-0.71,-0.92,0
2025-07-29,Baixa,Baixa,-1.00,-0.64,0
2025-07-30,Baixa,Baixa,-1.14,-0.02,0
2025-07-31,Baixa,Baixa,-1.08,-0.54,0
2025-08-01,Baixa,Baixa,-1.29,-0.60,0
2025-08-04,Baixa,Baixa,-1.58,-0.40,0
2025-08-05,Baixa,Baixa,-1.87,-0.29,0
2025-08-06,Baixa,Baixa,-2.17,-0.71,0
2025-08-07,Baixa,Baixa,-2.46,0.00,0
2025-08-08,Baixa,Baixa,-2.55,0.42,1
2025-08-11,Baixa,Baixa,-2.70,-0.73,0
2025-08-12,Baixa,Baixa,-3.01,-0.31,0
2025-08-13,Baixa,Baixa,-3.18,0.00,0
2025-08-14,Baixa,Baixa,-3.34,-0.15,0
2025-08-15,Baixa,Baixa,-3.58,0.42,1
2025-08-18,Baixa,Baixa,-3.83,0.00,0
2025-08-19,Baixa,Baixa,-3.79,-0.47,0
2025-08-20,Baixa,Baixa,-3.89,-0.70,0
2025-08-21,Alta,Baixa,-3.77,1.00,1
2025-08-22,Alta,Baixa,-3.49,0.25,2
2025-08-25,Alta,Baixa,-3.20,0.12,3
2025-08-26,Alta,Baixa,-2.76,-0.38,0
2025-08-27,Baixa,Baixa,-2.62,-0.78,0
2025-08-28,Baixa,Baixa,-2.64,0.27,1
2025-08-29,Baixa,Baixa,-2.97,-0.93,0
2025-09-02,Baixa,Baixa,-3.23,-0.30,0
2025-09-03,Baixa,Baixa,-3.56,0.44,1
2025-09-04,Alta,Baixa,-3.51,0.64,2
2025-09-05,Baixa,Baixa,-3.69,-0.43,0
2025-09-08,Baixa,Baixa,-3.64,-1.00,0
2025-09-09,Baixa,Baixa,-3.58,-0.12,0
2025-09-10,Baixa,Baixa,-3.86,-0.80,0
2025-09-11,Baixa,Baixa,-4.40,-1.00,0
2025-09-12,Baixa,Baixa,-4.86,0.09,1
2025-09-15,Baixa,Baixa,-5.41,-0.30,0
2025-09-16,Baixa,Baixa,-6.14,-0.59,0
2025-09-17,Baixa,Baixa,-6.46,0.48,1
2025-09-18,Baixa,Baixa,-6.72,-0.73,0
2025-09-19,Baixa,Baixa,-6.98,0.98,1
2025-09-22,Alta,Baixa,-6.90,0.82,2
2025-09-23,Alta,Baixa,-6.45,-0.27,0
2025-09-24,Alta,Baixa,-5.98,0.61,1
2025-09-25,Alta,Alta,-4.74,0.62,2
2025-09-26,Alta,Alta,-3.37,0.99,3
2025-09-29,Alta,Alta,-1.75,0.63,4
2025-09-30,Alta,Alta,-0.20,0.71,5
2025-10-01,Alta,Alta,1.39,0.24,6
2025-10-02,Alta,Alta,2.19,0.06,7
2025-10-03,Alta,Alta,2.89,-0.51,0
2025-10-06,Baixa,Alta,3.08,0.03,1
2025-10-07,Baixa,Alta,3.06,-0.24,0
2025-10-08,Baixa,Alta,3.43,0.73,1
2025-10-09,Baixa,Alta,3.60,-0.57,0
2025-10-10,Baixa,Alta,3.78,-0.62,0
2025-10-13,Baixa,Alta,3.95,-0.28,0
2025-10-14,Baixa,Alta,3.92,-0.49,0
2025-10-15,Baixa,Alta,3.41,-0.71,0
2025-10-16,Baixa,Alta,3.10,-0.32,0
2025-10-17,Baixa,Alta,2.80,0.34,1
2025-10-20,Alta,Alta,2.96,0.84,2
2025-10-21,Alta,Alta,3.22,-0.84,0
2025-10-22,Alta,Alta,3.85,0.45,1
2025-10-23,Alta,Alta,4.47,0.43,2
2025-10-24,Alta,Alta,5.35,0.80,3
2025-10-27,Alta,Alta,5.67,-0.26,0
2025-10-28,Baixa,Alta,5.89,0.07,1
2025-10-29,Baixa,Alta,5.64,-0.97,0
2025-10-30,Baixa,Alta,5.41,-0.99,0
2025-10-31,Baixa,Alta,4.57,-0.02,0
2025-11-03,Baixa,Alta,3.66,-0.36,0
2025-11-04,Baixa,Alta,3.03,-0.45,0
2025-11-05,Baixa,Alta,2.67,0.43,1
2025-11-06,Baixa,Baixa,2.24,-0.93,0
2025-11-07,Baixa,Alta,2.06,0.00,0
2025-11-10,Baixa,Alta,2.30,0.61,1
2025-11-11,Baixa,Baixa,2.37,-0.57,0
2025-11-12,Baixa,Baixa,2.20,-0.18,0
2025-11-13,Baixa,Baixa,1.70,-0.52,0
2025-11-14,Baixa,Baixa,1.69,0.62,1
2025-11-17,Alta,Alta,1.93,0.74,2
2025-11-18,Alta,Alta,2.08,-0.66,0
2025-11-19,Alta,Alta,2.70,0.57,1
2025-11-20,Alta,Alta,3.82,-0.22,0
2025-11-21,Alta,Alta,4.60,-0.05,0
2025-11-24,Baixa,Baixa,4.72,-0.51,0
2025-11-25,Baixa,Baixa,5.01,-0.67,0
2025-11-26,Baixa,Baixa,4.80,-0.03,0
2025-11-28,Baixa,Baixa,4.60,-0.21,0
2025-12-01,Baixa,Baixa,4.32,-0.13,0
2025-12-02,Baixa,Baixa,3.98,-0.02,0
2025-12-03,Baixa,Baixa,3.50,0.16,1
2025-12-04,Alta,Baixa,3.03,0.22,2
2025-12-05,Baixa,Baixa,1.91,-0.89,0
2025-12-08,Alta,Baixa,0.95,0.96,1
2025-12-09,Alta,Baixa,-0.14,0.55,2
2025-12-10,Alta,Baixa,-1.22,0.42,3
2025-12-11,Alta,Baixa,-2.22,0.26,4
2025-12-12,Baixa,Baixa,-2.73,-0.53,0
2025-12-15,Baixa,Baixa,-3.24,0.10,1
2025-12-16,Baixa,Baixa,-3.26,0.11,2
2025-12-17,Baixa,Baixa,-3.13,-0.04,0
2025-12-18,Alta,Baixa,-3.01,0.84,1
2025-12-19,Baixa,Baixa,-2.88,-0.69,0
2025-12-22,Baixa,Baixa,-2.98,-0.76,0
2025-12-23,Baixa,Baixa,-3.22,0.21,1
2025-12-24,Baixa,Baixa,-3.31,-0.03,0
2025-12-26,Baixa,Baixa,-3.33,-0.03,0
2025-12-29,Baixa,Baixa,-3.05,0.71,1
2025-12-30,Alta,Baixa,-2.69,0.57,2
2025-12-31,Alta,Baixa,-2.63,0.75,3
2026-01-02,Alta,Baixa,-2.65,-0.80,0
2026-01-05,Alta,Alta,-2.50,0.82,1
2026-01-06,Alta,Alta,-2.36,0.66,2
2026-01-07,Alta,Baixa,-2.60,-0.88,0
2026-01-08,Alta,Alta,-2.38,0.76,1
2026-01-09,Baixa,Baixa,-2.24,-0.81,0
2026-01-12,Baixa,Baixa,-2.25,-0.80,0
2026-01-13,Baixa,Baixa,-2.33,0.23,1
2026-01-14,Baixa,Baixa,-2.02,0.20,2
2026-01-15,Alta,Alta,-1.79,0.98,3
2026-01-16,Alta,Alta,-1.47,0.67,4
2026-01-20,Alta,Alta,-1.23,0.34,5
2026-01-21,Baixa,Alta,-0.91,-0.24,0
2026-01-22,Baixa,Baixa,-0.74,-0.41,0
2026-01-23,Baixa,Baixa,-0.75,0.10,1
2026-01-26,Baixa,Baixa,-0.66,0.21,2
2026-01-27,Baixa,Baixa,-0.67,-0.96,0
2026-01-28,Baixa,Baixa,-0.50,0.14,1
2026-01-29,Baixa,Baixa,-0.50,0.00,0
2026-01-30,Baixa,Baixa,-0.92,0.00,0
2026-02-02,Alta,Baixa,-1.25,0.82,1
2026-02-03,Alta,Baixa,-1.59,0.00,0
2026-02-04,Baixa,Baixa,-2.34,-0.92,0
2026-02-05,Baixa,Baixa,-2.85,-0.25,0
2026-02-06,Baixa,Baixa,-2.70,0.78,1
2026-02-09,Baixa,Baixa,-2.54,0.44,2
2026-02-10,Baixa,Baixa,-2.38,0.01,3
2026-02-11,Alta,Baixa,-1.97,0.45,4
2026-02-12,Alta,Baixa,-1.38,0.48,5
2026-02-13,Alta,Alta,-0.87,0.58,6
2026-02-17,Alta,Alta,-0.69,-0.16,0
2026-02-18,Alta,Baixa,-0.44,-0.84,0
2026-02-19,Alta,Alta,-0.35,0.41,1
2026-02-20,Baixa,Baixa,-0.44,-0.85,0
2026-02-23,Baixa,Baixa,-0.61,0.00,0
2026-02-24,Baixa,Baixa,-0.79,0.00,0
2026-02-25,Baixa,Baixa,-1.05,0.00,0
2026-02-26,Alta,Baixa,-1.05,0.02,1
2026-02-27,Alta,Alta,-0.88,0.98,2
2026-03-02,Baixa,Baixa,-0.97,-1.00,0
2026-03-03,Baixa,Baixa,-0.97,-1.00,0
2026-03-04,Baixa,Baixa,-1.24,-0.92,0
2026-03-05,Baixa,Baixa,-1.42,0.73,1
2026-03-06,Baixa,Baixa,-1.50,0.38,2
2026-03-09,Baixa,Baixa,-1.33,0.35,3
2026-03-10,Baixa,Baixa,-1.25,-0.47,0
2026-03-11,Baixa,Baixa,-0.81,-0.85,0
2026-03-12,Baixa,Baixa,-0.81,-1.00,0
2026-03-13,Baixa,Baixa,-0.99,-1.00,0
2026-03-16,Baixa,Baixa,-1.44,-0.59,0
2026-03-17,Baixa,Baixa,-1.62,0.02,1
2026-03-18,Alta,Baixa,-2.08,-0.08,0
2026-03-19,Baixa,Baixa,-2.71,-0.64,0
2026-03-20,Baixa,Baixa,-3.27,0.04,1
2026-03-23,Baixa,Baixa,-3.65,-0.89,0
2026-03-24,Baixa,Baixa,-4.12,0.39,1
2026-03-25,Baixa,Baixa,-4.24,-0.97,0
2026-03-26,Alta,Baixa,-4.00,0.43,1
2026-03-27,Alta,Baixa,-3.85,-0.33,0
2026-03-30,Alta,Baixa,-3.69,-0.06,0
2026-03-31,Alta,Baixa,-3.72,-0.29,0
2026-04-01,Alta,Baixa,-3.85,-0.07,0
2026-04-02,Alta,Baixa,-3.88,1.00,1
2026-04-06,Baixa,Baixa,-4.00,-0.85,0
2026-04-07,Baixa,Baixa,-4.33,-0.95,0
2026-04-08,Baixa,Baixa,-4.37,0.30,1
2026-04-09,Baixa,Baixa,-4.30,0.07,2
2026-04-10,Baixa,Baixa,-4.33,0.35,3
2026-04-13,Alta,Baixa,-4.17,0.06,4
2026-04-14,Alta,Baixa,-3.60,0.64,5
2026-04-15,Alta,Baixa,-3.42,0.02,6
2026-04-16,Baixa,Baixa,-3.45,-0.32,0
2026-04-17,Baixa,Baixa,-3.37,-0.07,0
2026-04-20,Alta,Baixa,-3.29,0.55,1
2026-04-21,Baixa,Baixa,-3.30,-0.33,0
2026-04-22,Alta,Baixa,-3.22,0.41,1
2026-04-23,Baixa,Baixa,-3.03,-1.00,0
2026-04-24,Alta,Baixa,-3.16,1.00,1
2026-04-27,Alta,Baixa,-3.51,-0.11,0
2026-04-28,Alta,Baixa,-3.97,-0.49,0
2026-04-29,Alta,Baixa,-4.22,0.71,1
2026-04-30,Baixa,Baixa,-4.47,-0.60,0
2026-05-01,Baixa,Baixa,-4.62,0.42,1
2026-05-04,Alta,Baixa,-4.66,-0.44,0
2026-05-05,Alta,Baixa,-4.36,-0.53,0
2026-05-06,Alta,Baixa,-4.29,0.22,1
2026-05-07,Alta,Baixa,-3.98,-0.15,0
2026-05-08,Alta,Baixa,-3.90,0.54,1
2026-05-11,Alta,Baixa,-3.93,0.91,2
2026-05-12,Alta,Alta,-3.72,0.83,3
2026-05-13,Alta,Alta,-3.39,0.08,4
2026-05-14,Alta,Alta,-3.05,-0.57,0
2026-05-15,Alta,Alta,-2.70,-1.00,0
2026-05-18,Alta,Alta,-1.99,-1.00,0
2026-05-19,Baixa,Alta,-1.87,0.00,0
2026-05-20,Baixa,Alta,-1.63,-0.02,0
2026-05-21,Baixa,Baixa,-1.76,-1.00,0
2026-05-22,Baixa,Alta,-1.64,0.55,1
2026-05-26,Baixa,Baixa,-1.77,-0.63,0
2026-05-27,Baixa,Baixa,-1.52,0.95,1
2026-05-28,Baixa,Baixa,-1.53,-0.58,0
2026-05-29,Alta,Alta,-1.53,0.19,1
2026-06-01,Alta,Alta,-1.28,0.43,2
2026-06-02,Baixa,Baixa,-1.03,0.43,3
2026-06-03,Alta,Baixa,-0.77,0.33,4
2026-06-04,Baixa,Baixa,-0.65,0.17,5
2026-06-05,Baixa,Baixa,-0.26,0.62,6
2026-06-08,Baixa,Baixa,-0.39,-0.20,0
2026-06-09,Baixa,Baixa,-0.39,0.33,1
2026-06-10,Baixa,Baixa,-0.78,-0.74,0
2026-06-11,Baixa,Baixa,-0.91,-0.20,0
2026-06-12,Baixa,Baixa,-1.17,-0.80,0
2026-06-15,Baixa,Baixa,-1.17,0.64,1
2026-06-16,Baixa,Baixa,-1.18,0.54,2
2026-06-17,Baixa,Baixa,-0.79,0.37,3
2026-06-18,Baixa,Baixa,-0.39,-0.10,0
2026-06-22,Baixa,Baixa,-0.40,-0.40,0
2026-06-23,Baixa,Baixa,-0.53,-0.69,0
