Date,Tendencia_7d,Tendencia_50d,Forca_Tendencia,Forca_Movimento,Velas_Alta_Consecutivas
2016-10-07,Baixa,Baixa,,0.00,0
2016-10-10,Baixa,Baixa,,0.00,0
2016-10-11,Baixa,Baixa,,-1.00,0
2016-10-12,Baixa,Baixa,,0.00,0
2016-10-13,Baixa,Baixa,,0.00,0
2016-10-14,Baixa,Baixa,-1.23,0.00,0
2016-10-17,Baixa,Baixa,-1.54,1.00,1
2016-10-18,Baixa,Baixa,-1.24,1.00,2
2016-10-19,Alta,Alta,-0.93,0.00,0
2016-10-20,Alta,Alta,-0.19,-1.00,0
2016-10-21,Alta,Alta,0.19,0.00,0
2016-10-24,Alta,Alta,0.63,0.00,0
2016-10-25,Alta,Alta,0.88,0.83,1
2016-10-26,Alta,Alta,0.87,1.00,2
2016-10-27,Alta,Alta,0.94,-0.78,0
2016-10-28,Alta,Alta,0.93,-1.00,0
2016-10-31,Alta,Alta,0.87,0.00,0
2016-11-01,Baixa,Alta,0.81,0.00,0
2016-11-02,Baixa,Alta,0.62,-1.00,0
2016-11-03,Baixa,Alta,0.43,0.00,0
2016-11-04,Baixa,Alta,0.31,0.00,0
2016-11-07,Baixa,Alta,0.31,0.00,0
2016-11-08,Alta,Alta,0.31,0.00,0
2016-11-09,Alta,Alta,0.62,-1.00,0
2016-11-10,Alta,Alta,1.05,0.62,1
2016-11-11,Alta,Alta,1.48,-0.62,0
2016-11-14,Alta,Alta,1.97,-0.15,0
2016-11-15,Alta,Alta,2.39,-0.80,0
2016-11-16,Alta,Alta,2.51,-0.71,0
2016-11-17,Alta,Alta,2.50,0.63,1
2016-11-18,Alta,Alta,2.42,0.50,2
2016-11-21,Alta,Alta,2.29,-0.72,0
2016-11-22,Alta,Alta,2.16,-0.15,0
2016-11-23,Alta,Alta,2.15,0.78,1
2016-11-25,Alta,Alta,2.02,-0.61,0
2016-11-28,Baixa,Alta,1.95,-1.00,0
2016-11-29,Baixa,Alta,1.83,-0.31,0
2016-11-30,Alta,Alta,1.76,0.32,1
2016-12-01,Alta,Alta,1.69,-0.63,0
2016-12-02,Alta,Alta,1.63,0.44,1
2016-12-05,Alta,Alta,1.62,-0.70,0
2016-12-06,Alta,Alta,1.68,-0.47,0
2016-12-07,Alta,Alta,1.73,-0.36,0
2016-12-08,Alta,Alta,1.78,0.74,1
2016-12-09,Alta,Alta,1.83,0.67,2
2016-12-12,Alta,Alta,1.83,-0.69,0
2016-12-13,Alta,Alta,1.76,-0.75,0
2016-12-14,Baixa,Alta,1.70,-0.69,0
2016-12-15,Alta,Alta,1.58,0.08,1
2016-12-16,Baixa,Alta,1.52,-0.61,0
2016-12-19,Baixa,Alta,1.63,0.50,1
2016-12-20,Alta,Alta,1.84,0.92,2
2016-12-21,Alta,Alta,2.06,0.30,3
2016-12-22,Alta,Alta,2.28,-0.79,0
2016-12-23,Alta,Alta,2.55,0.90,1
2016-12-27,Alta,Alta,2.70,0.67,2
2016-12-28,Baixa,Alta,2.69,-0.95,0
2016-12-29,Baixa,Alta,2.67,-0.99,0
2016-12-30,Baixa,Alta,2.61,0.38,1
2017-01-03,Baixa,Alta,2.54,-0.80,0
2017-01-04,Alta,Alta,2.42,0.44,1
2017-01-05,Baixa,Alta,2.35,-0.56,0
2017-01-06,Alta,Alta,2.29,-0.87,0
2017-01-09,Baixa,Alta,2.28,-0.43,0
2017-01-10,Alta,Alta,2.21,0.33,1
2017-01-11,Alta,Alta,2.15,-0.51,0
2017-01-12,Baixa,Alta,2.19,-0.44,0
2017-01-13,Alta,Alta,2.13,0.46,1
2017-01-17,Baixa,Alta,2.12,-0.98,0
2017-01-18,Baixa,Alta,2.06,0.37,1
2017-01-19,Baixa,Alta,2.05,-0.83,0
2017-01-20,Baixa,Alta,1.94,-0.67,0
2017-01-23,Baixa,Alta,1.88,-0.15,0
2017-01-24,Alta,Alta,1.77,0.29,1
2017-01-25,Alta,Alta,1.72,0.46,2
2017-01-26,Alta,Alta,1.56,0.37,3
2017-01-27,Alta,Alta,1.40,-0.20,0
2017-01-30,Alta,Alta,1.20,-0.10,0
2017-01-31,Baixa,Alta,1.10,-0.79,0
2017-02-01,Baixa,Alta,0.99,-0.93,0
2017-02-02,Baixa,Alta,0.84,0.35,1
2017-02-03,Alta,Alta,0.84,0.86,2
2017-02-06,Alta,Alta,0.84,0.00,0
2017-02-07,Alta,Alta,0.79,-0.89,0
2017-02-08,Baixa,Alta,0.69,-0.76,0
2017-02-09,Alta,Alta,0.79,0.63,1
2017-02-10,Alta,Alta,0.78,-0.59,0
2017-02-13,Alta,Alta,0.78,-0.67,0
2017-02-14,Alta,Alta,0.83,0.93,1
2017-02-15,Alta,Alta,0.93,-0.32,0
2017-02-16,Alta,Alta,0.93,-0.50,0
2017-02-17,Alta,Alta,0.88,0.74,1
2017-02-21,Alta,Alta,0.87,0.38,2
2017-02-22,Alta,Alta,0.78,0.21,3
2017-02-23,Baixa,Alta,0.68,-0.13,0
2017-02-24,Baixa,Alta,0.58,-0.43,0
2017-02-27,Alta,Alta,0.58,0.73,1
2017-02-28,Baixa,Alta,0.53,-0.07,0
2017-03-01,Alta,Alta,0.63,0.80,1
2017-03-02,Alta,Alta,0.67,-1.00,0
2017-03-03,Alta,Alta,0.72,0.06,1
2017-03-06,Baixa,Alta,0.67,0.20,2
2017-03-07,Baixa,Alta,0.67,-0.86,0
2017-03-08,Baixa,Alta,0.57,-1.00,0
2017-03-09,Baixa,Alta,0.48,-0.05,0
2017-03-10,Baixa,Alta,0.43,-0.60,0
2017-03-13,Baixa,Alta,0.38,0.22,1
2017-03-14,Baixa,Alta,0.43,0.10,2
2017-03-15,Baixa,Alta,0.38,-0.66,0
2017-03-16,Baixa,Alta,0.43,-0.14,0
2017-03-17,Baixa,Alta,0.38,-0.76,0
2017-03-20,Baixa,Baixa,0.38,-1.00,0
2017-03-21,Baixa,Baixa,0.19,-0.98,0
2017-03-22,Baixa,Baixa,0.09,0.28,1
2017-03-23,Baixa,Baixa,-0.09,0.08,2
2017-03-24,Baixa,Baixa,-0.19,-0.26,0
2017-03-27,Baixa,Baixa,-0.28,0.46,1
2017-03-28,Alta,Baixa,-0.28,0.76,2
2017-03-29,Alta,Baixa,-0.19,-0.73,0
2017-03-30,Alta,Baixa,-0.05,0.23,1
2017-03-31,Alta,Baixa,0.05,-0.95,0
2017-04-03,Alta,Baixa,0.09,-0.34,0
2017-04-04,Baixa,Baixa,0.14,0.00,0
2017-04-05,Baixa,Baixa,0.05,-0.72,0
2017-04-06,Baixa,Baixa,-0.05,-0.07,0
2017-04-07,Baixa,Baixa,-0.19,0.55,1
2017-04-10,Baixa,Baixa,-0.28,-0.19,0
2017-04-11,Baixa,Baixa,-0.33,0.38,1
2017-04-12,Baixa,Baixa,-0.38,-0.88,0
2017-04-13,Baixa,Baixa,-0.43,-0.90,0
2017-04-17,Baixa,Baixa,-0.38,0.25,1
2017-04-18,Baixa,Baixa,-0.43,0.08,2
2017-04-19,Baixa,Baixa,-0.52,0.10,3
2017-04-20,Alta,Baixa,-0.48,0.89,4
2017-04-21,Alta,Baixa,-0.43,-0.27,0
2017-04-24,Alta,Baixa,-0.43,0.23,1
2017-04-25,Alta,Baixa,-0.33,-0.83,0
2017-04-26,Alta,Baixa,-0.29,0.16,1
2017-04-27,Alta,Baixa,-0.33,-0.40,0
2017-04-28,Baixa,Baixa,-0.43,-0.95,0
2017-05-01,Alta,Baixa,-0.53,0.76,1
2017-05-02,Baixa,Baixa,-0.57,-0.63,0
2017-05-03,Alta,Baixa,-0.62,0.67,1
2017-05-04,Alta,Baixa,-0.62,-0.71,0
2017-05-05,Alta,Baixa,-0.58,-0.71,0
2017-05-08,Alta,Baixa,-0.53,0.87,1
2017-05-09,Baixa,Baixa,-0.53,-0.32,0
2017-05-10,Alta,Baixa,-0.53,0.00,0
2017-05-11,Baixa,Baixa,-0.63,-0.10,0
2017-05-12,Baixa,Baixa,-0.68,-0.21,0
2017-05-15,Baixa,Baixa,-0.72,0.96,1
2017-05-16,Alta,Alta,-0.73,0.26,2
2017-05-17,Baixa,Baixa,-0.78,-0.60,0
2017-05-18,Baixa,Baixa,-0.78,0.74,1
2017-05-19,Baixa,Baixa,-0.83,0.50,2
2017-05-22,Baixa,Baixa,-0.83,0.22,3
2017-05-23,Alta,Baixa,-0.88,0.79,4
2017-05-24,Alta,Baixa,-0.78,0.09,5
2017-05-25,Alta,Baixa,-0.73,-0.59,0
2017-05-26,Alta,Baixa,-0.69,-0.54,0
2017-05-30,Baixa,Baixa,-0.69,-0.35,0
2017-05-31,Baixa,Baixa,-0.64,-0.42,0
2017-06-01,Baixa,Baixa,-0.59,0.40,1
2017-06-02,Baixa,Baixa,-0.49,-0.15,0
2017-06-05,Baixa,Baixa,-0.35,0.27,1
2017-06-06,Baixa,Baixa,-0.30,0.08,2
2017-06-07,Alta,Baixa,-0.20,0.00,0
2017-06-08,Alta,Alta,-0.15,0.56,1
2017-06-09,Alta,Alta,-0.05,0.81,2
2017-06-12,Alta,Alta,-0.05,-0.10,0
2017-06-13,Alta,Alta,0.10,0.10,1
2017-06-14,Alta,Alta,0.15,0.26,2
2017-06-15,Alta,Alta,0.15,-0.54,0
2017-06-16,Baixa,Alta,0.20,-0.72,0
2017-06-19,Alta,Alta,0.25,0.32,1
2017-06-20,Baixa,Alta,0.20,-0.56,0
2017-06-21,Baixa,Alta,0.20,-0.91,0
2017-06-22,Baixa,Baixa,0.20,-0.74,0
2017-06-23,Baixa,Baixa,0.10,-0.72,0
2017-06-26,Baixa,Baixa,0.15,0.60,1
2017-06-27,Baixa,Alta,0.20,0.33,2
2017-06-28,Alta,Alta,0.25,0.27,3
2017-06-29,Alta,Alta,0.35,-0.20,0
2017-06-30,Alta,Alta,0.44,-0.40,0
2017-07-03,Alta,Alta,0.49,0.78,1
2017-07-05,Alta,Alta,0.54,-0.46,0
2017-07-06,Alta,Alta,0.49,0.16,1
2017-07-07,Alta,Alta,0.44,-0.48,0
2017-07-10,Alta,Alta,0.44,0.58,1
2017-07-11,Baixa,Alta,0.39,-0.14,0
2017-07-12,Baixa,Alta,0.34,-0.67,0
2017-07-13,Alta,Alta,0.39,0.83,1
2017-07-14,Baixa,Alta,0.39,-0.17,0
2017-07-17,Baixa,Alta,0.34,-0.48,0
2017-07-18,Baixa,Alta,0.24,0.41,1
2017-07-19,Baixa,Alta,0.24,-0.42,0
2017-07-20,Baixa,Alta,0.20,0.18,1
2017-07-21,Baixa,Alta,0.15,-0.83,0
2017-07-24,Alta,Alta,0.15,0.91,1
2017-07-25,Alta,Alta,0.29,0.43,2
2017-07-26,Alta,Alta,0.29,-0.85,0
2017-07-27,Baixa,Alta,0.29,-0.46,0
2017-07-28,Baixa,Alta,0.39,-0.12,0
2017-07-31,Alta,Alta,0.49,0.10,1
2017-08-01,Alta,Alta,0.44,-0.40,0
2017-08-02,Alta,Alta,0.54,-0.43,0
2017-08-03,Alta,Alta,0.58,-0.91,0
2017-08-04,Alta,Alta,0.58,-0.25,0
2017-08-07,Alta,Alta,0.53,-0.89,0
2017-08-08,Alta,Alta,0.58,0.14,1
2017-08-09,Baixa,Alta,0.53,-0.58,0
2017-08-10,Baixa,Baixa,0.53,-0.66,0
2017-08-11,Baixa,Baixa,0.48,-0.47,0
2017-08-14,Baixa,Alta,0.53,0.78,1
2017-08-15,Baixa,Alta,0.48,-0.08,0
2017-08-16,Baixa,Baixa,0.48,-0.52,0
2017-08-17,Baixa,Baixa,0.43,-0.96,0
2017-08-18,Baixa,Baixa,0.38,0.38,1
2017-08-21,Baixa,Baixa,0.19,-0.07,0
2017-08-22,Baixa,Baixa,0.05,0.91,1
2017-08-23,Baixa,Baixa,-0.05,0.70,2
2017-08-24,Alta,Baixa,-0.14,0.33,3
2017-08-25,Alta,Baixa,-0.14,0.40,4
2017-08-28,Alta,Baixa,-0.14,-0.74,0
2017-08-29,Baixa,Baixa,-0.14,0.58,1
2017-08-30,Baixa,Baixa,-0.14,0.00,0
2017-08-31,Baixa,Baixa,-0.10,-0.76,0
2017-09-01,Alta,Baixa,-0.05,0.42,1
2017-09-05,Baixa,Baixa,-0.05,-0.93,0
2017-09-06,Baixa,Baixa,0.00,-0.32,0
2017-09-07,Baixa,Baixa,-0.05,-0.74,0
2017-09-08,Baixa,Baixa,-0.14,0.36,1
2017-09-11,Alta,Baixa,-0.29,0.81,2
2017-09-12,Alta,Baixa,-0.29,0.76,3
2017-09-13,Alta,Baixa,-0.34,0.27,4
2017-09-14,Alta,Baixa,-0.38,-0.96,0
2017-09-15,Alta,Baixa,-0.34,0.73,1
2017-09-18,Alta,Alta,-0.29,0.89,2
2017-09-19,Alta,Alta,-0.24,0.77,3
2017-09-20,Alta,Alta,-0.19,0.54,4
2017-09-21,Alta,Alta,-0.10,0.74,5
2017-09-22,Alta,Alta,0.00,0.90,6
2017-09-25,Alta,Alta,0.05,-0.13,0
2017-09-26,Alta,Alta,0.10,0.67,1
2017-09-27,Alta,Alta,0.14,0.54,2
2017-09-28,Alta,Alta,0.24,0.00,0
2017-09-29,Alta,Alta,0.29,0.28,1
2017-10-02,Alta,Alta,0.43,0.08,2
2017-10-03,Alta,Alta,0.48,-0.44,0
2017-10-04,Baixa,Alta,0.48,-1.00,0
2017-10-05,Alta,Alta,0.48,0.49,1
2017-10-06,Alta,Alta,0.53,-0.33,0
2017-10-09,Alta,Alta,0.48,-0.89,0
2017-10-10,Alta,Alta,0.53,-0.19,0
2017-10-11,Alta,Alta,0.53,-0.27,0
2017-10-12,Baixa,Alta,0.53,-0.81,0
2017-10-13,Baixa,Alta,0.43,-0.33,0
2017-10-16,Baixa,Alta,0.38,0.36,1
2017-10-17,Baixa,Alta,0.29,-0.61,0
2017-10-18,Baixa,Alta,0.29,0.45,1
2017-10-19,Alta,Alta,0.29,0.63,2
2017-10-20,Alta,Alta,0.38,0.50,3
2017-10-23,Alta,Alta,0.48,-0.59,0
2017-10-24,Alta,Alta,0.57,0.00,0
2017-10-25,Alta,Alta,0.67,-0.30,0
2017-10-26,Alta,Alta,0.71,0.70,1
2017-10-27,Alta,Alta,0.81,0.11,2
2017-10-30,Alta,Alta,0.85,-0.43,0
2017-10-31,Baixa,Alta,0.90,0.19,1
2017-11-01,Baixa,Alta,0.94,-0.52,0
2017-11-02,Alta,Alta,0.99,0.71,1
2017-11-03,Alta,Alta,0.94,-0.41,0
2017-11-06,Baixa,Alta,0.94,0.76,1
2017-11-07,Baixa,Alta,0.84,-0.92,0
2017-11-08,Baixa,Alta,0.80,-0.16,0
2017-11-09,Baixa,Baixa,0.70,-0.44,0
2017-11-10,Baixa,Baixa,0.61,-0.45,0
2017-11-13,Baixa,Alta,0.56,0.82,1
2017-11-14,Baixa,Alta,0.60,0.83,2
2017-11-15,Alta,Alta,0.65,0.48,3
2017-11-16,Alta,Alta,0.74,-0.94,0
2017-11-17,Alta,Alta,0.83,0.23,1
2017-11-20,Alta,Alta,0.88,0.76,2
2017-11-21,Alta,Alta,0.88,-0.10,0
2017-11-22,Alta,Baixa,0.78,-0.91,0
2017-11-24,Baixa,Baixa,0.74,-0.96,0
2017-11-27,Baixa,Baixa,0.64,-0.13,0
2017-11-28,Alta,Alta,0.60,0.99,1
2017-11-29,Alta,Alta,0.64,0.81,2
2017-11-30,Alta,Alta,0.73,-0.13,0
2017-12-01,Alta,Alta,0.78,-0.25,0
2017-12-04,Alta,Alta,0.87,0.00,0
2017-12-05,Alta,Alta,0.91,-0.84,0
2017-12-06,Alta,Alta,0.91,-0.25,0
2017-12-07,Alta,Alta,0.86,0.14,1
2017-12-08,Alta,Alta,0.82,-0.46,0
2017-12-11,Baixa,Alta,0.77,-0.79,0
2017-12-12,Alta,Alta,0.72,0.27,1
2017-12-13,Baixa,Alta,0.63,-0.96,0
2017-12-14,Baixa,Alta,0.63,-0.65,0
2017-12-15,Alta,Alta,0.58,0.64,1
2017-12-18,Alta,Alta,0.58,0.70,2
2017-12-19,Alta,Alta,0.58,-0.92,0
2017-12-20,Alta,Alta,0.58,-0.25,0
2017-12-21,Alta,Alta,0.63,0.50,1
2017-12-22,Alta,Alta,0.67,-0.62,0
2017-12-26,Baixa,Alta,0.71,-0.33,0
2017-12-27,Baixa,Alta,0.71,-0.79,0
2017-12-28,Alta,Alta,0.80,1.00,1
2017-12-29,Baixa,Alta,0.76,-1.00,0
2018-01-02,Baixa,Alta,0.76,-0.38,0
2018-01-03,Alta,Alta,0.71,0.10,1
2018-01-04,Alta,Alta,0.71,-0.10,0
2018-01-05,Alta,Alta,0.66,-0.41,0
2018-01-08,Alta,Alta,0.66,-0.35,0
2018-01-09,Alta,Alta,0.71,0.57,1
2018-01-10,Alta,Alta,0.70,0.48,2
2018-01-11,Alta,Alta,0.79,0.06,3
2018-01-12,Alta,Alta,0.88,0.05,4
2018-01-16,Alta,Alta,0.96,-0.05,0
2018-01-17,Alta,Alta,0.96,0.15,1
2018-01-18,Alta,Alta,1.05,-0.15,0
2018-01-19,Alta,Alta,1.05,0.41,1
2018-01-22,Alta,Alta,1.13,0.54,2
2018-01-23,Alta,Alta,1.22,0.27,3
2018-01-24,Alta,Alta,1.39,-0.47,0
2018-01-25,Alta,Alta,1.51,-0.78,0
2018-01-26,Alta,Alta,1.60,-0.14,0
2018-01-29,Alta,Alta,1.64,-0.22,0
2018-01-30,Baixa,Alta,1.63,0.24,1
2018-01-31,Baixa,Alta,1.58,-0.67,0
2018-02-01,Alta,Alta,1.53,0.38,1
2018-02-02,Baixa,Alta,1.53,-0.38,0
2018-02-05,Baixa,Alta,1.36,-0.56,0
2018-02-06,Baixa,Alta,1.27,0.76,1
2018-02-07,Baixa,Alta,1.22,0.49,2
2018-02-08,Baixa,Baixa,1.05,-1.00,0
2018-02-09,Baixa,Baixa,0.88,0.02,1
2018-02-12,Alta,Alta,0.79,0.00,0
2018-02-13,Alta,Alta,0.71,0.32,1
2018-02-14,Alta,Alta,0.62,0.90,2
2018-02-15,Alta,Alta,0.62,0.00,0
2018-02-16,Alta,Alta,0.66,0.16,1
2018-02-20,Alta,Alta,0.70,-0.52,0
2018-02-21,Alta,Alta,0.79,0.48,1
2018-02-22,Baixa,Alta,0.70,-0.94,0
2018-02-23,Alta,Alta,0.74,0.82,1
2018-02-26,Alta,Alta,0.74,-0.16,0
2018-02-27,Baixa,Alta,0.78,-0.77,0
2018-02-28,Baixa,Alta,0.70,-0.97,0
2018-03-01,Baixa,Alta,0.74,-0.06,0
2018-03-02,Baixa,Alta,0.66,0.73,1
2018-03-05,Alta,Alta,0.65,0.44,2
2018-03-06,Alta,Alta,0.61,0.34,3
2018-03-07,Alta,Alta,0.61,0.59,4
2018-03-08,Alta,Alta,0.61,-0.10,0
2018-03-09,Alta,Alta,0.73,0.91,1
2018-03-12,Alta,Alta,0.73,-0.74,0
2018-03-13,Baixa,Alta,0.73,-0.86,0
2018-03-14,Baixa,Alta,0.73,-0.88,0
2018-03-15,Baixa,Alta,0.73,-0.65,0
2018-03-16,Baixa,Alta,0.65,-0.09,0
2018-03-19,Baixa,Baixa,0.61,-0.21,0
2018-03-20,Baixa,Baixa,0.56,-0.74,0
2018-03-21,Baixa,Alta,0.52,-0.16,0
2018-03-22,Baixa,Baixa,0.36,-0.98,0
2018-03-23,Baixa,Baixa,0.16,-0.82,0
2018-03-26,Baixa,Baixa,-0.04,0.93,1
2018-03-27,Baixa,Baixa,-0.24,-0.66,0
2018-03-28,Baixa,Baixa,-0.40,0.29,1
2018-03-29,Baixa,Baixa,-0.48,0.12,2
2018-04-02,Baixa,Baixa,-0.52,-0.43,0
2018-04-03,Alta,Baixa,-0.56,0.06,1
2018-04-04,Alta,Baixa,-0.56,0.89,2
2018-04-05,Alta,Baixa,-0.60,0.04,3
2018-04-06,Baixa,Baixa,-0.64,-0.38,0
2018-04-09,Baixa,Baixa,-0.69,0.22,1
2018-04-10,Alta,Baixa,-0.69,-0.28,0
2018-04-11,Baixa,Baixa,-0.73,-0.26,0
2018-04-12,Alta,Baixa,-0.69,0.78,1
2018-04-13,Baixa,Baixa,-0.69,-0.87,0
2018-04-16,Baixa,Baixa,-0.69,-0.18,0
2018-04-17,Baixa,Baixa,-0.73,-0.84,0
2018-04-18,Baixa,Baixa,-0.61,-0.38,0
2018-04-19,Alta,Baixa,-0.61,0.95,1
2018-04-20,Alta,Baixa,-0.53,0.26,2
2018-04-23,Alta,Baixa,-0.33,0.50,3
2018-04-24,Alta,Baixa,-0.16,-0.31,0
2018-04-25,Alta,Baixa,-0.16,-0.14,0
2018-04-26,Alta,Baixa,-0.12,-0.65,0
2018-04-27,Alta,Baixa,-0.12,0.88,1
2018-04-30,Baixa,Baixa,-0.29,-0.94,0
2018-05-01,Baixa,Baixa,-0.37,0.00,0
2018-05-02,Baixa,Baixa,-0.45,-0.57,0
2018-05-03,Baixa,Baixa,-0.57,0.02,1
2018-05-04,Baixa,Baixa,-0.57,0.43,2
2018-05-07,Alta,Baixa,-0.58,0.03,3
2018-05-08,Alta,Baixa,-0.58,0.54,4
2018-05-09,Alta,Alta,-0.54,0.33,5
2018-05-10,Alta,Alta,-0.37,0.29,6
2018-05-11,Alta,Alta,-0.29,0.50,7
2018-05-14,Alta,Alta,-0.17,-0.24,0
2018-05-15,Alta,Alta,-0.12,-0.04,0
2018-05-16,Alta,Alta,-0.08,-0.27,0
2018-05-17,Alta,Alta,-0.17,0.74,1
2018-05-18,Baixa,Alta,-0.21,-0.69,0
2018-05-21,Baixa,Alta,-0.33,-0.81,0
2018-05-22,Alta,Alta,-0.37,0.34,1
2018-05-23,Baixa,Alta,-0.41,-0.38,0
2018-05-24,Baixa,Alta,-0.37,0.05,1
2018-05-25,Baixa,Alta,-0.42,0.00,0
2018-05-29,Baixa,Baixa,-0.46,-0.76,0
2018-05-30,Baixa,Baixa,-0.46,0.19,1
2018-05-31,Baixa,Baixa,-0.46,-0.04,0
2018-06-01,Baixa,Alta,-0.54,0.19,1
2018-06-04,Alta,Alta,-0.42,0.07,2
2018-06-05,Alta,Alta,-0.21,-0.59,0
2018-06-06,Alta,Alta,-0.04,0.96,1
2018-06-07,Alta,Alta,0.13,-0.51,0
2018-06-08,Alta,Alta,0.34,0.77,1
2018-06-11,Alta,Alta,0.38,-0.74,0
2018-06-12,Baixa,Alta,0.42,-0.18,0
2018-06-13,Baixa,Alta,0.42,-0.51,0
2018-06-14,Baixa,Baixa,0.33,-0.85,0
2018-06-15,Baixa,Baixa,0.25,0.47,1
2018-06-18,Baixa,Baixa,0.21,0.29,2
2018-06-19,Baixa,Baixa,0.17,0.91,3
2018-06-20,Baixa,Baixa,0.08,-0.53,0
2018-06-21,Baixa,Baixa,0.12,0.11,1
2018-06-22,Baixa,Baixa,0.08,-1.00,0
2018-06-25,Baixa,Baixa,0.04,-0.45,0
2018-06-26,Baixa,Baixa,-0.04,-0.73,0
2018-06-27,Baixa,Baixa,-0.04,-0.65,0
2018-06-28,Baixa,Baixa,-0.12,-0.21,0
2018-06-29,Baixa,Baixa,-0.12,-0.45,0
2018-07-02,Baixa,Baixa,-0.17,0.97,1
2018-07-03,Baixa,Baixa,-0.21,-0.51,0
2018-07-05,Baixa,Baixa,-0.29,-0.12,0
2018-07-06,Alta,Baixa,-0.33,0.38,1
2018-07-09,Alta,Baixa,-0.29,0.87,2
2018-07-10,Alta,Baixa,-0.29,-0.56,0
2018-07-11,Alta,Baixa,-0.25,-0.36,0
2018-07-12,Baixa,Baixa,-0.25,-0.67,0
2018-07-13,Baixa,Baixa,-0.21,-0.66,0
2018-07-16,Alta,Baixa,-0.25,0.92,1
2018-07-17,Alta,Baixa,-0.21,-0.10,0
2018-07-18,Alta,Baixa,-0.21,0.89,1
2018-07-19,Alta,Baixa,-0.17,-0.82,0
2018-07-20,Alta,Baixa,-0.21,0.59,1
2018-07-23,Alta,Baixa,-0.25,0.84,2
2018-07-24,Alta,Baixa,-0.34,-0.46,0
2018-07-25,Baixa,Baixa,-0.38,-0.38,0
2018-07-26,Alta,Baixa,-0.42,0.38,1
2018-07-27,Alta,Baixa,-0.42,0.57,2
2018-07-30,Alta,Alta,-0.42,-0.48,0
2018-07-31,Baixa,Baixa,-0.42,-0.89,0
2018-08-01,Alta,Alta,-0.38,0.36,1
2018-08-02,Alta,Alta,-0.38,0.85,2
2018-08-03,Alta,Alta,-0.34,0.18,3
2018-08-06,Alta,Alta,-0.30,-0.26,0
2018-08-07,Alta,Alta,-0.25,0.43,1
2018-08-08,Alta,Alta,-0.13,0.64,2
2018-08-09,Alta,Alta,-0.04,-0.23,0
2018-08-10,Baixa,Alta,0.04,0.10,1
2018-08-13,Baixa,Baixa,0.04,-0.44,0
2018-08-14,Alta,Alta,0.04,0.86,1
2018-08-15,Baixa,Baixa,-0.04,-0.17,0
2018-08-16,Alta,Alta,-0.08,0.73,1
2018-08-17,Alta,Alta,-0.17,1.00,2
2018-08-20,Alta,Alta,-0.17,0.56,3
2018-08-21,Alta,Alta,-0.13,0.55,4
2018-08-22,Alta,Alta,-0.13,-0.46,0
2018-08-23,Baixa,Alta,-0.13,-0.81,0
2018-08-24,Baixa,Alta,-0.04,-0.96,0
2018-08-27,Alta,Alta,0.00,-0.12,0
2018-08-28,Baixa,Alta,0.04,-0.22,0
2018-08-29,Baixa,Alta,0.04,-0.70,0
2018-08-30,Baixa,Alta,0.04,-0.56,0
2018-08-31,Baixa,Alta,0.00,0.11,1
2018-09-04,Baixa,Alta,0.04,0.69,2
2018-09-05,Alta,Alta,0.04,0.12,3
2018-09-06,Baixa,Alta,0.08,-0.80,0
2018-09-07,Baixa,Alta,0.21,-0.21,0
2018-09-10,Baixa,Alta,0.30,-0.50,0
2018-09-11,Baixa,Alta,0.34,-0.35,0
2018-09-12,Baixa,Baixa,0.30,-0.87,0
2018-09-13,Baixa,Baixa,0.30,-0.73,0
2018-09-14,Baixa,Baixa,0.21,0.00,0
2018-09-17,Baixa,Baixa,0.13,-0.76,0
2018-09-18,Baixa,Baixa,0.00,-0.15,0
2018-09-19,Alta,Baixa,0.00,0.85,1
2018-09-20,Alta,Alta,0.00,0.71,2
2018-09-21,Alta,Baixa,0.04,-0.47,0
2018-09-24,Baixa,Baixa,0.08,-0.54,0
2018-09-25,Baixa,Baixa,0.13,-0.67,0
2018-09-26,Baixa,Baixa,0.08,-0.88,0
2018-09-27,Baixa,Baixa,-0.04,-0.93,0
2018-09-28,Baixa,Baixa,-0.17,-0.58,0
2018-10-01,Baixa,Baixa,-0.29,-0.06,0
2018-10-02,Baixa,Baixa,-0.42,0.06,1
2018-10-03,Alta,Baixa,-0.46,0.67,2
2018-10-04,Alta,Baixa,-0.42,0.40,3
2018-10-05,Alta,Baixa,-0.38,-0.51,0
2018-10-08,Alta,Baixa,-0.38,0.66,1
2018-10-09,Alta,Baixa,-0.34,-0.20,0
2018-10-10,Baixa,Baixa,-0.34,-0.63,0
2018-10-11,Baixa,Baixa,-0.47,-0.82,0
2018-10-12,Baixa,Baixa,-0.64,-0.61,0
2018-10-15,Baixa,Baixa,-0.76,-0.18,0
2018-10-16,Baixa,Baixa,-0.89,0.11,1
2018-10-17,Baixa,Baixa,-0.98,0.62,2
2018-10-18,Baixa,Baixa,-1.06,-0.74,0
2018-10-19,Baixa,Baixa,-1.07,0.02,1
2018-10-22,Baixa,Baixa,-1.15,-0.89,0
2018-10-23,Baixa,Baixa,-1.16,0.54,1
2018-10-24,Baixa,Baixa,-1.33,-0.93,0
2018-10-25,Baixa,Baixa,-1.38,0.32,1
2018-10-26,Baixa,Baixa,-1.47,0.27,2
2018-10-29,Alta,Baixa,-1.47,0.20,3
2018-10-30,Alta,Baixa,-1.56,0.58,4
2018-10-31,Alta,Baixa,-1.48,0.36,5
2018-11-01,Alta,Baixa,-1.44,0.19,6
2018-11-02,Alta,Baixa,-1.36,-0.42,0
2018-11-05,Alta,Baixa,-1.27,0.55,1
2018-11-06,Alta,Baixa,-1.19,0.53,2
2018-11-07,Alta,Baixa,-1.15,0.13,3
2018-11-08,Alta,Baixa,-1.11,0.35,4
2018-11-09,Alta,Baixa,-1.06,0.18,5
2018-11-12,Baixa,Baixa,-1.07,-0.67,0
2018-11-13,Baixa,Baixa,-1.07,0.17,1
2018-11-14,Baixa,Baixa,-1.07,-0.54,0
2018-11-15,Alta,Baixa,-1.07,0.83,1
2018-11-16,Baixa,Baixa,-1.08,0.56,2
2018-11-19,Alta,Baixa,-1.08,0.08,3
2018-11-20,Baixa,Baixa,-1.08,-0.83,0
2018-11-21,Baixa,Baixa,-1.08,-0.08,0
2018-11-23,Baixa,Baixa,-1.04,-0.06,0
2018-11-26,Alta,Baixa,-1.00,0.73,1
2018-11-27,Alta,Baixa,-0.91,-0.23,0
2018-11-28,Alta,Baixa,-0.82,0.27,1
2018-11-29,Alta,Baixa,-0.78,-0.06,0
2018-11-30,Alta,Alta,-0.78,0.66,1
2018-12-03,Alta,Alta,-0.82,-0.39,0
2018-12-04,Baixa,Baixa,-0.92,-0.78,0
2018-12-06,Baixa,Baixa,-1.06,0.44,1
2018-12-07,Baixa,Baixa,-1.10,-0.40,0
2018-12-10,Baixa,Baixa,-1.20,-0.67,0
2018-12-11,Baixa,Baixa,-1.29,-0.65,0
2018-12-12,Baixa,Baixa,-1.34,-0.39,0
2018-12-13,Baixa,Baixa,-1.39,-0.79,0
2018-12-14,Baixa,Baixa,-1.53,-0.14,0
2018-12-17,Baixa,Baixa,-1.63,-0.30,0
2018-12-18,Baixa,Baixa,-1.78,-0.56,0
2018-12-19,Baixa,Baixa,-1.97,-0.51,0
2018-12-20,Baixa,Baixa,-2.12,0.27,1
2018-12-21,Baixa,Baixa,-2.17,-0.33,0
2018-12-24,Baixa,Baixa,-2.23,-0.44,0
2018-12-26,Alta,Baixa,-2.14,0.79,1
2018-12-27,Alta,Baixa,-1.96,0.57,2
2018-12-28,Alta,Baixa,-1.83,-0.03,0
2018-12-31,Alta,Baixa,-1.69,-0.10,0
2019-01-02,Alta,Baixa,-1.50,0.95,1
2019-01-03,Alta,Baixa,-1.46,-0.13,0
2019-01-04,Alta,Baixa,-1.32,0.74,1
2019-01-07,Alta,Baixa,-1.13,0.52,2
2019-01-08,Alta,Baixa,-0.88,0.00,0
2019-01-09,Alta,Baixa,-0.74,0.19,1
2019-01-10,Alta,Baixa,-0.49,0.23,2
2019-01-11,Alta,Baixa,-0.49,0.56,3
2019-01-14,Alta,Baixa,-0.45,0.61,4
2019-01-15,Alta,Baixa,-0.54,0.39,5
2019-01-16,Alta,Alta,-0.55,0.84,6
2019-01-17,Alta,Alta,-0.60,0.56,7
2019-01-18,Alta,Alta,-0.50,0.50,8
2019-01-22,Alta,Alta,-0.45,-0.04,0
2019-01-23,Alta,Alta,-0.40,-0.18,0
2019-01-24,Alta,Alta,-0.40,0.59,1
2019-01-25,Alta,Alta,-0.35,0.39,2
2019-01-28,Alta,Alta,-0.35,0.65,3
2019-01-29,Alta,Alta,-0.35,-0.48,0
2019-01-30,Alta,Alta,-0.25,-0.74,0
2019-01-31,Baixa,Alta,-0.25,-0.26,0
2019-02-01,Baixa,Alta,-0.25,0.53,1
2019-02-04,Alta,Alta,-0.25,0.50,2
2019-02-05,Baixa,Alta,-0.25,-0.48,0
2019-02-06,Baixa,Alta,-0.25,0.33,1
2019-02-07,Alta,Alta,-0.15,-0.34,0
2019-02-08,Alta,Alta,-0.15,-0.39,0
2019-02-11,Alta,Alta,-0.10,0.17,1
2019-02-12,Alta,Alta,-0.10,0.24,2
2019-02-13,Alta,Alta,-0.10,-0.56,0
2019-02-14,Baixa,Alta,-0.15,-0.19,0
2019-02-15,Alta,Alta,-0.10,0.95,1
2019-02-19,Alta,Alta,0.00,0.76,2
2019-02-20,Alta,Alta,0.20,0.55,3
2019-02-21,Alta,Alta,0.35,-0.64,0
2019-02-22,Alta,Alta,0.65,-0.20,0
2019-02-25,Alta,Alta,0.91,-0.70,0
2019-02-26,Baixa,Alta,1.01,-0.48,0
2019-02-27,Alta,Alta,1.15,0.70,1
2019-02-28,Baixa,Alta,1.30,-0.50,0
2019-03-01,Alta,Alta,1.40,-0.23,0
2019-03-04,Alta,Alta,1.50,-0.16,0
2019-03-05,Alta,Alta,1.64,-0.05,0
2019-03-06,Baixa,Alta,1.74,-0.82,0
2019-03-07,Baixa,Alta,1.78,-0.73,0
2019-03-08,Baixa,Alta,1.82,0.76,1
2019-03-11,Baixa,Alta,1.77,0.18,2
2019-03-12,Baixa,Alta,1.76,-0.64,0
2019-03-13,Alta,Alta,1.66,0.38,1
2019-03-14,Alta,Alta,1.65,0.70,2
2019-03-15,Alta,Alta,1.55,-0.16,0
2019-03-18,Alta,Alta,1.59,0.90,1
2019-03-19,Baixa,Alta,1.49,-0.95,0
2019-03-20,Baixa,Baixa,1.34,-0.97,0
2019-03-21,Baixa,Baixa,1.10,-0.88,0
2019-03-22,Baixa,Baixa,0.86,-0.85,0
2019-03-25,Baixa,Baixa,0.52,-0.08,0
2019-03-26,Baixa,Baixa,0.33,0.92,1
2019-03-27,Baixa,Baixa,0.24,0.09,2
2019-03-28,Alta,Baixa,0.19,0.61,3
2019-03-29,Alta,Baixa,0.14,-0.95,0
2019-04-01,Alta,Baixa,0.19,0.95,1
2019-04-02,Alta,Baixa,0.09,0.17,2
2019-04-03,Alta,Baixa,0.05,-0.36,0
2019-04-04,Alta,Baixa,0.05,0.63,1
2019-04-05,Alta,Baixa,0.05,-0.39,0
2019-04-08,Alta,Baixa,0.00,0.47,1
2019-04-09,Baixa,Baixa,0.05,-0.81,0
2019-04-10,Baixa,Baixa,0.00,0.56,1
2019-04-11,Alta,Baixa,-0.05,0.11,2
2019-04-12,Alta,Alta,0.05,0.30,3
2019-04-15,Alta,Baixa,0.05,-0.84,0
2019-04-16,Alta,Alta,0.09,0.80,1
2019-04-17,Alta,Alta,0.19,-0.16,0
2019-04-18,Alta,Alta,0.24,-0.64,0
2019-04-22,Baixa,Alta,0.14,-0.11,0
2019-04-23,Alta,Alta,0.19,0.64,1
2019-04-24,Alta,Alta,0.19,0.24,2
2019-04-25,Alta,Alta,0.14,0.15,3
2019-04-26,Alta,Alta,0.14,0.80,4
2019-04-29,Alta,Alta,0.19,0.62,5
2019-04-30,Alta,Alta,0.19,-0.11,0
2019-05-01,Baixa,Alta,0.14,-0.66,0
2019-05-02,Alta,Alta,0.09,0.74,1
2019-05-03,Alta,Alta,0.09,0.67,2
2019-05-06,Alta,Alta,0.05,0.75,3
2019-05-07,Baixa,Alta,0.00,-0.53,0
2019-05-08,Baixa,Alta,-0.05,-0.26,0
2019-05-09,Baixa,Alta,-0.05,0.46,1
2019-05-10,Baixa,Alta,-0.14,0.31,2
2019-05-13,Baixa,Baixa,-0.23,-0.84,0
2019-05-14,Baixa,Baixa,-0.33,0.18,1
2019-05-15,Baixa,Baixa,-0.42,-0.42,0
2019-05-16,Baixa,Baixa,-0.42,0.57,1
2019-05-17,Baixa,Baixa,-0.42,0.31,2
2019-05-20,Baixa,Baixa,-0.38,0.60,3
2019-05-21,Alta,Baixa,-0.33,0.36,4
2019-05-22,Baixa,Baixa,-0.28,-0.83,0
2019-05-23,Baixa,Baixa,-0.33,-0.32,0
2019-05-24,Baixa,Baixa,-0.38,0.60,1
2019-05-28,Baixa,Baixa,-0.47,-0.79,0
2019-05-29,Baixa,Baixa,-0.57,0.89,1
2019-05-30,Baixa,Baixa,-0.62,-0.73,0
2019-05-31,Baixa,Baixa,-0.62,-0.05,0
2019-06-03,Baixa,Baixa,-0.57,0.76,1
2019-06-04,Alta,Baixa,-0.33,0.95,2
2019-06-05,Alta,Baixa,-0.10,0.31,3
2019-06-06,Alta,Baixa,0.10,0.00,0
2019-06-07,Alta,Baixa,0.24,-0.44,0
2019-06-10,Alta,Baixa,0.33,0.10,1
2019-06-11,Alta,Baixa,0.29,-0.17,0
2019-06-12,Baixa,Baixa,0.19,-0.89,0
2019-06-13,Baixa,Baixa,0.10,-0.27,0
2019-06-14,Alta,Baixa,0.05,0.50,1
2019-06-17,Baixa,Baixa,-0.05,-0.66,0
2019-06-18,Alta,Baixa,-0.14,0.80,1
2019-06-19,Baixa,Baixa,-0.19,-0.56,0
2019-06-20,Alta,Baixa,-0.19,-0.15,0
2019-06-21,Alta,Baixa,-0.19,0.12,1
2019-06-24,Baixa,Baixa,-0.19,-0.35,0
2019-06-25,Baixa,Baixa,-0.24,-0.20,0
2019-06-26,Baixa,Baixa,-0.29,0.20,1
2019-06-27,Alta,Baixa,-0.29,0.71,2
2019-06-28,Alta,Alta,-0.33,0.35,3
2019-07-01,Alta,Alta,-0.29,-0.21,0
2019-07-02,Alta,Alta,-0.19,-0.61,0
2019-07-03,Alta,Alta,-0.14,0.53,1
2019-07-05,Alta,Alta,-0.10,0.35,2
2019-07-08,Alta,Alta,-0.10,-0.30,0
2019-07-09,Alta,Alta,-0.10,0.96,1
2019-07-10,Baixa,Alta,-0.19,-0.88,0
2019-07-11,Alta,Alta,-0.19,0.65,1
2019-07-12,Alta,Alta,-0.24,0.50,2
2019-07-15,Baixa,Alta,-0.24,-0.89,0
2019-07-16,Baixa,Alta,-0.33,0.00,0
2019-07-17,Baixa,Alta,-0.34,0.00,0
2019-07-18,Alta,Alta,-0.29,0.61,1
2019-07-19,Alta,Alta,-0.29,0.31,2
2019-07-22,Alta,Alta,-0.24,0.00,0
2019-07-23,Alta,Alta,-0.10,0.73,1
2019-07-24,Alta,Alta,0.10,0.96,2
2019-07-25,Alta,Alta,0.19,-0.53,0
2019-07-26,Alta,Alta,0.38,0.91,1
2019-07-29,Alta,Alta,0.48,-0.33,0
2019-07-30,Alta,Alta,0.58,0.87,1
2019-07-31,Alta,Alta,0.62,-0.32,0
2019-08-01,Baixa,Alta,0.53,-0.92,0
2019-08-02,Baixa,Alta,0.43,-0.13,0
2019-08-05,Baixa,Baixa,0.33,-0.71,0
2019-08-06,Baixa,Baixa,0.19,0.05,1
2019-08-07,Baixa,Baixa,0.00,0.08,2
2019-08-08,Baixa,Baixa,0.00,0.44,3
2019-08-09,Baixa,Baixa,0.00,0.10,4
2019-08-12,Baixa,Baixa,0.00,-0.76,0
2019-08-13,Baixa,Baixa,0.00,0.52,1
2019-08-14,Baixa,Baixa,-0.05,-0.58,0
2019-08-15,Baixa,Baixa,-0.19,-0.62,0
2019-08-16,Baixa,Baixa,-0.33,0.95,1
2019-08-19,Alta,Baixa,-0.33,-0.79,0
2019-08-20,Baixa,Baixa,-0.43,-1.00,0
2019-08-21,Alta,Baixa,-0.43,-0.40,0
2019-08-22,Alta,Baixa,-0.38,0.05,1
2019-08-23,Baixa,Baixa,-0.38,-0.69,0
2019-08-26,Baixa,Baixa,-0.48,-0.15,0
2019-08-27,Baixa,Baixa,-0.48,-0.63,0
2019-08-28,Alta,Baixa,-0.53,0.80,1
2019-08-29,Alta,Baixa,-0.48,0.73,2
2019-08-30,Alta,Baixa,-0.43,-0.20,0
2019-09-03,Alta,Baixa,-0.38,-0.61,0
2019-09-04,Alta,Baixa,-0.34,0.13,1
2019-09-05,Alta,Baixa,-0.19,0.57,2
2019-09-06,Alta,Baixa,-0.19,-0.57,0
2019-09-09,Alta,Alta,-0.10,0.89,1
2019-09-10,Alta,Alta,0.00,0.88,2
2019-09-11,Alta,Alta,0.05,0.19,3
2019-09-12,Alta,Alta,0.10,0.74,4
2019-09-13,Alta,Alta,0.24,0.08,5
2019-09-16,Alta,Alta,0.19,0.96,6
2019-09-17,Alta,Alta,0.19,-0.30,0
2019-09-18,Alta,Alta,0.24,0.78,1
2019-09-19,Baixa,Alta,0.24,-0.60,0
2019-09-20,Baixa,Alta,0.14,-0.65,0
2019-09-23,Baixa,Alta,0.19,0.81,1
2019-09-24,Baixa,Alta,0.14,-0.77,0
2019-09-25,Baixa,Alta,0.14,0.82,1
2019-09-26,Baixa,Alta,0.10,-0.93,0
2019-09-27,Alta,Alta,0.14,-0.11,0
2019-09-30,Baixa,Alta,0.10,-0.89,0
2019-10-01,Baixa,Alta,0.05,-0.91,0
2019-10-02,Baixa,Baixa,-0.05,-0.66,0
2019-10-03,Baixa,Baixa,-0.19,0.16,1
2019-10-04,Baixa,Alta,-0.34,0.66,2
2019-10-07,Baixa,Alta,-0.43,0.00,0
2019-10-08,Baixa,Baixa,-0.53,-0.97,0
2019-10-09,Baixa,Baixa,-0.63,-0.31,0
2019-10-10,Alta,Alta,-0.63,0.64,1
2019-10-11,Alta,Alta,-0.53,-0.08,0
2019-10-14,Alta,Alta,-0.39,0.50,1
2019-10-15,Alta,Alta,-0.14,0.78,2
2019-10-16,Alta,Alta,0.10,-0.74,0
2019-10-17,Alta,Alta,0.39,-0.70,0
2019-10-18,Alta,Alta,0.48,0.74,1
2019-10-21,Alta,Alta,0.58,0.70,2
2019-10-22,Alta,Alta,0.68,0.33,3
2019-10-23,Alta,Alta,0.77,0.93,4
2019-10-24,Alta,Alta,0.92,-0.52,0
2019-10-25,Alta,Alta,1.11,0.83,1
2019-10-28,Alta,Alta,1.20,0.31,2
2019-10-29,Alta,Alta,1.25,0.67,3
2019-10-30,Baixa,Alta,1.30,-0.73,0
2019-10-31,Baixa,Alta,1.20,-0.49,0
2019-11-01,Alta,Alta,1.15,0.87,1
2019-11-04,Alta,Alta,1.24,0.91,2
2019-11-05,Alta,Alta,1.33,0.68,3
2019-11-06,Alta,Alta,1.47,-0.18,0
2019-11-07,Alta,Alta,1.61,-0.29,0
2019-11-08,Alta,Alta,1.65,0.32,1
2019-11-11,Alta,Alta,1.60,-0.18,0
2019-11-12,Baixa,Alta,1.59,-0.17,0
2019-11-13,Baixa,Alta,1.45,-0.26,0
2019-11-14,Baixa,Alta,1.35,0.55,1
2019-11-15,Baixa,Alta,1.30,-0.63,0
2019-11-18,Baixa,Alta,1.20,0.29,1
2019-11-19,Alta,Alta,1.01,-0.29,0
2019-11-20,Baixa,Alta,0.87,0.04,1
2019-11-21,Baixa,Alta,0.73,-0.56,0
2019-11-22,Alta,Alta,0.64,1.00,1
2019-11-25,Alta,Alta,0.55,0.43,2
2019-11-26,Alta,Alta,0.55,-0.63,0
2019-11-27,Alta,Alta,0.59,0.73,1
2019-11-29,Alta,Alta,0.59,-0.50,0
2019-12-02,Baixa,Alta,0.59,-0.97,0
2019-12-03,Baixa,Alta,0.59,-0.10,0
2019-12-04,Baixa,Alta,0.59,0.71,1
2019-12-05,Alta,Alta,0.59,0.18,2
2019-12-06,Alta,Alta,0.68,0.50,3
2019-12-09,Alta,Alta,0.68,0.36,4
2019-12-10,Alta,Alta,0.77,0.67,5
2019-12-11,Alta,Alta,0.81,-0.90,0
2019-12-12,Alta,Alta,0.99,0.97,1
2019-12-13,Alta,Alta,1.08,-0.62,0
2019-12-16,Alta,Alta,1.17,-0.62,0
2019-12-17,Alta,Alta,1.26,0.60,1
2019-12-18,Alta,Alta,1.39,-0.93,0
2019-12-19,Alta,Alta,1.38,-0.67,0
2019-12-20,Baixa,Alta,1.38,-0.35,0
2019-12-23,Baixa,Alta,1.38,-0.85,0
2019-12-24,Baixa,Alta,1.33,0.00,0
2019-12-26,Alta,Alta,1.24,0.69,1
2019-12-27,Alta,Alta,1.14,-0.69,0
2019-12-30,Baixa,Alta,1.10,-0.89,0
2019-12-31,Baixa,Alta,1.05,0.46,1
2020-01-02,Alta,Alta,1.01,0.19,2
2020-01-03,Baixa,Alta,0.96,0.00,0
2020-01-06,Baixa,Alta,0.83,0.40,1
2020-01-07,Baixa,Alta,0.74,-0.68,0
2020-01-08,Baixa,Alta,0.65,0.61,1
2020-01-09,Baixa,Alta,0.56,-0.65,0
2020-01-10,Baixa,Alta,0.48,-0.93,0
2020-01-13,Baixa,Alta,0.52,0.07,1
2020-01-14,Alta,Alta,0.52,0.05,2
2020-01-15,Baixa,Baixa,0.47,-0.68,0
2020-01-16,Baixa,Baixa,0.43,0.87,1
2020-01-17,Alta,Alta,0.39,-0.08,0
2020-01-21,Baixa,Baixa,0.26,-0.32,0
2020-01-22,Baixa,Baixa,0.13,-0.25,0
2020-01-23,Baixa,Baixa,0.09,0.19,1
2020-01-24,Baixa,Baixa,0.00,-0.81,0
2020-01-27,Baixa,Baixa,-0.13,0.59,1
2020-01-28,Baixa,Baixa,-0.13,0.57,2
2020-01-29,Baixa,Baixa,-0.17,-0.78,0
2020-01-30,Baixa,Baixa,-0.21,0.88,1
2020-01-31,Baixa,Baixa,-0.21,-0.79,0
2020-02-03,Baixa,Baixa,-0.17,0.22,1
2020-02-04,Alta,Baixa,-0.21,0.18,2
2020-02-05,Alta,Baixa,-0.13,0.82,3
2020-02-06,Alta,Baixa,-0.09,-1.00,0
2020-02-07,Alta,Baixa,-0.04,0.19,1
2020-02-10,Alta,Baixa,-0.04,0.33,2
2020-02-11,Alta,Baixa,0.00,0.14,3
2020-02-12,Alta,Baixa,-0.04,-0.50,0
2020-02-13,Alta,Baixa,-0.04,1.00,1
2020-02-14,Alta,Baixa,0.00,-0.58,0
2020-02-18,Baixa,Baixa,0.04,-0.63,0
2020-02-19,Baixa,Baixa,0.04,0.47,1
2020-02-20,Alta,Baixa,0.00,0.86,2
2020-02-21,Baixa,Baixa,-0.04,-0.61,0
2020-02-24,Baixa,Baixa,-0.17,-0.08,0
2020-02-25,Baixa,Baixa,-0.34,-0.87,0
2020-02-26,Baixa,Baixa,-0.64,-0.82,0
2020-02-27,Baixa,Baixa,-0.90,-0.51,0
2020-02-28,Baixa,Baixa,-1.29,0.19,1
2020-03-02,Baixa,Baixa,-1.51,0.73,2
2020-03-03,Baixa,Baixa,-1.77,-0.65,0
2020-03-04,Baixa,Baixa,-1.82,0.27,1
2020-03-05,Baixa,Baixa,-1.95,-0.66,0
2020-03-06,Baixa,Baixa,-2.09,0.04,1
2020-03-09,Baixa,Baixa,-2.53,-0.60,0
2020-03-10,Baixa,Baixa,-2.81,0.30,1
2020-03-11,Baixa,Baixa,-3.22,-0.49,0
2020-03-12,Baixa,Baixa,-3.72,-0.10,0
2020-03-13,Baixa,Baixa,-3.92,0.47,1
2020-03-16,Baixa,Baixa,-4.17,0.22,2
2020-03-17,Baixa,Baixa,-4.38,0.27,3
2020-03-18,Baixa,Baixa,-4.64,-0.27,0
2020-03-19,Baixa,Baixa,-4.64,0.53,1
2020-03-20,Baixa,Baixa,-4.91,-0.91,0
2020-03-23,Baixa,Baixa,-5.05,-0.81,0
2020-03-24,Alta,Baixa,-5.15,0.94,1
2020-03-25,Alta,Baixa,-5.11,0.06,2
2020-03-26,Alta,Baixa,-5.06,0.89,3
2020-03-27,Alta,Baixa,-4.97,0.29,4
2020-03-30,Alta,Baixa,-4.78,-0.13,0
2020-03-31,Alta,Baixa,-4.78,-0.51,0
2020-04-01,Baixa,Baixa,-4.88,-0.50,0
2020-04-02,Baixa,Baixa,-5.08,0.54,1
2020-04-03,Baixa,Baixa,-5.28,-0.70,0
2020-04-06,Alta,Baixa,-5.33,0.78,1
2020-04-07,Alta,Baixa,-5.28,-0.70,0
2020-04-08,Alta,Baixa,-5.08,0.60,1
2020-04-09,Alta,Baixa,-4.76,0.68,2
2020-04-13,Alta,Baixa,-4.49,-0.83,0
2020-04-14,Alta,Baixa,-4.32,-0.78,0
2020-04-15,Baixa,Baixa,-4.36,-0.89,0
2020-04-16,Baixa,Baixa,-4.62,-0.83,0
2020-04-17,Baixa,Baixa,-4.88,0.83,1
2020-04-20,Baixa,Baixa,-5.04,0.51,2
2020-04-21,Baixa,Baixa,-5.31,-0.04,0
2020-04-22,Baixa,Baixa,-5.37,-0.79,0
2020-04-23,Alta,Baixa,-5.37,0.27,1
2020-04-24,Alta,Baixa,-5.43,0.20,2
2020-04-27,Alta,Baixa,-5.43,0.76,3
2020-04-28,Alta,Baixa,-5.25,-0.44,0
2020-04-29,Alta,Alta,-5.06,0.36,1
2020-04-30,Alta,Baixa,-4.88,-0.68,0
2020-05-01,Baixa,Baixa,-4.87,-0.68,0
2020-05-04,Baixa,Baixa,-4.86,0.79,1
2020-05-05,Baixa,Baixa,-4.90,-0.73,0
2020-05-06,Baixa,Baixa,-4.95,-0.82,0
2020-05-07,Baixa,Baixa,-4.87,-0.02,0
2020-05-08,Alta,Alta,-4.46,0.29,1
2020-05-11,Baixa,Baixa,-4.11,-0.73,0
2020-05-12,Baixa,Baixa,-4.02,-0.88,0
2020-05-13,Baixa,Baixa,-3.99,-0.84,0
2020-05-14,Baixa,Baixa,-3.96,0.71,1
2020-05-15,Baixa,Baixa,-4.05,-0.24,0
2020-05-18,Alta,Alta,-3.87,0.88,1
2020-05-19,Alta,Baixa,-3.14,-0.68,0
2020-05-20,Alta,Alta,-2.54,0.75,1
2020-05-21,Alta,Alta,-1.85,0.21,2
2020-05-22,Alta,Alta,-1.00,-0.19,0
2020-05-26,Alta,Alta,-0.50,0.70,1
2020-05-27,Alta,Alta,0.14,0.34,2
2020-05-28,Alta,Alta,0.65,-0.99,0
2020-05-29,Alta,Alta,1.23,-0.32,0
2020-06-01,Alta,Alta,1.52,0.54,1
2020-06-02,Alta,Alta,1.95,-0.35,0
2020-06-03,Alta,Alta,2.16,0.73,1
2020-06-04,Alta,Alta,2.51,0.85,2
2020-06-05,Alta,Alta,2.79,-0.79,0
2020-06-08,Alta,Alta,2.99,0.16,1
2020-06-09,Alta,Alta,3.12,0.00,0
2020-06-10,Baixa,Alta,2.82,-0.97,0
2020-06-11,Baixa,Alta,2.52,-0.51,0
2020-06-12,Baixa,Alta,2.36,-0.12,0
2020-06-15,Baixa,Alta,2.28,0.85,1
2020-06-16,Baixa,Alta,2.34,-0.71,0
2020-06-17,Baixa,Alta,2.33,-0.96,0
2020-06-18,Baixa,Alta,2.39,0.44,1
2020-06-19,Baixa,Alta,2.11,-0.39,0
2020-06-22,Baixa,Alta,1.69,0.21,1
2020-06-23,Baixa,Alta,1.28,-0.78,0
2020-06-24,Baixa,Alta,0.94,-0.83,0
2020-06-25,Baixa,Alta,0.93,0.95,1
2020-06-26,Baixa,Baixa,0.86,-0.99,0
2020-06-29,Baixa,Baixa,0.93,0.17,1
2020-06-30,Baixa,Alta,0.86,0.68,2
2020-07-01,Baixa,Baixa,0.99,-0.94,0
2020-07-02,Baixa,Baixa,0.86,-0.90,0
2020-07-06,Baixa,Baixa,0.79,-0.46,0
2020-07-07,Baixa,Baixa,0.72,-0.82,0
2020-07-08,Baixa,Baixa,0.59,0.24,1
2020-07-09,Baixa,Baixa,0.20,-0.92,0
2020-07-10,Alta,Baixa,-0.13,0.99,1
2020-07-13,Alta,Baixa,-0.33,0.00,0
2020-07-14,Alta,Baixa,-0.39,-0.32,0
2020-07-15,Alta,Alta,-0.26,0.69,1
2020-07-16,Alta,Alta,0.07,0.53,2
2020-07-17,Alta,Baixa,0.33,-0.80,0
2020-07-20,Baixa,Baixa,0.46,-0.79,0
2020-07-21,Alta,Alta,0.53,0.86,1
2020-07-22,Alta,Alta,0.52,0.10,2
2020-07-23,Alta,Alta,0.65,0.81,3
2020-07-24,Alta,Alta,0.85,-0.75,0
2020-07-27,Baixa,Baixa,1.05,-0.81,0
2020-07-28,Baixa,Baixa,1.24,-0.87,0
2020-07-29,Alta,Alta,1.24,0.95,1
2020-07-30,Baixa,Baixa,1.17,0.12,2
2020-07-31,Baixa,Baixa,0.97,-0.30,0
2020-08-03,Baixa,Baixa,0.84,-0.60,0
2020-08-04,Baixa,Baixa,0.71,-0.69,0
2020-08-05,Alta,Baixa,0.64,1.00,1
2020-08-06,Baixa,Baixa,0.32,-0.21,0
2020-08-07,Alta,Alta,0.19,1.00,1
2020-08-10,Alta,Alta,0.19,0.17,2
2020-08-11,Alta,Alta,0.19,0.05,3
2020-08-12,Alta,Alta,0.19,-0.61,0
2020-08-13,Alta,Alta,0.26,-0.78,0
2020-08-14,Alta,Alta,0.19,0.61,1
2020-08-17,Baixa,Alta,-0.19,-0.96,0
2020-08-18,Baixa,Baixa,-0.70,-1.00,0
2020-08-19,Baixa,Alta,-1.09,-0.52,0
2020-08-20,Baixa,Baixa,-1.28,-0.60,0
2020-08-21,Baixa,Baixa,-1.22,-0.36,0
2020-08-24,Alta,Alta,-1.03,0.74,1
2020-08-25,Alta,Alta,-0.71,-0.62,0
2020-08-26,Baixa,Alta,-0.52,-1.00,0
2020-08-27,Alta,Alta,-0.32,0.88,1
2020-08-28,Alta,Alta,-0.39,-0.70,0
2020-08-31,Baixa,Alta,-0.39,-0.96,0
2020-09-01,Baixa,Alta,-0.39,0.12,1
2020-09-02,Alta,Alta,-0.26,0.61,2
2020-09-03,Alta,Alta,-0.13,-0.20,0
2020-09-04,Alta,Alta,0.00,-0.13,0
2020-09-08,Baixa,Alta,0.20,-0.80,0
2020-09-09,Baixa,Alta,0.33,-0.44,0
2020-09-10,Baixa,Baixa,0.26,-0.75,0
2020-09-11,Baixa,Baixa,0.26,0.74,1
2020-09-14,Alta,Alta,0.33,0.53,2
2020-09-15,Baixa,Baixa,0.26,-0.86,0
2020-09-16,Alta,Alta,0.26,0.41,1
2020-09-17,Baixa,Baixa,0.45,0.74,2
2020-09-18,Baixa,Baixa,0.58,-0.11,0
2020-09-21,Baixa,Baixa,0.39,-0.57,0
2020-09-22,Baixa,Baixa,0.26,-0.84,0
2020-09-23,Baixa,Baixa,0.13,-1.00,0
2020-09-24,Baixa,Baixa,-0.19,-0.38,0
2020-09-25,Baixa,Baixa,-0.52,0.97,1
2020-09-28,Alta,Baixa,-0.52,0.61,2
2020-09-29,Alta,Baixa,-0.52,-0.45,0
2020-09-30,Alta,Baixa,-0.52,0.41,1
2020-10-01,Alta,Baixa,-0.39,-0.48,0
2020-10-02,Alta,Baixa,-0.32,0.96,1
2020-10-05,Alta,Alta,-0.26,0.96,2
2020-10-06,Alta,Alta,-0.13,-0.21,0
2020-10-07,Alta,Alta,0.06,0.75,1
2020-10-08,Alta,Alta,0.20,0.67,2
2020-10-09,Alta,Alta,0.39,-0.72,0
2020-10-12,Alta,Alta,0.52,0.80,1
2020-10-13,Baixa,Alta,0.52,-0.87,0
2020-10-14,Baixa,Alta,0.45,-1.00,0
2020-10-15,Baixa,Alta,0.45,0.96,1
2020-10-16,Baixa,Alta,0.39,-0.07,0
2020-10-19,Baixa,Alta,0.26,-0.81,0
2020-10-20,Alta,Alta,0.19,0.50,1
2020-10-21,Alta,Alta,0.13,-0.75,0
2020-10-22,Alta,Alta,0.13,0.97,1
2020-10-23,Alta,Alta,0.13,0.03,2
2020-10-26,Alta,Alta,0.19,-0.62,0
2020-10-27,Baixa,Alta,0.26,-1.00,0
2020-10-28,Baixa,Alta,0.26,0.19,1
2020-10-29,Baixa,Alta,0.26,0.68,2
2020-10-30,Baixa,Alta,0.32,0.92,3
2020-11-02,Alta,Alta,0.52,0.87,4
2020-11-03,Alta,Alta,0.64,0.69,5
2020-11-04,Baixa,Alta,0.71,-1.00,0
2020-11-05,Alta,Alta,0.77,0.86,1
2020-11-06,Baixa,Alta,0.77,-0.89,0
2020-11-09,Alta,Alta,0.90,0.74,1
2020-11-10,Alta,Alta,1.15,-0.17,0
2020-11-11,Alta,Alta,1.47,-0.77,0
2020-11-12,Alta,Alta,1.66,-0.13,0
2020-11-13,Alta,Alta,1.91,0.41,1
2020-11-16,Alta,Alta,1.97,0.03,2
2020-11-17,Alta,Alta,1.96,0.49,3
2020-11-18,Alta,Alta,2.08,-0.60,0
2020-11-19,Alta,Alta,2.20,0.22,1
2020-11-20,Baixa,Alta,2.32,-0.24,0
2020-11-23,Alta,Alta,2.31,0.38,1
2020-11-24,Alta,Alta,2.42,0.98,2
2020-11-25,Alta,Alta,2.47,-0.23,0
2020-11-27,Alta,Alta,2.52,-0.77,0
2020-11-30,Baixa,Alta,2.51,-0.94,0
2020-12-01,Alta,Alta,2.62,0.48,1
2020-12-02,Alta,Alta,2.73,0.53,2
2020-12-03,Alta,Alta,2.89,0.27,3
2020-12-04,Alta,Alta,3.18,0.59,4
2020-12-07,Alta,Alta,3.34,0.70,5
2020-12-08,Alta,Alta,3.44,0.45,6
2020-12-09,Alta,Alta,3.48,-0.07,0
2020-12-10,Alta,Alta,3.40,0.94,1
2020-12-11,Baixa,Alta,3.20,-0.20,0
2020-12-14,Baixa,Alta,3.12,-0.89,0
2020-12-15,Alta,Alta,2.98,0.53,1
2020-12-16,Alta,Alta,2.79,0.38,2
2020-12-17,Alta,Alta,2.60,-0.11,0
2020-12-18,Baixa,Alta,2.48,-0.73,0
2020-12-21,Alta,Alta,2.35,0.30,1
2020-12-22,Baixa,Alta,2.23,-0.76,0
2020-12-23,Alta,Alta,2.27,0.58,1
2020-12-24,Alta,Alta,2.37,-0.50,0
2020-12-28,Alta,Alta,2.47,-0.12,0
2020-12-29,Alta,Alta,2.52,-0.80,0
2020-12-30,Alta,Alta,2.62,1.00,1
2020-12-31,Alta,Alta,2.60,0.45,2
2021-01-04,Alta,Alta,2.53,-0.35,0
2021-01-05,Alta,Alta,2.41,0.40,1
2021-01-06,Alta,Alta,2.56,0.81,2
2021-01-07,Alta,Alta,2.76,-0.18,0
2021-01-08,Alta,Alta,2.91,-0.40,0
2021-01-11,Alta,Alta,3.21,0.84,1
2021-01-12,Alta,Alta,3.61,0.41,2
2021-01-13,Alta,Alta,3.69,-0.41,0
2021-01-14,Alta,Alta,3.72,0.78,1
2021-01-15,Baixa,Alta,3.70,-0.73,0
2021-01-19,Alta,Alta,3.67,0.83,1
2021-01-20,Baixa,Alta,3.49,-0.60,0
2021-01-21,Baixa,Alta,3.41,-0.75,0
2021-01-22,Baixa,Alta,3.09,1.00,1
2021-01-25,Baixa,Alta,2.87,0.09,2
2021-01-26,Baixa,Alta,2.51,-1.00,0
2021-01-27,Baixa,Alta,2.25,-0.95,0
2021-01-28,Baixa,Alta,1.99,0.53,1
2021-01-29,Baixa,Alta,1.84,-0.75,0
2021-02-01,Baixa,Alta,1.68,0.67,1
2021-02-02,Alta,Alta,1.68,0.56,2
2021-02-03,Alta,Alta,1.72,0.84,3
2021-02-04,Alta,Alta,1.81,0.81,4
2021-02-05,Alta,Alta,1.99,-0.71,0
2021-02-08,Alta,Alta,2.13,0.77,1
2021-02-09,Alta,Alta,2.17,0.51,2
2021-02-10,Alta,Alta,2.21,-0.25,0
2021-02-11,Alta,Alta,2.24,-0.27,0
2021-02-12,Alta,Alta,2.28,0.71,1
2021-02-16,Alta,Alta,2.41,0.85,2
2021-02-17,Alta,Alta,2.49,0.57,3
2021-02-18,Alta,Alta,2.48,-0.17,0
2021-02-19,Alta,Alta,2.51,0.95,1
2021-02-22,Alta,Alta,2.64,0.79,2
2021-02-23,Alta,Alta,2.71,0.40,3
2021-02-24,Alta,Alta,2.88,0.90,4
2021-02-25,Alta,Alta,3.05,-0.96,0
2021-02-26,Baixa,Alta,3.08,-0.74,0
2021-03-01,Alta,Alta,3.10,0.40,1
2021-03-02,Baixa,Alta,3.04,-0.70,0
2021-03-03,Baixa,Alta,2.98,-0.37,0
2021-03-04,Baixa,Alta,2.91,-0.19,0
2021-03-05,Alta,Alta,2.94,0.02,1
2021-03-08,Alta,Alta,3.01,0.36,2
2021-03-09,Alta,Alta,2.99,-0.45,0
2021-03-10,Alta,Alta,2.97,0.94,1
2021-03-11,Alta,Alta,3.04,0.19,2
2021-03-12,Alta,Alta,3.11,0.18,3
2021-03-15,Alta,Alta,3.05,-0.53,0
2021-03-16,Baixa,Alta,3.07,-0.55,0
2021-03-17,Alta,Alta,3.05,-0.10,0
2021-03-18,Alta,Alta,3.04,-0.10,0
2021-03-19,Baixa,Alta,2.81,-0.03,0
2021-03-22,Baixa,Alta,2.51,-0.87,0
2021-03-23,Baixa,Alta,2.22,-0.59,0
2021-03-24,Baixa,Alta,1.88,-0.54,0
2021-03-25,Baixa,Alta,1.51,0.76,1
2021-03-26,Alta,Alta,1.39,0.02,2
2021-03-29,Baixa,Alta,1.30,-0.36,0
2021-03-30,Alta,Alta,1.34,0.71,1
2021-03-31,Alta,Alta,1.42,-0.27,0
2021-04-01,Alta,Alta,1.49,0.74,1
2021-04-05,Alta,Alta,1.52,-0.30,0
2021-04-06,Alta,Alta,1.68,0.45,1
2021-04-07,Alta,Alta,1.71,-0.46,0
2021-04-08,Alta,Alta,1.78,0.42,1
2021-04-09,Alta,Alta,1.93,0.31,2
2021-04-12,Alta,Alta,2.00,0.06,3
2021-04-13,Baixa,Alta,2.07,-0.73,0
2021-04-14,Baixa,Alta,2.14,-0.26,0
2021-04-15,Baixa,Alta,2.09,-0.47,0
2021-04-16,Baixa,Alta,2.01,0.14,1
2021-04-19,Baixa,Alta,1.85,-0.32,0
2021-04-20,Baixa,Baixa,1.62,-0.81,0
2021-04-21,Baixa,Alta,1.42,0.76,1
2021-04-22,Baixa,Baixa,1.23,-0.93,0
2021-04-23,Alta,Alta,1.11,0.76,1
2021-04-26,Alta,Alta,1.11,0.24,2
2021-04-27,Alta,Alta,1.15,0.71,3
2021-04-28,Alta,Alta,1.11,-0.81,0
2021-04-29,Alta,Alta,1.18,0.05,1
2021-04-30,Alta,Alta,1.10,-0.51,0
2021-05-03,Baixa,Alta,0.99,-0.53,0
2021-05-04,Alta,Alta,0.88,0.65,1
2021-05-05,Alta,Alta,0.80,0.03,2
2021-05-06,Alta,Alta,0.62,0.11,3
2021-05-07,Alta,Alta,0.58,0.71,4
2021-05-10,Alta,Alta,0.58,-0.80,0
2021-05-11,Baixa,Alta,0.51,0.04,1
2021-05-12,Baixa,Baixa,0.43,-0.84,0
2021-05-13,Alta,Alta,0.54,0.75,1
2021-05-14,Alta,Alta,0.54,0.50,2
2021-05-17,Alta,Alta,0.54,0.59,3
2021-05-18,Alta,Alta,0.54,-0.65,0
2021-05-19,Alta,Alta,0.61,0.49,1
2021-05-20,Alta,Alta,0.50,-0.25,0
2021-05-21,Alta,Alta,0.43,0.38,1
2021-05-24,Baixa,Alta,0.32,-0.23,0
2021-05-25,Baixa,Alta,0.25,-0.60,0
2021-05-26,Alta,Alta,0.21,0.48,1
2021-05-27,Alta,Alta,0.29,0.35,2
2021-05-28,Alta,Alta,0.25,-0.54,0
2021-06-01,Alta,Alta,0.32,0.36,1
2021-06-02,Alta,Alta,0.47,-0.82,0
2021-06-03,Alta,Alta,0.61,0.23,1
2021-06-04,Alta,Alta,0.71,-0.18,0
2021-06-07,Alta,Alta,0.86,-0.36,0
2021-06-08,Baixa,Alta,0.86,0.00,0
2021-06-09,Baixa,Alta,0.85,-0.75,0
2021-06-10,Baixa,Baixa,0.68,-0.99,0
2021-06-11,Baixa,Baixa,0.53,-0.22,0
2021-06-14,Baixa,Baixa,0.35,-0.70,0
2021-06-15,Baixa,Baixa,0.28,0.47,1
2021-06-16,Baixa,Baixa,0.14,0.33,2
2021-06-17,Baixa,Baixa,0.07,-0.99,0
2021-06-18,Baixa,Baixa,-0.14,-0.84,0
2021-06-21,Baixa,Baixa,-0.21,0.92,1
2021-06-22,Baixa,Baixa,-0.35,-0.02,0
2021-06-23,Baixa,Baixa,-0.42,0.18,1
2021-06-24,Alta,Baixa,-0.39,0.47,2
2021-06-25,Alta,Baixa,-0.25,0.60,3
2021-06-28,Alta,Baixa,-0.21,-0.72,0
2021-06-29,Baixa,Baixa,-0.14,-0.78,0
2021-06-30,Alta,Baixa,0.00,0.76,1
2021-07-01,Alta,Baixa,0.00,0.43,2
2021-07-02,Baixa,Baixa,0.07,-0.71,0
2021-07-06,Baixa,Baixa,0.04,-0.80,0
2021-07-07,Baixa,Baixa,-0.04,0.33,1
2021-07-08,Baixa,Baixa,-0.25,0.06,2
2021-07-09,Alta,Baixa,-0.32,0.98,3
2021-07-12,Alta,Baixa,-0.46,0.63,4
2021-07-13,Baixa,Baixa,-0.46,-0.82,0
2021-07-14,Baixa,Baixa,-0.46,-0.19,0
2021-07-15,Alta,Baixa,-0.43,0.78,1
2021-07-16,Baixa,Baixa,-0.53,-0.96,0
2021-07-19,Baixa,Baixa,-0.68,-0.42,0
2021-07-20,Baixa,Baixa,-0.82,0.69,1
2021-07-21,Alta,Baixa,-0.82,0.71,2
2021-07-22,Baixa,Baixa,-0.86,-0.75,0
2021-07-23,Alta,Baixa,-0.79,-0.45,0
2021-07-26,Alta,Baixa,-0.72,0.67,1
2021-07-27,Alta,Baixa,-0.68,0.27,2
2021-07-28,Alta,Baixa,-0.72,0.46,3
2021-07-29,Alta,Baixa,-0.72,-0.13,0
2021-07-30,Alta,Baixa,-0.76,-0.34,0
2021-08-02,Baixa,Baixa,-0.76,-0.24,0
2021-08-03,Alta,Baixa,-0.72,0.42,1
2021-08-04,Alta,Baixa,-0.72,0.39,2
2021-08-05,Alta,Baixa,-0.69,0.64,3
2021-08-06,Alta,Alta,-0.58,0.60,4
2021-08-09,Alta,Alta,-0.54,0.27,5
2021-08-10,Alta,Alta,-0.47,0.54,6
2021-08-11,Alta,Alta,-0.36,0.68,7
2021-08-12,Alta,Alta,-0.29,-0.39,0
2021-08-13,Alta,Alta,-0.33,-0.83,0
2021-08-16,Baixa,Alta,-0.29,-0.16,0
2021-08-17,Baixa,Alta,-0.33,-0.41,0
2021-08-18,Baixa,Alta,-0.44,-0.40,0
2021-08-19,Baixa,Baixa,-0.51,-0.11,0
2021-08-20,Baixa,Alta,-0.51,0.79,1
2021-08-23,Alta,Alta,-0.48,0.79,2
2021-08-24,Alta,Alta,-0.33,0.86,3
2021-08-25,Alta,Alta,-0.15,0.57,4
2021-08-26,Alta,Alta,-0.04,-0.67,0
2021-08-27,Alta,Alta,0.15,1.00,1
2021-08-30,Alta,Alta,0.33,-1.00,0
2021-08-31,Baixa,Alta,0.40,0.13,1
2021-09-01,Baixa,Alta,0.44,-0.79,0
2021-09-02,Baixa,Alta,0.51,0.24,1
2021-09-03,Baixa,Alta,0.44,-0.33,0
2021-09-07,Baixa,Alta,0.29,-0.27,0
2021-09-08,Baixa,Alta,0.18,-0.86,0
2021-09-09,Baixa,Alta,0.15,0.46,1
2021-09-10,Baixa,Alta,0.11,-0.96,0
2021-09-13,Alta,Alta,0.11,0.53,1
2021-09-14,Baixa,Alta,0.07,-0.85,0
2021-09-15,Alta,Alta,0.18,0.85,1
2021-09-16,Alta,Alta,0.22,-0.56,0
2021-09-17,Alta,Alta,0.29,-0.37,0
2021-09-20,Baixa,Baixa,0.26,0.08,1
2021-09-21,Baixa,Baixa,0.26,-0.79,0
2021-09-22,Baixa,Baixa,0.18,0.42,1
2021-09-23,Alta,Alta,0.26,0.81,2
2021-09-24,Alta,Alta,0.26,0.79,3
2021-09-27,Alta,Alta,0.51,0.85,4
2021-09-28,Alta,Alta,0.84,-0.75,0
2021-09-29,Alta,Alta,1.06,0.09,1
2021-09-30,Alta,Alta,1.06,-0.97,0
2021-10-01,Alta,Alta,1.20,0.67,1
2021-10-04,Alta,Alta,1.20,0.22,2
2021-10-05,Alta,Alta,1.16,0.13,3
2021-10-06,Alta,Alta,1.15,0.28,4
2021-10-07,Alta,Alta,1.26,-0.32,0
2021-10-08,Alta,Alta,1.26,0.59,1
2021-10-11,Alta,Alta,1.22,-0.84,0
2021-10-12,Baixa,Alta,1.25,-0.28,0
2021-10-13,Baixa,Alta,1.18,-0.29,0
2021-10-14,Alta,Alta,1.17,-0.09,0
2021-10-15,Alta,Alta,1.14,-0.13,0
2021-10-18,Alta,Alta,1.10,0.18,1
2021-10-19,Alta,Alta,0.99,0.28,2
2021-10-20,Alta,Alta,1.02,0.74,3
2021-10-21,Alta,Alta,0.91,-0.56,0
2021-10-22,Alta,Alta,0.88,0.79,1
2021-10-25,Alta,Alta,0.91,-0.88,0
2021-10-26,Alta,Alta,0.94,-0.66,0
2021-10-27,Baixa,Alta,0.91,-0.95,0
2021-10-28,Baixa,Alta,0.98,0.60,1
2021-10-29,Baixa,Alta,1.04,-0.76,0
2021-11-01,Alta,Alta,1.08,0.83,1
2021-11-02,Baixa,Alta,1.07,-0.68,0
2021-11-03,Alta,Alta,1.11,0.91,1
2021-11-04,Alta,Alta,1.07,-0.75,0
2021-11-05,Alta,Alta,1.00,-0.29,0
2021-11-08,Alta,Alta,0.93,-0.27,0
2021-11-09,Baixa,Alta,0.89,0.23,1
2021-11-10,Baixa,Alta,0.85,-0.36,0
2021-11-11,Alta,Alta,0.89,0.40,1
2021-11-12,Alta,Alta,0.92,-0.36,0
2021-11-15,Alta,Alta,0.95,-0.65,0
2021-11-16,Alta,Alta,0.98,-0.26,0
2021-11-17,Baixa,Alta,1.05,-0.57,0
2021-11-18,Baixa,Alta,1.01,-0.07,0
2021-11-19,Baixa,Alta,1.01,0.14,1
2021-11-22,Alta,Alta,1.01,-0.17,0
2021-11-23,Alta,Alta,1.04,0.79,1
2021-11-24,Alta,Alta,1.04,0.26,2
2021-11-26,Baixa,Baixa,1.00,-0.33,0
2021-11-29,Baixa,Baixa,0.97,-0.58,0
2021-11-30,Baixa,Baixa,0.90,-0.68,0
2021-12-01,Baixa,Baixa,0.80,-0.69,0
2021-12-02,Baixa,Baixa,0.73,0.69,1
2021-12-03,Baixa,Baixa,0.63,-0.86,0
2021-12-06,Alta,Baixa,0.50,0.44,1
2021-12-07,Alta,Baixa,0.40,0.10,2
2021-12-08,Alta,Baixa,0.30,-0.54,0
2021-12-09,Alta,Baixa,0.13,-0.06,0
2021-12-10,Baixa,Baixa,0.13,-0.40,0
2021-12-13,Baixa,Baixa,0.00,-0.97,0
2021-12-14,Baixa,Baixa,-0.07,0.45,1
2021-12-15,Baixa,Baixa,-0.20,0.00,0
2021-12-16,Alta,Baixa,-0.23,-0.28,0
2021-12-17,Baixa,Baixa,-0.39,-0.78,0
2021-12-20,Baixa,Baixa,-0.46,-0.33,0
2021-12-21,Alta,Baixa,-0.49,0.93,1
2021-12-22,Alta,Baixa,-0.49,0.56,2
2021-12-23,Alta,Baixa,-0.49,-0.03,0
2021-12-27,Alta,Baixa,-0.40,0.43,1
2021-12-28,Alta,Baixa,-0.30,0.00,0
2021-12-29,Alta,Baixa,-0.30,-0.20,0
2021-12-30,Alta,Baixa,-0.30,-0.27,0
2021-12-31,Alta,Baixa,-0.40,0.14,1
2022-01-03,Alta,Alta,-0.40,0.83,2
2022-01-04,Alta,Alta,-0.37,0.86,3
2022-01-05,Alta,Alta,-0.33,-0.55,0
2022-01-06,Alta,Alta,-0.17,0.76,1
2022-01-07,Alta,Alta,0.13,0.72,2
2022-01-10,Alta,Alta,0.27,-0.40,0
2022-01-11,Alta,Alta,0.47,-0.09,0
2022-01-12,Alta,Alta,0.63,-0.10,0
2022-01-13,Alta,Alta,0.73,0.31,1
2022-01-14,Alta,Alta,0.66,0.74,2
2022-01-18,Baixa,Alta,0.66,-0.74,0
2022-01-19,Baixa,Alta,0.53,-0.88,0
2022-01-20,Baixa,Alta,0.36,-0.61,0
2022-01-21,Baixa,Baixa,0.13,-0.79,0
2022-01-24,Baixa,Baixa,0.00,0.65,1
2022-01-25,Baixa,Alta,-0.16,0.44,2
2022-01-26,Baixa,Alta,-0.23,-0.33,0
2022-01-27,Baixa,Baixa,-0.26,-0.59,0
2022-01-28,Alta,Baixa,-0.26,0.40,1
2022-01-31,Alta,Alta,-0.26,0.39,2
2022-02-01,Alta,Alta,-0.17,0.79,3
2022-02-02,Alta,Alta,-0.10,0.00,0
2022-02-03,Alta,Alta,-0.03,-0.51,0
2022-02-04,Alta,Alta,0.03,0.69,1
2022-02-07,Alta,Alta,0.07,0.21,2
2022-02-08,Alta,Alta,0.20,0.52,3
2022-02-09,Alta,Alta,0.30,-0.59,0
2022-02-10,Alta,Alta,0.50,-0.11,0
2022-02-11,Alta,Alta,0.69,-0.23,0
2022-02-14,Baixa,Alta,0.79,-0.44,0
2022-02-15,Alta,Alta,0.86,0.90,1
2022-02-16,Alta,Alta,0.89,0.35,2
2022-02-17,Baixa,Alta,0.79,-0.91,0
2022-02-18,Baixa,Alta,0.69,0.00,0
2022-02-22,Baixa,Alta,0.69,-0.03,0
2022-02-23,Baixa,Baixa,0.52,-0.85,0
2022-02-24,Baixa,Baixa,0.43,0.51,1
2022-02-25,Alta,Alta,0.46,0.94,2
2022-02-28,Alta,Alta,0.49,0.75,3
2022-03-01,Baixa,Baixa,0.39,-0.85,0
2022-03-02,Alta,Baixa,0.46,0.84,1
2022-03-03,Baixa,Baixa,0.55,-0.57,0
2022-03-04,Baixa,Baixa,0.46,-0.61,0
2022-03-07,Baixa,Baixa,0.23,-1.00,0
2022-03-08,Baixa,Baixa,0.16,-0.23,0
2022-03-09,Baixa,Baixa,0.00,0.47,1
2022-03-10,Baixa,Baixa,-0.23,0.17,2
2022-03-11,Baixa,Baixa,-0.32,-0.78,0
2022-03-14,Alta,Baixa,-0.26,0.10,1
2022-03-15,Alta,Baixa,-0.23,-0.03,0
2022-03-16,Alta,Baixa,-0.19,0.71,1
2022-03-17,Alta,Baixa,-0.23,0.40,2
2022-03-18,Alta,Baixa,-0.23,0.21,3
2022-03-21,Alta,Baixa,-0.32,-0.31,0
2022-03-22,Alta,Baixa,-0.42,0.48,1
2022-03-23,Baixa,Baixa,-0.62,-0.89,0
2022-03-24,Baixa,Baixa,-0.72,-0.15,0
2022-03-25,Alta,Baixa,-0.81,0.91,1
2022-03-28,Baixa,Baixa,-0.91,-0.40,0
2022-03-29,Alta,Baixa,-0.98,-0.29,0
2022-03-30,Baixa,Baixa,-0.98,-0.81,0
2022-03-31,Baixa,Baixa,-0.95,-0.73,0
2022-04-01,Baixa,Baixa,-0.95,-0.76,0
2022-04-04,Baixa,Baixa,-0.86,-0.09,0
2022-04-05,Baixa,Baixa,-0.82,-0.40,0
2022-04-06,Baixa,Baixa,-0.83,-0.75,0
2022-04-07,Baixa,Baixa,-0.86,-0.41,0
2022-04-08,Baixa,Baixa,-0.86,0.29,1
2022-04-11,Baixa,Baixa,-0.93,0.24,2
2022-04-12,Baixa,Baixa,-0.96,-0.49,0
2022-04-13,Baixa,Baixa,-1.03,1.00,1
2022-04-14,Baixa,Baixa,-1.10,-0.31,0
2022-04-18,Baixa,Baixa,-1.17,0.68,1
2022-04-19,Alta,Baixa,-1.21,0.92,2
2022-04-20,Alta,Baixa,-1.24,0.10,3
2022-04-21,Alta,Baixa,-1.28,-0.73,0
2022-04-22,Baixa,Baixa,-1.38,-0.86,0
2022-04-25,Baixa,Baixa,-1.52,0.24,1
2022-04-26,Baixa,Baixa,-1.66,-0.63,0
2022-04-27,Baixa,Baixa,-1.80,-0.11,0
2022-04-28,Baixa,Baixa,-1.91,0.27,1
2022-04-29,Baixa,Baixa,-1.98,-0.80,0
2022-05-02,Baixa,Baixa,-1.96,0.13,1
2022-05-03,Alta,Baixa,-1.93,0.65,2
2022-05-04,Alta,Baixa,-1.80,0.79,3
2022-05-05,Alta,Baixa,-1.67,-0.50,0
2022-05-06,Baixa,Baixa,-1.50,-0.40,0
2022-05-09,Baixa,Baixa,-1.54,-0.24,0
2022-05-10,Baixa,Baixa,-1.62,-0.52,0
2022-05-11,Baixa,Baixa,-1.69,-0.36,0
2022-05-12,Baixa,Baixa,-1.84,0.04,1
2022-05-13,Baixa,Baixa,-1.95,-0.12,0
2022-05-16,Baixa,Baixa,-1.89,-0.53,0
2022-05-17,Alta,Baixa,-1.61,0.77,1
2022-05-18,Baixa,Baixa,-1.51,-0.72,0
2022-05-19,Baixa,Baixa,-1.40,0.18,1
2022-05-20,Baixa,Baixa,-1.30,-0.33,0
2022-05-23,Alta,Baixa,-1.20,0.60,1
2022-05-24,Alta,Baixa,-1.31,-0.20,0
2022-05-25,Alta,Baixa,-1.31,0.79,1
2022-05-26,Alta,Baixa,-1.28,0.80,2
2022-05-27,Alta,Baixa,-1.21,0.74,3
2022-05-31,Alta,Baixa,-1.21,0.70,4
2022-06-01,Alta,Baixa,-1.21,-0.57,0
2022-06-02,Alta,Baixa,-1.25,0.83,1
2022-06-03,Baixa,Baixa,-1.22,-0.78,0
2022-06-06,Baixa,Baixa,-1.22,-0.27,0
2022-06-07,Alta,Alta,-1.26,0.91,1
2022-06-08,Baixa,Baixa,-1.27,-0.27,0
2022-06-09,Baixa,Baixa,-1.34,-0.98,0
2022-06-10,Baixa,Baixa,-1.46,-0.79,0
2022-06-13,Baixa,Baixa,-1.61,-0.22,0
2022-06-14,Baixa,Baixa,-1.69,-0.03,0
2022-06-15,Baixa,Baixa,-1.74,0.07,1
2022-06-16,Baixa,Baixa,-1.74,-0.65,0
2022-06-17,Baixa,Baixa,-1.67,0.55,1
2022-06-21,Alta,Baixa,-1.53,-0.58,0
2022-06-22,Alta,Baixa,-1.45,0.84,1
2022-06-23,Baixa,Baixa,-1.46,-0.58,0
2022-06-24,Alta,Baixa,-1.35,0.97,1
2022-06-27,Alta,Baixa,-1.28,-0.83,0
2022-06-28,Alta,Baixa,-1.24,-0.52,0
2022-06-29,Baixa,Baixa,-1.24,-0.71,0
2022-06-30,Baixa,Baixa,-1.25,0.03,1
2022-07-01,Baixa,Baixa,-1.37,0.72,2
2022-07-05,Baixa,Baixa,-1.41,0.53,3
2022-07-06,Baixa,Baixa,-1.49,-0.32,0
2022-07-07,Alta,Baixa,-1.42,0.64,1
2022-07-08,Alta,Baixa,-1.26,-0.42,0
2022-07-11,Baixa,Baixa,-1.11,0.00,0
2022-07-12,Baixa,Baixa,-1.03,0.29,1
2022-07-13,Baixa,Baixa,-0.96,-0.07,0
2022-07-14,Baixa,Baixa,-1.00,0.53,1
2022-07-15,Alta,Baixa,-1.00,0.81,2
2022-07-18,Alta,Baixa,-1.04,-0.33,0
2022-07-19,Alta,Alta,-0.96,0.86,1
2022-07-20,Alta,Alta,-0.84,0.57,2
2022-07-21,Alta,Alta,-0.64,0.59,3
2022-07-22,Alta,Alta,-0.48,-0.42,0
2022-07-25,Alta,Alta,-0.20,0.69,1
2022-07-26,Baixa,Alta,-0.04,-0.50,0
2022-07-27,Alta,Alta,0.08,0.75,1
2022-07-28,Alta,Alta,0.16,-0.33,0
2022-07-29,Alta,Alta,0.20,0.91,1
2022-08-01,Alta,Alta,0.20,0.61,2
2022-08-02,Baixa,Alta,0.24,-0.07,0
2022-08-03,Alta,Alta,0.28,0.39,1
2022-08-04,Baixa,Alta,0.20,-0.93,0
2022-08-05,Alta,Alta,0.20,0.85,1
2022-08-08,Alta,Alta,0.16,-0.77,0
2022-08-09,Alta,Alta,0.00,0.67,1
2022-08-10,Alta,Alta,-0.08,0.78,2
2022-08-11,Alta,Alta,-0.04,0.64,3
2022-08-12,Alta,Alta,0.00,0.53,4
2022-08-15,Alta,Alta,0.04,0.86,5
2022-08-16,Alta,Alta,0.20,0.77,6
2022-08-17,Alta,Alta,0.28,0.18,7
2022-08-18,Alta,Alta,0.32,0.27,8
2022-08-19,Baixa,Alta,0.28,-0.54,0
2022-08-22,Baixa,Alta,0.32,-0.90,0
2022-08-23,Baixa,Alta,0.40,-0.71,0
2022-08-24,Baixa,Alta,0.52,0.30,1
2022-08-25,Baixa,Alta,0.73,0.88,2
2022-08-26,Baixa,Alta,0.85,-1.00,0
2022-08-29,Baixa,Alta,0.97,-0.19,0
2022-08-30,Baixa,Alta,0.96,-0.58,0
2022-08-31,Baixa,Alta,0.88,-0.72,0
2022-09-01,Baixa,Alta,0.76,1.00,1
2022-09-02,Baixa,Alta,0.76,-0.59,0
2022-09-06,Baixa,Baixa,0.60,-0.70,0
2022-09-07,Alta,Alta,0.56,0.96,1
2022-09-08,Alta,Alta,0.60,1.00,2
2022-09-09,Alta,Alta,0.67,-0.13,0
2022-09-12,Alta,Alta,0.75,0.39,1
2022-09-13,Baixa,Alta,0.87,-0.52,0
2022-09-14,Baixa,Alta,0.91,-0.12,0
2022-09-15,Alta,Alta,0.91,0.56,1
2022-09-16,Baixa,Alta,0.87,-0.04,0
2022-09-19,Baixa,Alta,0.79,0.92,1
2022-09-20,Baixa,Alta,0.79,-0.15,0
2022-09-21,Baixa,Baixa,0.75,-0.78,0
2022-09-22,Baixa,Baixa,0.70,-0.90,0
2022-09-23,Baixa,Baixa,0.63,-0.28,0
2022-09-26,Baixa,Baixa,0.47,-0.36,0
2022-09-27,Baixa,Baixa,0.27,-0.56,0
2022-09-28,Baixa,Baixa,0.08,0.68,1
2022-09-29,Baixa,Baixa,-0.16,0.38,2
2022-09-30,Baixa,Baixa,-0.35,-0.20,0
2022-10-03,Alta,Baixa,-0.39,0.52,1
2022-10-04,Alta,Baixa,-0.35,0.98,2
2022-10-05,Alta,Baixa,-0.27,0.50,3
2022-10-06,Alta,Baixa,-0.23,-0.67,0
2022-10-07,Baixa,Baixa,-0.19,-0.81,0
2022-10-10,Baixa,Baixa,-0.31,-0.63,0
2022-10-11,Baixa,Baixa,-0.47,-0.42,0
2022-10-12,Baixa,Baixa,-0.59,-0.13,0
2022-10-13,Alta,Baixa,-0.59,0.89,1
2022-10-14,Alta,Baixa,-0.59,-0.79,0
2022-10-17,Alta,Baixa,-0.47,0.07,1
2022-10-18,Alta,Baixa,-0.31,-0.30,0
2022-10-19,Baixa,Baixa,-0.31,-0.74,0
2022-10-20,Baixa,Baixa,-0.43,-0.76,0
2022-10-21,Baixa,Baixa,-0.59,0.97,1
2022-10-24,Alta,Baixa,-0.75,0.76,2
2022-10-25,Alta,Baixa,-0.94,0.92,3
2022-10-26,Alta,Baixa,-1.02,-0.68,0
2022-10-27,Alta,Baixa,-0.99,-0.52,0
2022-10-28,Alta,Alta,-0.91,0.94,1
2022-10-31,Alta,Alta,-0.83,0.40,2
2022-11-01,Alta,Alta,-0.67,-0.35,0
2022-11-02,Baixa,Alta,-0.56,-0.79,0
2022-11-03,Baixa,Baixa,-0.52,-0.14,0
2022-11-04,Alta,Alta,-0.48,0.43,1
2022-11-07,Alta,Alta,-0.36,-0.10,0
2022-11-08,Alta,Alta,-0.32,0.42,1
2022-11-09,Baixa,Alta,-0.28,-0.97,0
2022-11-10,Alta,Alta,-0.04,0.95,1
2022-11-11,Alta,Alta,0.16,0.24,2
2022-11-14,Alta,Alta,0.24,-0.98,0
2022-11-15,Alta,Alta,0.32,-0.68,0
2022-11-16,Baixa,Alta,0.40,-0.69,0
2022-11-17,Baixa,Alta,0.24,0.33,1
2022-11-18,Baixa,Alta,0.08,-0.40,0
2022-11-21,Baixa,Alta,-0.08,0.77,1
2022-11-22,Alta,Alta,-0.12,0.67,2
2022-11-23,Alta,Alta,-0.12,0.36,3
2022-11-25,Alta,Alta,-0.08,0.75,4
2022-11-28,Baixa,Alta,0.00,-0.91,0
2022-11-29,Alta,Alta,0.08,0.79,1
2022-11-30,Alta,Alta,0.08,0.40,2
2022-12-01,Baixa,Alta,0.08,-0.84,0
2022-12-02,Baixa,Alta,0.16,0.55,1
2022-12-05,Baixa,Baixa,0.20,-0.90,0
2022-12-06,Baixa,Baixa,0.24,-0.42,0
2022-12-07,Baixa,Baixa,0.24,0.15,1
2022-12-08,Baixa,Baixa,0.20,-0.50,0
2022-12-09,Baixa,Baixa,0.16,0.26,1
2022-12-12,Alta,Baixa,0.20,0.64,2
2022-12-13,Baixa,Baixa,0.16,-0.88,0
2022-12-14,Baixa,Baixa,0.00,-0.60,0
2022-12-15,Baixa,Baixa,-0.12,-0.44,0
2022-12-16,Baixa,Baixa,-0.24,0.00,0
2022-12-19,Baixa,Baixa,-0.36,0.13,1
2022-12-20,Baixa,Baixa,-0.44,-0.74,0
2022-12-21,Alta,Baixa,-0.28,0.05,1
2022-12-22,Alta,Baixa,-0.16,0.21,2
2022-12-23,Alta,Baixa,-0.16,0.90,3
2022-12-27,Alta,Baixa,-0.16,-0.04,0
2022-12-28,Alta,Baixa,-0.20,-0.26,0
2022-12-29,Alta,Baixa,-0.36,0.75,1
2022-12-30,Alta,Baixa,-0.36,0.70,2
2023-01-03,Alta,Baixa,-0.28,-0.27,0
2023-01-04,Alta,Baixa,-0.20,0.59,1
2023-01-05,Alta,Baixa,-0.08,-0.10,0
2023-01-06,Alta,Alta,0.04,0.69,1
2023-01-09,Alta,Baixa,0.04,-0.79,0
2023-01-10,Alta,Alta,0.00,0.44,1
2023-01-11,Alta,Alta,-0.04,0.27,2
2023-01-12,Alta,Alta,-0.04,0.24,3
2023-01-13,Alta,Alta,-0.08,0.61,4
2023-01-17,Alta,Alta,-0.04,-0.50,0
2023-01-18,Baixa,Baixa,0.00,-0.92,0
2023-01-19,Baixa,Baixa,-0.08,0.54,1
2023-01-20,Alta,Alta,-0.08,0.93,2
2023-01-23,Alta,Alta,-0.04,0.82,3
2023-01-24,Alta,Alta,-0.04,-0.32,0
2023-01-25,Alta,Alta,-0.12,0.76,1
2023-01-26,Alta,Alta,-0.08,-0.14,0
2023-01-27,Alta,Alta,-0.08,0.29,1
2023-01-30,Alta,Alta,-0.12,-0.27,0
2023-01-31,Alta,Alta,-0.12,0.72,1
2023-02-01,Alta,Alta,0.08,0.63,2
2023-02-02,Alta,Alta,0.20,0.31,3
2023-02-03,Alta,Alta,0.32,0.44,4
2023-02-06,Alta,Alta,0.40,0.30,5
2023-02-07,Alta,Alta,0.44,0.72,6
2023-02-08,Alta,Alta,0.36,-0.17,0
2023-02-09,Baixa,Alta,0.36,-0.95,0
2023-02-10,Baixa,Alta,0.28,0.25,1
2023-02-13,Baixa,Alta,0.28,0.94,2
2023-02-14,Baixa,Alta,0.24,0.07,3
2023-02-15,Alta,Alta,0.28,0.94,4
2023-02-16,Baixa,Alta,0.36,-0.44,0
2023-02-17,Baixa,Alta,0.48,0.71,1
2023-02-21,Baixa,Alta,0.56,-0.73,0
2023-02-22,Baixa,Alta,0.64,-0.54,0
2023-02-23,Baixa,Alta,0.68,-0.15,0
2023-02-24,Baixa,Alta,0.60,0.84,1
2023-02-27,Baixa,Alta,0.60,-0.46,0
2023-02-28,Alta,Alta,0.64,0.06,1
2023-03-01,Alta,Alta,0.67,0.04,2
2023-03-02,Baixa,Baixa,0.71,-0.66,0
2023-03-03,Baixa,Alta,0.83,0.80,1
2023-03-06,Baixa,Baixa,0.83,-0.64,0
2023-03-07,Baixa,Baixa,0.75,-0.96,0
2023-03-08,Baixa,Baixa,0.67,-0.56,0
2023-03-09,Baixa,Baixa,0.39,-0.96,0
2023-03-10,Baixa,Baixa,0.08,0.02,1
2023-03-13,Baixa,Baixa,-0.39,-0.10,0
2023-03-14,Baixa,Baixa,-0.82,-0.74,0
2023-03-15,Baixa,Baixa,-1.25,0.27,1
2023-03-16,Baixa,Baixa,-1.49,0.44,2
2023-03-17,Baixa,Baixa,-1.80,-0.88,0
2023-03-20,Baixa,Baixa,-1.93,-0.28,0
2023-03-21,Alta,Baixa,-1.97,0.37,1
2023-03-22,Baixa,Baixa,-2.10,-1.00,0
2023-03-23,Baixa,Baixa,-2.27,-0.85,0
2023-03-24,Baixa,Baixa,-2.32,0.81,1
2023-03-27,Alta,Baixa,-2.37,-0.61,0
2023-03-28,Alta,Baixa,-2.46,0.16,1
2023-03-29,Alta,Baixa,-2.47,0.50,2
2023-03-30,Alta,Baixa,-2.36,-0.86,0
2023-03-31,Alta,Baixa,-2.29,-0.23,0
2023-04-03,Alta,Baixa,-2.26,-0.41,0
2023-04-04,Baixa,Baixa,-2.35,-0.67,0
2023-04-05,Baixa,Baixa,-2.41,0.74,1
2023-04-06,Baixa,Baixa,-2.54,0.61,2
2023-04-10,Alta,Baixa,-2.68,0.78,3
2023-04-11,Alta,Baixa,-2.78,0.32,4
2023-04-12,Alta,Baixa,-2.75,-0.72,0
2023-04-13,Alta,Baixa,-2.81,0.31,1
2023-04-14,Alta,Baixa,-2.87,-0.70,0
2023-04-17,Alta,Baixa,-2.88,0.65,1
2023-04-18,Alta,Baixa,-2.94,-0.47,0
2023-04-19,Alta,Baixa,-2.91,0.70,1
2023-04-20,Alta,Baixa,-2.93,-0.36,0
2023-04-21,Baixa,Baixa,-2.95,-0.72,0
2023-04-24,Baixa,Baixa,-2.97,-0.10,0
2023-04-25,Baixa,Baixa,-3.03,-0.80,0
2023-04-26,Baixa,Baixa,-3.18,-0.11,0
2023-04-27,Baixa,Baixa,-3.20,0.64,1
2023-04-28,Alta,Baixa,-3.22,0.87,2
2023-05-01,Baixa,Baixa,-3.29,-0.83,0
2023-05-02,Baixa,Baixa,-3.31,-0.79,0
2023-05-03,Baixa,Baixa,-3.33,-0.49,0
2023-05-04,Baixa,Baixa,-3.45,-0.19,0
2023-05-05,Baixa,Baixa,-3.52,0.27,1
2023-05-08,Baixa,Baixa,-3.59,-0.86,0
2023-05-09,Baixa,Baixa,-3.61,0.57,1
2023-05-10,Baixa,Baixa,-3.64,-0.70,0
2023-05-11,Baixa,Baixa,-3.67,0.24,1
2023-05-12,Baixa,Baixa,-3.64,-0.61,0
2023-05-15,Alta,Baixa,-3.67,0.86,1
2023-05-16,Baixa,Baixa,-3.70,-0.76,0
2023-05-17,Alta,Baixa,-3.53,0.97,1
2023-05-18,Alta,Baixa,-3.25,0.28,2
2023-05-19,Alta,Baixa,-2.98,-0.53,0
2023-05-22,Alta,Alta,-2.49,0.47,1
2023-05-23,Alta,Alta,-1.74,0.10,2
2023-05-24,Alta,Baixa,-1.29,-0.95,0
2023-05-25,Baixa,Baixa,-0.78,0.08,1
2023-05-26,Alta,Alta,-0.47,0.42,2
2023-05-30,Alta,Alta,-0.16,-0.11,0
2023-05-31,Baixa,Baixa,-0.16,-0.58,0
2023-06-01,Baixa,Baixa,-0.16,0.40,1
2023-06-02,Alta,Alta,-0.05,0.88,2
2023-06-05,Alta,Alta,0.16,-0.61,0
2023-06-06,Alta,Alta,0.26,0.80,1
2023-06-07,Alta,Alta,0.37,0.50,2
2023-06-08,Alta,Alta,0.57,-0.18,0
2023-06-09,Alta,Alta,0.52,-0.50,0
2023-06-12,Baixa,Alta,0.47,-0.43,0
2023-06-13,Alta,Alta,0.42,0.75,1
2023-06-14,Baixa,Alta,0.36,-0.69,0
2023-06-15,Alta,Alta,0.42,0.88,1
2023-06-16,Baixa,Alta,0.47,-0.80,0
2023-06-20,Baixa,Alta,0.52,-0.32,0
2023-06-21,Baixa,Alta,0.47,-0.53,0
2023-06-22,Baixa,Alta,0.36,-0.96,0
2023-06-23,Baixa,Baixa,0.21,-0.22,0
2023-06-26,Baixa,Baixa,0.05,0.16,1
2023-06-27,Baixa,Alta,-0.05,0.46,2
2023-06-28,Baixa,Alta,-0.15,-0.30,0
2023-06-29,Alta,Alta,-0.15,0.79,1
2023-06-30,Alta,Alta,-0.21,-0.88,0
2023-07-03,Alta,Alta,-0.15,0.76,1
2023-07-05,Alta,Alta,-0.15,-0.15,0
2023-07-06,Baixa,Alta,-0.10,-0.14,0
2023-07-07,Alta,Alta,0.05,0.64,1
2023-07-10,Alta,Alta,0.21,0.52,2
2023-07-11,Alta,Alta,0.26,0.59,3
2023-07-12,Alta,Alta,0.36,-0.21,0
2023-07-13,Alta,Alta,0.52,0.52,1
2023-07-14,Alta,Alta,0.62,-0.97,0
2023-07-17,Alta,Alta,0.83,0.79,1
2023-07-18,Alta,Alta,1.14,1.00,2
2023-07-19,Alta,Alta,1.44,0.72,3
2023-07-20,Alta,Alta,1.65,0.50,4
2023-07-21,Alta,Alta,1.75,-0.90,0
2023-07-24,Alta,Alta,1.84,0.81,1
2023-07-25,Alta,Alta,1.89,-0.76,0
2023-07-26,Alta,Alta,1.93,0.70,1
2023-07-27,Baixa,Alta,1.92,-0.68,0
2023-07-28,Alta,Alta,2.02,-0.08,0
2023-07-31,Alta,Alta,1.91,-0.17,0
2023-08-01,Baixa,Alta,1.80,-0.44,0
2023-08-02,Baixa,Alta,1.65,0.38,1
2023-08-03,Baixa,Alta,1.54,0.66,2
2023-08-04,Baixa,Alta,1.39,-0.10,0
2023-08-07,Alta,Alta,1.43,0.50,1
2023-08-08,Baixa,Alta,1.43,0.44,2
2023-08-09,Baixa,Alta,1.32,-0.90,0
2023-08-10,Baixa,Alta,1.32,-0.60,0
2023-08-11,Baixa,Alta,1.37,0.79,1
2023-08-14,Baixa,Alta,1.22,-0.79,0
2023-08-15,Baixa,Baixa,1.02,-0.79,0
2023-08-16,Baixa,Baixa,0.87,-0.56,0
2023-08-17,Baixa,Baixa,0.68,-0.56,0
2023-08-18,Baixa,Baixa,0.34,0.47,1
2023-08-21,Baixa,Baixa,0.14,-0.14,0
2023-08-22,Baixa,Baixa,0.00,-1.00,0
2023-08-23,Baixa,Baixa,-0.05,0.95,1
2023-08-24,Baixa,Baixa,-0.14,0.26,2
2023-08-25,Baixa,Baixa,-0.14,-0.54,0
2023-08-28,Alta,Baixa,-0.14,0.50,1
2023-08-29,Alta,Baixa,-0.10,0.90,2
2023-08-30,Alta,Baixa,-0.05,-0.78,0
2023-08-31,Alta,Baixa,0.00,-0.50,0
2023-09-01,Alta,Baixa,0.14,-0.17,0
2023-09-05,Alta,Baixa,0.29,-0.52,0
2023-09-06,Baixa,Baixa,0.34,-0.69,0
2023-09-07,Baixa,Baixa,0.29,-0.63,0
2023-09-08,Baixa,Baixa,0.34,0.50,1
2023-09-11,Baixa,Baixa,0.24,-0.33,0
2023-09-12,Alta,Baixa,0.14,0.80,1
2023-09-13,Alta,Baixa,0.10,-0.79,0
2023-09-14,Alta,Baixa,0.10,0.70,1
2023-09-15,Alta,Baixa,0.10,-0.11,0
2023-09-18,Baixa,Baixa,0.10,-0.87,0
2023-09-19,Baixa,Baixa,0.05,-0.08,0
2023-09-20,Baixa,Baixa,0.00,-0.51,0
2023-09-21,Baixa,Baixa,-0.10,-0.42,0
2023-09-22,Baixa,Baixa,-0.29,-0.77,0
2023-09-25,Baixa,Baixa,-0.38,0.96,1
2023-09-26,Baixa,Baixa,-0.53,-0.45,0
2023-09-27,Baixa,Baixa,-0.72,-0.47,0
2023-09-28,Baixa,Baixa,-0.86,0.60,1
2023-09-29,Alta,Baixa,-0.96,-0.41,0
2023-10-02,Baixa,Baixa,-1.10,-0.88,0
2023-10-03,Baixa,Baixa,-1.30,-0.82,0
2023-10-04,Baixa,Baixa,-1.35,0.33,1
2023-10-05,Baixa,Baixa,-1.45,0.89,2
2023-10-06,Alta,Baixa,-1.45,0.53,3
2023-10-09,Alta,Baixa,-1.50,0.63,4
2023-10-10,Alta,Baixa,-1.46,0.14,5
2023-10-11,Alta,Baixa,-1.42,-0.34,0
2023-10-12,Alta,Baixa,-1.32,-0.63,0
2023-10-13,Baixa,Baixa,-1.38,-0.67,0
2023-10-16,Alta,Baixa,-1.33,0.71,1
2023-10-17,Alta,Baixa,-1.29,0.77,2
2023-10-18,Baixa,Baixa,-1.29,-0.93,0
2023-10-19,Baixa,Baixa,-1.29,-0.28,0
2023-10-20,Baixa,Baixa,-1.35,-1.00,0
2023-10-23,Baixa,Baixa,-1.40,-0.43,0
2023-10-24,Baixa,Baixa,-1.45,-0.52,0
2023-10-25,Baixa,Baixa,-1.46,-0.03,0
2023-10-26,Baixa,Baixa,-1.41,0.71,1
2023-10-27,Baixa,Baixa,-1.31,-0.89,0
2023-10-30,Alta,Baixa,-1.22,0.29,1
2023-10-31,Alta,Baixa,-1.12,0.59,2
2023-11-01,Alta,Baixa,-0.97,0.00,0
2023-11-02,Alta,Baixa,-0.87,1.00,1
2023-11-03,Alta,Alta,-0.61,0.57,2
2023-11-06,Alta,Alta,-0.41,-0.68,0
2023-11-07,Alta,Alta,-0.26,-0.59,0
2023-11-08,Alta,Alta,-0.26,-0.75,0
2023-11-09,Baixa,Baixa,-0.26,-0.90,0
2023-11-10,Baixa,Baixa,-0.31,0.21,1
2023-11-13,Baixa,Alta,-0.46,0.40,2
2023-11-14,Alta,Alta,-0.41,0.70,3
2023-11-15,Alta,Alta,-0.21,0.81,4
2023-11-16,Alta,Alta,-0.05,-0.33,0
2023-11-17,Alta,Alta,0.10,0.92,1
2023-11-20,Alta,Alta,0.36,-0.23,0
2023-11-21,Alta,Alta,0.41,-0.93,0
2023-11-22,Baixa,Alta,0.36,-0.79,0
2023-11-24,Baixa,Alta,0.31,0.14,1
2023-11-27,Baixa,Alta,0.26,-0.09,0
2023-11-28,Baixa,Alta,0.21,0.05,1
2023-11-29,Alta,Alta,0.26,0.60,2
2023-11-30,Alta,Alta,0.36,0.42,3
2023-12-01,Alta,Alta,0.57,0.91,4
2023-12-04,Alta,Alta,0.82,0.83,5
2023-12-05,Alta,Alta,0.98,-0.90,0
2023-12-06,Alta,Alta,1.18,-0.37,0
2023-12-07,Alta,Alta,1.33,0.76,1
2023-12-08,Alta,Alta,1.43,0.52,2
2023-12-11,Alta,Alta,1.43,-0.25,0
2023-12-12,Alta,Alta,1.53,-0.56,0
2023-12-13,Alta,Alta,1.68,0.92,1
2023-12-14,Alta,Alta,1.92,0.84,2
2023-12-15,Alta,Alta,2.17,-0.58,0
2023-12-18,Alta,Alta,2.32,-0.96,0
2023-12-19,Alta,Alta,2.51,0.70,1
2023-12-20,Baixa,Alta,2.50,-0.69,0
2023-12-21,Baixa,Alta,2.38,-0.09,0
2023-12-22,Baixa,Alta,2.27,-0.40,0
2023-12-26,Alta,Alta,2.31,0.60,1
2023-12-27,Alta,Alta,2.30,-0.09,0
2023-12-28,Alta,Alta,2.29,0.92,1
2023-12-29,Alta,Alta,2.28,-0.95,0
2024-01-02,Alta,Alta,2.37,0.73,1
2024-01-03,Baixa,Alta,2.40,-0.89,0
2024-01-04,Baixa,Alta,2.44,0.45,1
2024-01-05,Alta,Alta,2.57,0.64,2
2024-01-08,Alta,Alta,2.75,0.81,3
2024-01-09,Baixa,Alta,2.74,-0.67,0
2024-01-10,Baixa,Alta,2.77,0.17,1
2024-01-11,Baixa,Alta,2.76,-0.19,0
2024-01-12,Baixa,Alta,2.65,-0.37,0
2024-01-16,Baixa,Alta,2.49,0.15,1
2024-01-17,Baixa,Alta,2.30,0.63,2
2024-01-18,Baixa,Alta,2.01,-0.22,0
2024-01-19,Alta,Alta,1.86,0.92,1
2024-01-22,Alta,Alta,1.81,0.52,2
2024-01-23,Alta,Alta,1.71,-0.50,0
2024-01-24,Alta,Alta,1.84,0.16,1
2024-01-25,Alta,Alta,2.02,-0.33,0
2024-01-26,Alta,Alta,2.10,0.50,1
2024-01-29,Alta,Alta,2.04,0.93,2
2024-01-30,Alta,Alta,2.04,0.84,3
2024-01-31,Baixa,Alta,1.90,-0.50,0
2024-02-01,Baixa,Alta,1.67,-0.54,0
2024-02-02,Baixa,Alta,1.44,0.82,1
2024-02-05,Baixa,Baixa,1.35,-0.40,0
2024-02-06,Baixa,Baixa,1.17,-0.77,0
2024-02-07,Baixa,Baixa,1.08,0.55,1
2024-02-08,Baixa,Baixa,1.08,0.50,2
2024-02-09,Alta,Baixa,1.08,0.63,3
2024-02-12,Alta,Alta,1.03,0.70,4
2024-02-13,Baixa,Baixa,1.03,-0.33,0
2024-02-14,Alta,Baixa,0.90,0.48,1
2024-02-15,Alta,Alta,0.85,0.86,2
2024-02-16,Alta,Alta,0.81,0.63,3
2024-02-20,Alta,Alta,0.72,0.78,4
2024-02-21,Alta,Alta,0.68,0.00,0
2024-02-22,Alta,Alta,0.72,0.34,1
2024-02-23,Alta,Alta,0.68,0.12,2
2024-02-26,Baixa,Alta,0.63,-0.08,0
2024-02-27,Alta,Alta,0.59,1.00,1
2024-02-28,Alta,Alta,0.42,-0.20,0
2024-02-29,Alta,Alta,0.29,-0.06,0
2024-03-01,Alta,Alta,0.17,0.03,1
2024-03-04,Alta,Alta,0.08,0.44,2
2024-03-05,Alta,Alta,0.08,0.82,3
2024-03-06,Alta,Alta,0.21,-0.06,0
2024-03-07,Alta,Alta,0.25,-0.33,0
2024-03-08,Alta,Alta,0.29,-0.64,0
2024-03-11,Alta,Alta,0.34,0.52,1
2024-03-12,Alta,Alta,0.29,0.21,2
2024-03-13,Alta,Alta,0.25,0.42,3
2024-03-14,Baixa,Alta,0.21,-0.83,0
2024-03-15,Baixa,Alta,0.21,0.36,1
2024-03-18,Baixa,Alta,0.21,0.28,2
2024-03-19,Baixa,Alta,0.17,0.58,3
2024-03-20,Alta,Alta,0.21,0.86,4
2024-03-21,Alta,Alta,0.33,1.00,5
2024-03-22,Alta,Alta,0.38,-1.00,0
2024-03-25,Alta,Alta,0.38,-0.06,0
2024-03-26,Alta,Alta,0.50,-0.82,0
2024-03-27,Alta,Alta,0.63,0.90,1
2024-03-28,Alta,Alta,0.75,1.00,2
2024-04-01,Alta,Alta,0.87,-1.00,0
2024-04-02,Baixa,Alta,0.96,-0.62,0
2024-04-03,Baixa,Alta,0.91,0.06,1
2024-04-04,Baixa,Alta,0.83,-0.66,0
2024-04-05,Baixa,Alta,0.66,0.68,1
2024-04-08,Alta,Alta,0.54,0.79,2
2024-04-09,Alta,Alta,0.49,-0.04,0
2024-04-10,Baixa,Alta,0.41,-0.73,0
2024-04-11,Baixa,Alta,0.29,0.05,1
2024-04-12,Baixa,Baixa,0.21,-0.46,0
2024-04-15,Baixa,Baixa,0.21,-0.82,0
2024-04-16,Baixa,Baixa,0.12,-0.75,0
2024-04-17,Baixa,Baixa,0.16,-0.04,0
2024-04-18,Baixa,Baixa,0.25,0.37,1
2024-04-19,Alta,Alta,0.37,0.98,2
2024-04-22,Alta,Alta,0.45,0.78,3
2024-04-23,Alta,Alta,0.61,0.65,4
2024-04-24,Alta,Alta,0.70,1.00,5
2024-04-25,Alta,Alta,0.82,0.30,6
2024-04-26,Alta,Alta,0.86,-0.73,0
2024-04-29,Baixa,Alta,0.82,-0.52,0
2024-04-30,Baixa,Alta,0.69,-0.90,0
2024-05-01,Baixa,Alta,0.65,0.36,1
2024-05-02,Alta,Alta,0.57,-0.26,0
2024-05-03,Alta,Alta,0.53,-0.82,0
2024-05-06,Alta,Alta,0.57,0.64,1
2024-05-07,Alta,Alta,0.65,-0.41,0
2024-05-08,Alta,Alta,0.69,0.93,1
2024-05-09,Alta,Alta,0.73,0.81,2
2024-05-10,Alta,Alta,0.77,0.60,3
2024-05-13,Alta,Alta,0.76,-0.58,0
2024-05-14,Alta,Alta,0.76,1.00,1
2024-05-15,Alta,Alta,0.76,-0.20,0
2024-05-16,Alta,Alta,0.72,-0.33,0
2024-05-17,Alta,Alta,0.68,-0.43,0
2024-05-20,Baixa,Alta,0.64,-0.91,0
2024-05-21,Baixa,Alta,0.60,0.64,1
2024-05-22,Baixa,Alta,0.56,-0.57,0
2024-05-23,Baixa,Alta,0.48,-0.84,0
2024-05-24,Baixa,Alta,0.44,0.94,1
2024-05-28,Baixa,Alta,0.40,-0.84,0
2024-05-29,Baixa,Baixa,0.32,-0.14,0
2024-05-30,Baixa,Baixa,0.28,0.31,1
2024-05-31,Alta,Alta,0.28,0.76,2
2024-06-03,Baixa,Baixa,0.20,-0.66,0
2024-06-04,Baixa,Baixa,0.08,-0.59,0
2024-06-05,Baixa,Baixa,0.04,-0.35,0
2024-06-06,Baixa,Baixa,0.00,-0.29,0
2024-06-07,Baixa,Baixa,-0.12,0.71,1
2024-06-10,Baixa,Baixa,-0.24,-0.43,0
2024-06-11,Baixa,Baixa,-0.28,0.68,1
2024-06-12,Baixa,Baixa,-0.32,-0.49,0
2024-06-13,Baixa,Baixa,-0.39,-0.43,0
2024-06-14,Baixa,Baixa,-0.36,0.19,1
2024-06-17,Alta,Baixa,-0.28,0.98,2
2024-06-18,Alta,Baixa,-0.24,0.71,3
2024-06-20,Alta,Baixa,-0.28,0.63,4
2024-06-21,Alta,Baixa,-0.20,-0.18,0
2024-06-24,Alta,Alta,-0.08,0.79,1
2024-06-25,Alta,Baixa,0.00,-0.72,0
2024-06-26,Baixa,Baixa,0.08,0.09,1
2024-06-27,Alta,Baixa,0.24,0.73,2
2024-06-28,Alta,Alta,0.40,1.00,3
2024-07-01,Alta,Alta,0.44,0.04,4
2024-07-02,Alta,Alta,0.52,0.89,5
2024-07-03,Alta,Alta,0.56,-0.88,0
2024-07-05,Baixa,Alta,0.48,-0.91,0
2024-07-08,Baixa,Alta,0.32,-0.72,0
2024-07-09,Alta,Alta,0.24,0.72,1
2024-07-10,Alta,Alta,0.20,1.00,2
2024-07-11,Alta,Alta,0.28,0.90,3
2024-07-12,Alta,Alta,0.39,0.48,4
2024-07-15,Alta,Alta,0.55,0.49,5
2024-07-16,Alta,Alta,0.75,1.00,6
2024-07-17,Alta,Alta,0.91,0.76,7
2024-07-18,Alta,Alta,0.90,-0.52,0
2024-07-19,Alta,Alta,0.98,0.45,1
2024-07-22,Alta,Alta,1.02,0.59,2
2024-07-23,Alta,Alta,0.98,0.84,3
2024-07-24,Baixa,Alta,0.90,-0.26,0
2024-07-25,Alta,Alta,0.94,0.73,1
2024-07-26,Alta,Alta,0.93,0.65,2
2024-07-29,Alta,Alta,0.89,-0.98,0
2024-07-30,Alta,Alta,0.93,-0.32,0
2024-07-31,Baixa,Alta,0.93,-0.56,0
2024-08-01,Baixa,Alta,0.85,-0.88,0
2024-08-02,Baixa,Alta,0.66,-0.25,0
2024-08-05,Baixa,Baixa,0.50,0.35,1
2024-08-06,Baixa,Baixa,0.31,0.29,2
2024-08-07,Baixa,Baixa,0.19,-0.61,0
2024-08-08,Baixa,Alta,0.15,0.62,1
2024-08-09,Alta,Alta,0.23,0.43,2
2024-08-12,Alta,Alta,0.31,-0.76,0
2024-08-13,Alta,Alta,0.34,1.00,1
2024-08-14,Alta,Alta,0.42,-0.15,0
2024-08-15,Alta,Alta,0.50,0.00,0
2024-08-16,Alta,Alta,0.61,0.86,1
2024-08-19,Alta,Alta,0.76,0.96,2
2024-08-20,Alta,Alta,0.84,-0.78,0
2024-08-21,Alta,Alta,0.95,0.47,1
2024-08-22,Alta,Alta,1.03,0.15,2
2024-08-23,Alta,Alta,1.14,0.79,3
2024-08-26,Alta,Alta,1.17,-1.00,0
2024-08-27,Alta,Alta,1.29,-0.20,0
2024-08-28,Alta,Alta,1.36,0.91,1
2024-08-29,Alta,Alta,1.39,0.56,2
2024-08-30,Alta,Alta,1.39,0.69,3
2024-09-03,Alta,Alta,1.42,-0.27,0
2024-09-04,Baixa,Alta,1.38,-0.43,0
2024-09-05,Baixa,Alta,1.30,-0.78,0
2024-09-06,Baixa,Baixa,1.23,-0.92,0
2024-09-09,Baixa,Alta,1.11,0.78,1
2024-09-10,Baixa,Baixa,0.92,-0.52,0
2024-09-11,Baixa,Baixa,0.81,0.19,1
2024-09-12,Baixa,Baixa,0.62,-0.40,0
2024-09-13,Baixa,Baixa,0.55,-0.26,0
2024-09-16,Alta,Alta,0.55,1.00,1
2024-09-17,Alta,Alta,0.59,0.62,2
2024-09-18,Alta,Alta,0.62,0.16,3
2024-09-19,Alta,Alta,0.77,0.51,4
2024-09-20,Alta,Alta,0.80,-0.62,0
2024-09-23,Alta,Alta,0.73,-0.63,0
2024-09-24,Baixa,Alta,0.62,-0.62,0
2024-09-25,Baixa,Baixa,0.44,-0.95,0
2024-09-26,Baixa,Alta,0.22,0.64,1
2024-09-27,Baixa,Alta,0.11,-0.45,0
2024-09-30,Alta,Alta,0.00,0.87,1
2024-10-01,Baixa,Baixa,-0.07,-0.83,0
2024-10-02,Baixa,Baixa,-0.11,0.03,1
2024-10-03,Baixa,Baixa,-0.14,0.48,2
2024-10-04,Alta,Alta,-0.22,0.88,3
2024-10-07,Alta,Alta,-0.25,-0.11,0
2024-10-08,Alta,Alta,-0.25,-0.38,0
2024-10-09,Alta,Alta,-0.22,0.58,1
2024-10-10,Alta,Alta,-0.18,0.18,2
2024-10-11,Alta,Alta,0.00,0.90,3
2024-10-14,Alta,Alta,0.25,0.55,4
2024-10-15,Alta,Alta,0.58,-0.17,0
2024-10-16,Alta,Alta,0.91,0.56,1
2024-10-17,Alta,Alta,1.27,0.29,2
2024-10-18,Alta,Alta,1.41,-0.87,0
2024-10-21,Baixa,Alta,1.41,-0.95,0
2024-10-22,Baixa,Alta,1.37,0.98,1
2024-10-23,Baixa,Alta,1.29,0.33,2
2024-10-24,Baixa,Alta,1.18,0.81,3
2024-10-25,Baixa,Alta,1.07,-0.76,0
2024-10-28,Alta,Alta,1.03,1.00,1
2024-10-29,Alta,Alta,0.92,-0.52,0
2024-10-30,Alta,Alta,0.92,0.50,1
2024-10-31,Baixa,Alta,0.85,-0.93,0
2024-11-01,Baixa,Alta,0.81,-0.93,0
2024-11-04,Baixa,Alta,0.71,-0.62,0
2024-11-05,Baixa,Alta,0.67,0.83,1
2024-11-06,Alta,Alta,0.81,1.00,2
2024-11-07,Alta,Alta,0.95,-0.93,0
2024-11-08,Alta,Alta,1.09,0.25,1
2024-11-11,Alta,Alta,1.30,0.50,2
2024-11-12,Alta,Alta,1.51,0.10,3
2024-11-13,Alta,Alta,1.50,-0.31,0
2024-11-14,Alta,Alta,1.57,-0.52,0
2024-11-15,Alta,Alta,1.66,-0.03,0
2024-11-18,Alta,Alta,1.76,-0.10,0
2024-11-19,Baixa,Alta,1.83,0.63,1
2024-11-20,Baixa,Alta,1.86,0.04,2
2024-11-21,Alta,Alta,1.95,0.49,3
2024-11-22,Alta,Alta,2.01,0.94,4
2024-11-25,Alta,Alta,2.07,0.41,5
2024-11-26,Alta,Alta,2.13,-0.39,0
2024-11-27,Alta,Alta,2.16,-0.53,0
2024-11-29,Alta,Alta,2.05,-0.86,0
2024-12-02,Baixa,Alta,1.97,-0.21,0
2024-12-03,Baixa,Alta,1.86,-0.79,0
2024-12-04,Baixa,Alta,1.76,-0.24,0
2024-12-05,Baixa,Alta,1.75,0.10,1
2024-12-06,Baixa,Alta,1.78,-0.05,0
2024-12-09,Baixa,Alta,1.71,-1.00,0
2024-12-10,Baixa,Alta,1.67,-0.20,0
2024-12-11,Baixa,Alta,1.69,-0.80,0
2024-12-12,Baixa,Alta,1.62,-0.70,0
2024-12-13,Baixa,Alta,1.58,-0.68,0
2024-12-16,Baixa,Alta,1.58,0.26,1
2024-12-17,Baixa,Alta,1.54,-0.73,0
2024-12-18,Baixa,Baixa,1.35,-0.96,0
2024-12-19,Baixa,Baixa,1.15,-0.75,0
2024-12-20,Baixa,Baixa,1.02,0.76,1
2024-12-23,Baixa,Baixa,0.83,0.61,2
2024-12-24,Alta,Baixa,0.70,1.00,3
2024-12-26,Alta,Baixa,0.66,0.84,4
2024-12-27,Alta,Baixa,0.63,-0.35,0
2024-12-30,Baixa,Baixa,0.47,0.00,0
2024-12-31,Baixa,Baixa,0.44,-0.51,0
2025-01-02,Baixa,Baixa,0.44,-0.76,0
2025-01-03,Alta,Baixa,0.41,0.46,1
2025-01-06,Alta,Baixa,0.44,-0.09,0
2025-01-07,Alta,Baixa,0.50,-0.65,0
2025-01-08,Alta,Baixa,0.60,0.33,1
2025-01-10,Baixa,Baixa,0.50,-0.73,0
2025-01-13,Baixa,Baixa,0.50,0.97,1
2025-01-14,Alta,Baixa,0.47,0.88,2
2025-01-15,Alta,Alta,0.59,0.11,3
2025-01-16,Alta,Alta,0.62,0.07,4
2025-01-17,Alta,Alta,0.84,0.60,5
2025-01-21,Alta,Alta,0.96,0.49,6
2025-01-22,Alta,Alta,0.87,-0.77,0
2025-01-23,Alta,Alta,0.71,0.16,1
2025-01-24,Alta,Alta,0.59,0.60,2
2025-01-27,Alta,Alta,0.34,0.68,3
2025-01-28,Alta,Alta,0.15,-0.28,0
2025-01-29,Baixa,Alta,0.18,-0.02,0
2025-01-30,Alta,Alta,0.15,-0.16,0
2025-01-31,Alta,Alta,0.12,-0.33,0
2025-02-03,Baixa,Alta,0.12,0.38,1
2025-02-04,Baixa,Alta,0.12,0.79,2
2025-02-05,Alta,Alta,0.12,0.39,3
2025-02-06,Alta,Alta,0.15,0.68,4
2025-02-07,Alta,Alta,0.09,-0.81,0
2025-02-10,Baixa,Alta,0.03,-0.81,0
2025-02-11,Alta,Alta,-0.03,0.81,1
2025-02-12,Baixa,Alta,-0.12,-0.22,0
2025-02-13,Baixa,Alta,-0.21,0.23,1
2025-02-14,Baixa,Alta,-0.22,0.58,2
2025-02-18,Alta,Alta,-0.12,0.50,3
2025-02-19,Alta,Alta,-0.09,0.31,4
2025-02-20,Baixa,Alta,-0.06,-0.65,0
2025-02-21,Baixa,Baixa,-0.09,-0.99,0
2025-02-24,Baixa,Baixa,-0.12,-0.79,0
2025-02-25,Baixa,Baixa,-0.22,-0.30,0
2025-02-26,Baixa,Baixa,-0.28,0.09,1
2025-02-27,Baixa,Baixa,-0.28,0.08,2
2025-02-28,Alta,Alta,-0.22,0.79,3
2025-03-03,Baixa,Baixa,-0.18,-0.60,0
2025-03-04,Baixa,Baixa,-0.22,-0.63,0
2025-03-05,Baixa,Baixa,-0.19,-0.13,0
2025-03-06,Baixa,Baixa,-0.19,-0.37,0
2025-03-07,Baixa,Baixa,-0.25,0.01,1
2025-03-10,Baixa,Baixa,-0.37,-0.74,0
2025-03-11,Baixa,Baixa,-0.46,-0.31,0
2025-03-12,Baixa,Baixa,-0.62,-0.30,0
2025-03-13,Baixa,Baixa,-0.77,-0.76,0
2025-03-14,Alta,Baixa,-0.84,0.98,1
2025-03-17,Alta,Baixa,-0.77,0.38,2
2025-03-18,Alta,Baixa,-0.68,0.60,3
2025-03-19,Alta,Baixa,-0.59,0.59,4
2025-03-20,Alta,Baixa,-0.53,0.29,5
2025-03-21,Alta,Baixa,-0.53,0.55,6
2025-03-24,Alta,Baixa,-0.50,0.70,7
2025-03-25,Alta,Baixa,-0.41,0.12,8
2025-03-26,Alta,Baixa,-0.34,-0.38,0
2025-03-27,Baixa,Baixa,-0.34,-0.03,0
2025-03-28,Baixa,Baixa,-0.44,-0.76,0
2025-03-31,Baixa,Baixa,-0.57,0.89,1
2025-04-01,Baixa,Baixa,-0.78,-0.12,0
2025-04-02,Alta,Baixa,-0.94,1.00,1
2025-04-03,Baixa,Baixa,-1.23,-0.99,0
2025-04-04,Baixa,Baixa,-1.48,-0.21,0
2025-04-07,Baixa,Baixa,-1.77,0.39,1
2025-04-08,Baixa,Baixa,-2.06,-0.60,0
2025-04-09,Alta,Baixa,-2.25,0.75,1
2025-04-10,Baixa,Baixa,-2.29,-0.53,0
2025-04-11,Baixa,Baixa,-2.30,0.44,1
2025-04-14,Alta,Baixa,-2.28,0.02,2
2025-04-15,Alta,Baixa,-2.16,0.40,3
2025-04-16,Alta,Baixa,-2.21,-0.15,0
2025-04-17,Alta,Baixa,-2.18,0.16,1
2025-04-21,Baixa,Baixa,-2.19,-0.41,0
2025-04-22,Alta,Baixa,-2.17,0.73,1
2025-04-23,Alta,Baixa,-2.15,-0.24,0
2025-04-24,Alta,Baixa,-2.06,0.94,1
2025-04-25,Alta,Baixa,-1.97,0.17,2
2025-04-28,Alta,Baixa,-1.77,0.16,3
2025-04-29,Alta,Baixa,-1.68,0.39,4
2025-04-30,Alta,Baixa,-1.65,0.53,5
2025-05-01,Alta,Baixa,-1.66,0.49,6
2025-05-02,Alta,Alta,-1.56,0.89,7
2025-05-05,Alta,Alta,-1.43,0.38,8
2025-05-06,Alta,Alta,-1.30,-0.16,0
2025-05-07,Alta,Alta,-1.13,-0.28,0
2025-05-08,Alta,Alta,-0.93,0.48,1
2025-05-09,Alta,Alta,-0.86,-0.43,0
2025-05-12,Alta,Alta,-0.80,0.09,1
2025-05-13,Alta,Alta,-0.62,0.56,2
2025-05-14,Alta,Alta,-0.42,0.60,3
2025-05-15,Alta,Alta,-0.21,0.44,4
2025-05-16,Alta,Alta,0.07,0.09,5
2025-05-19,Alta,Alta,0.24,0.75,6
2025-05-20,Baixa,Alta,0.45,-0.58,0
2025-05-21,Baixa,Alta,0.52,-0.95,0
2025-05-22,Baixa,Alta,0.56,0.43,1
2025-05-23,Baixa,Alta,0.59,0.78,2
2025-05-27,Alta,Alta,0.63,0.44,3
2025-05-28,Baixa,Alta,0.52,-0.89,0
2025-05-29,Alta,Alta,0.49,0.18,1
2025-05-30,Alta,Alta,0.42,0.23,2
2025-06-02,Alta,Alta,0.31,0.48,3
2025-06-03,Alta,Alta,0.28,0.86,4
2025-06-04,Baixa,Alta,0.21,-0.61,0
2025-06-05,Baixa,Alta,0.14,-0.41,0
2025-06-06,Alta,Alta,0.14,0.74,1
2025-06-09,Alta,Alta,0.17,0.12,2
2025-06-10,Alta,Alta,0.24,0.82,3
2025-06-11,Alta,Alta,0.31,-0.78,0
2025-06-12,Baixa,Alta,0.41,0.73,1
2025-06-13,Baixa,Alta,0.38,-0.56,0
2025-06-16,Baixa,Alta,0.55,-0.03,0
2025-06-17,Baixa,Alta,0.76,-0.18,0
2025-06-18,Alta,Alta,1.03,0.74,1
2025-06-20,Alta,Alta,1.30,0.29,2
2025-06-23,Alta,Alta,1.58,0.84,3
2025-06-24,Alta,Alta,1.71,-0.21,0
2025-06-25,Alta,Alta,1.77,0.28,1
2025-06-26,Alta,Alta,1.84,1.00,2
2025-06-27,Alta,Alta,1.83,-0.30,0
2025-06-30,Alta,Alta,1.96,-0.30,0
2025-07-01,Alta,Alta,2.02,0.95,1
2025-07-02,Alta,Alta,2.11,0.79,2
2025-07-03,Alta,Alta,2.17,0.51,3
2025-07-07,Alta,Alta,2.20,-0.32,0
2025-07-08,Alta,Alta,2.15,-0.16,0
2025-07-09,Alta,Alta,2.11,-0.55,0
2025-07-10,Alta,Alta,1.97,0.60,1
2025-07-11,Baixa,Alta,1.86,-0.09,0
2025-07-14,Alta,Alta,1.82,0.83,1
2025-07-15,Baixa,Alta,1.75,-0.95,0
2025-07-16,Baixa,Alta,1.62,-0.24,0
2025-07-17,Alta,Alta,1.55,0.90,1
2025-07-18,Alta,Alta,1.54,0.08,2
2025-07-21,Alta,Alta,1.47,-0.28,0
2025-07-22,Alta,Alta,1.47,0.20,1
2025-07-23,Alta,Alta,1.53,0.03,2
2025-07-24,Alta,Alta,1.46,-0.61,0
2025-07-25,Alta,Alta,1.30,0.18,1
2025-07-28,Baixa,Alta,1.17,-0.66,0
2025-07-29,Baixa,Alta,1.04,-0.83,0
2025-07-30,Baixa,Alta,0.88,-0.51,0
2025-07-31,Baixa,Alta,0.78,-0.81,0
2025-08-01,Baixa,Alta,0.69,-0.44,0
2025-08-04,Baixa,Alta,0.72,0.69,1
2025-08-05,Baixa,Alta,0.72,-0.06,0
2025-08-06,Baixa,Alta,0.71,-0.74,0
2025-08-07,Baixa,Baixa,0.71,-0.94,0
2025-08-08,Alta,Alta,0.74,0.32,1
2025-08-11,Alta,Alta,0.71,-0.36,0
2025-08-12,Alta,Alta,0.74,1.00,1
2025-08-13,Alta,Alta,0.80,-0.04,0
2025-08-14,Alta,Alta,0.86,0.96,1
2025-08-15,Alta,Alta,0.92,-0.97,0
2025-08-18,Alta,Alta,0.98,0.72,1
2025-08-19,Alta,Alta,0.92,0.06,2
2025-08-20,Alta,Alta,0.89,0.13,3
2025-08-21,Baixa,Alta,0.82,0.09,4
2025-08-22,Alta,Alta,0.88,0.94,5
2025-08-25,Alta,Alta,0.91,-0.29,0
2025-08-26,Alta,Alta,1.09,0.85,1
2025-08-27,Alta,Alta,1.21,0.83,2
2025-08-28,Alta,Alta,1.39,-0.70,0
2025-08-29,Alta,Alta,1.45,0.10,1
2025-09-02,Baixa,Alta,1.45,0.35,2
2025-09-03,Baixa,Alta,1.38,-0.02,0
2025-09-04,Alta,Alta,1.29,0.91,1
2025-09-05,Baixa,Alta,1.19,-0.73,0
2025-09-08,Baixa,Alta,1.04,-0.08,0
2025-09-09,Baixa,Alta,0.95,-0.06,0
2025-09-10,Baixa,Alta,0.86,-0.06,0
2025-09-11,Alta,Alta,0.77,0.97,1
2025-09-12,Alta,Alta,0.68,0.11,2
2025-09-15,Alta,Alta,0.56,-0.60,0
2025-09-16,Baixa,Alta,0.50,-0.46,0
2025-09-17,Alta,Alta,0.44,0.46,1
2025-09-18,Alta,Alta,0.44,0.83,2
2025-09-19,Alta,Alta,0.44,-0.54,0
2025-09-22,Alta,Alta,0.50,-0.09,0
2025-09-23,Alta,Alta,0.50,-0.14,0
2025-09-24,Baixa,Alta,0.56,-0.29,0
2025-09-25,Baixa,Alta,0.56,0.47,1
2025-09-26,Alta,Alta,0.55,0.20,2
2025-09-29,Baixa,Alta,0.55,-0.59,0
2025-09-30,Baixa,Alta,0.52,-0.30,0
2025-10-01,Baixa,Alta,0.41,-0.82,0
2025-10-02,Baixa,Alta,0.32,-0.26,0
2025-10-03,Baixa,Alta,0.23,-0.12,0
2025-10-06,Baixa,Alta,0.20,-0.43,0
2025-10-07,Baixa,Alta,0.17,-0.53,0
2025-10-08,Baixa,Baixa,0.17,-0.96,0
2025-10-09,Baixa,Baixa,0.20,-0.38,0
2025-10-10,Baixa,Baixa,0.17,-0.87,0
2025-10-13,Baixa,Baixa,0.17,0.46,1
2025-10-14,Alta,Alta,0.26,0.82,2
2025-10-15,Alta,Baixa,0.35,-0.77,0
2025-10-16,Baixa,Baixa,0.29,-0.90,0
2025-10-17,Baixa,Baixa,0.35,0.34,1
2025-10-20,Alta,Baixa,0.38,0.96,2
2025-10-21,Alta,Baixa,0.32,-0.22,0
2025-10-22,Baixa,Baixa,0.20,-0.63,0
2025-10-23,Alta,Baixa,0.20,0.25,1
2025-10-24,Alta,Baixa,0.17,0.62,2
2025-10-27,Alta,Baixa,0.14,-0.21,0
2025-10-28,Alta,Baixa,0.12,-0.54,0
2025-10-29,Baixa,Baixa,0.14,-0.50,0
2025-10-30,Alta,Baixa,0.17,-0.61,0
2025-10-31,Alta,Baixa,0.17,0.58,1
2025-11-03,Alta,Baixa,0.09,0.22,2
2025-11-04,Baixa,Baixa,0.03,0.31,3
2025-11-05,Alta,Baixa,-0.06,0.21,4
2025-11-06,Alta,Baixa,-0.14,-0.08,0
2025-11-07,Alta,Baixa,-0.20,0.64,1
2025-11-10,Alta,Alta,-0.23,0.17,2
2025-11-11,Alta,Alta,-0.20,0.13,3
2025-11-12,Alta,Alta,-0.14,-0.10,0
2025-11-13,Baixa,Baixa,-0.17,-0.75,0
2025-11-14,Baixa,Baixa,-0.17,0.04,1
2025-11-17,Baixa,Baixa,-0.20,-0.85,0
2025-11-18,Baixa,Baixa,-0.29,0.60,1
2025-11-19,Baixa,Baixa,-0.37,0.82,2
2025-11-20,Baixa,Baixa,-0.37,-0.66,0
2025-11-21,Alta,Baixa,-0.40,0.70,1
2025-11-24,Alta,Alta,-0.37,0.31,2
2025-11-25,Alta,Alta,-0.26,0.81,3
2025-11-26,Alta,Alta,-0.20,0.47,4
2025-11-28,Alta,Alta,-0.14,0.41,5
2025-12-01,Alta,Alta,-0.12,0.67,6
2025-12-02,Alta,Alta,-0.06,-0.38,0
2025-12-03,Alta,Alta,-0.06,0.99,1
2025-12-04,Alta,Alta,0.03,0.66,2
2025-12-05,Alta,Alta,0.12,0.31,3
2025-12-08,Alta,Alta,0.20,-0.09,0
2025-12-09,Alta,Alta,0.26,-0.15,0
2025-12-10,Alta,Alta,0.35,0.91,1
2025-12-11,Alta,Alta,0.46,0.83,2
2025-12-12,Alta,Alta,0.58,-0.60,0
2025-12-15,Alta,Alta,0.69,-0.24,0
2025-12-16,Alta,Alta,0.78,-0.44,0
2025-12-17,Alta,Alta,0.84,0.03,1
2025-12-18,Baixa,Alta,0.86,-0.36,0
2025-12-19,Alta,Alta,0.89,0.59,1
2025-12-22,Alta,Alta,1.03,0.92,2
2025-12-23,Alta,Alta,1.15,-0.13,0
2025-12-24,Alta,Alta,1.20,0.37,1
2025-12-26,Alta,Alta,1.26,-0.31,0
2025-12-29,Baixa,Alta,1.34,-0.98,0
2025-12-30,Baixa,Alta,1.31,-0.76,0
2025-12-31,Baixa,Alta,1.25,-0.72,0
2026-01-02,Baixa,Alta,1.27,0.63,1
2026-01-05,Alta,Alta,1.33,0.69,2
2026-01-06,Alta,Alta,1.35,0.76,3
2026-01-07,Alta,Alta,1.32,-0.72,0
2026-01-08,Alta,Alta,1.37,0.65,1
2026-01-09,Alta,Alta,1.40,-0.79,0
2026-01-12,Baixa,Alta,1.34,-0.24,0
2026-01-13,Baixa,Alta,1.25,-0.72,0
2026-01-14,Baixa,Alta,1.19,-0.34,0
2026-01-15,Baixa,Alta,1.16,0.76,1
2026-01-16,Baixa,Alta,1.10,0.24,2
2026-01-20,Baixa,Alta,1.04,0.01,3
2026-01-21,Alta,Alta,1.04,0.81,4
2026-01-22,Alta,Alta,1.07,-0.11,0
2026-01-23,Baixa,Alta,1.01,-0.90,0
2026-01-26,Baixa,Alta,0.95,0.53,1
2026-01-27,Alta,Alta,0.92,0.75,2
2026-01-28,Baixa,Alta,0.90,-0.47,0
2026-01-29,Alta,Alta,0.89,0.94,1
2026-01-30,Alta,Alta,1.03,0.36,2
2026-02-02,Alta,Alta,1.16,0.90,3
2026-02-03,Alta,Alta,1.29,0.88,4
2026-02-04,Alta,Alta,1.48,0.48,5
2026-02-05,Alta,Alta,1.58,0.12,6
2026-02-06,Alta,Alta,1.63,0.85,7
2026-02-09,Alta,Alta,1.65,0.04,8
2026-02-10,Alta,Alta,1.65,-0.21,0
2026-02-11,Baixa,Alta,1.51,-0.71,0
2026-02-12,Baixa,Alta,1.37,-0.77,0
2026-02-13,Baixa,Alta,1.21,0.26,1
2026-02-17,Baixa,Alta,1.05,-0.03,0
2026-02-18,Baixa,Alta,0.92,0.62,1
2026-02-19,Baixa,Alta,0.84,-0.07,0
2026-02-20,Alta,Alta,0.81,0.68,1
2026-02-23,Baixa,Baixa,0.70,-0.81,0
2026-02-24,Baixa,Baixa,0.57,-0.09,0
2026-02-25,Baixa,Baixa,0.44,0.85,1
2026-02-26,Alta,Alta,0.34,0.33,2
2026-02-27,Baixa,Baixa,0.16,-0.67,0
2026-03-02,Baixa,Baixa,0.05,0.73,1
2026-03-03,Baixa,Baixa,0.00,0.48,2
2026-03-04,Baixa,Baixa,-0.05,-0.18,0
2026-03-05,Baixa,Baixa,-0.15,-0.24,0
2026-03-06,Baixa,Baixa,-0.26,0.08,1
2026-03-09,Baixa,Baixa,-0.39,0.30,2
2026-03-10,Baixa,Baixa,-0.52,0.03,3
2026-03-11,Baixa,Baixa,-0.65,-0.40,0
2026-03-12,Baixa,Baixa,-0.77,0.04,1
2026-03-13,Baixa,Baixa,-0.83,-0.86,0
2026-03-16,Baixa,Baixa,-0.83,-0.17,0
2026-03-17,Baixa,Baixa,-0.86,-0.34,0
2026-03-18,Baixa,Baixa,-0.91,-0.17,0
2026-03-19,Baixa,Baixa,-0.96,0.48,1
2026-03-20,Alta,Baixa,-0.99,0.37,2
2026-03-23,Alta,Baixa,-1.04,-0.69,0
2026-03-24,Alta,Baixa,-1.02,0.65,1
2026-03-25,Alta,Baixa,-0.94,-0.03,0
2026-03-26,Alta,Baixa,-0.84,0.20,1
2026-03-27,Baixa,Baixa,-0.79,-0.88,0
2026-03-30,Baixa,Baixa,-0.74,-0.50,0
2026-03-31,Alta,Baixa,-0.69,0.76,1
2026-04-01,Alta,Baixa,-0.64,0.16,2
2026-04-02,Alta,Baixa,-0.61,0.74,3
2026-04-06,Alta,Baixa,-0.53,0.92,4
2026-04-07,Alta,Baixa,-0.43,0.38,5
2026-04-08,Alta,Alta,-0.29,0.08,6
2026-04-09,Alta,Alta,-0.16,0.84,7
2026-04-10,Alta,Alta,-0.03,-0.92,0
2026-04-13,Alta,Alta,0.08,0.80,1
2026-04-14,Alta,Alta,0.13,-0.02,0
2026-04-15,Alta,Alta,0.08,-0.44,0
2026-04-16,Baixa,Alta,-0.03,-0.27,0
2026-04-17,Alta,Alta,-0.13,0.31,1
2026-04-20,Alta,Alta,-0.21,0.88,2
2026-04-21,Alta,Alta,-0.32,-0.44,0
2026-04-22,Baixa,Alta,-0.40,-0.73,0
2026-04-23,Alta,Alta,-0.45,0.05,1
2026-04-24,Baixa,Alta,-0.45,-0.88,0
2026-04-27,Baixa,Alta,-0.40,0.81,1
2026-04-28,Baixa,Alta,-0.29,-0.41,0
2026-04-29,Baixa,Alta,-0.21,-0.48,0
2026-04-30,Alta,Alta,-0.13,0.88,1
2026-05-01,Alta,Alta,-0.08,-0.25,0
2026-05-04,Baixa,Alta,-0.16,-0.79,0
2026-05-05,Baixa,Alta,-0.11,0.63,1
2026-05-06,Alta,Alta,0.00,0.16,2
2026-05-07,Baixa,Alta,0.03,-0.93,0
2026-05-08,Baixa,Alta,0.03,-0.90,0
2026-05-11,Baixa,Alta,0.13,-0.81,0
2026-05-12,Baixa,Alta,0.11,0.02,1
2026-05-13,Baixa,Baixa,0.00,-0.73,0
2026-05-14,Baixa,Alta,0.00,0.08,1
2026-05-15,Baixa,Baixa,0.03,-0.07,0
2026-05-18,Baixa,Alta,0.08,0.68,1
2026-05-19,Baixa,Baixa,0.11,-0.16,0
2026-05-20,Alta,Alta,0.24,0.70,1
2026-05-21,Alta,Alta,0.40,0.65,2
2026-05-22,Alta,Alta,0.56,0.14,3
2026-05-26,Alta,Alta,0.72,0.57,4
2026-05-27,Alta,Alta,0.83,-0.61,0
2026-05-28,Alta,Alta,0.91,0.00,0
2026-05-29,Alta,Alta,0.94,0.85,1
2026-06-01,Baixa,Baixa,0.91,0.12,2
2026-06-02,Alta,Alta,0.88,0.96,3
2026-06-03,Baixa,Alta,0.85,-0.38,0
2026-06-04,Alta,Alta,0.85,0.96,1
2026-06-05,Alta,Alta,0.85,-0.22,0
2026-06-08,Alta,Alta,0.90,-0.24,0
2026-06-09,Alta,Alta,0.95,0.42,1
2026-06-10,Alta,Alta,1.08,0.09,2
2026-06-11,Alta,Alta,1.11,0.63,3
2026-06-12,Alta,Alta,1.16,0.78,4
2026-06-15,Alta,Alta,1.15,-0.83,0
2026-06-16,Alta,Alta,1.10,0.63,1
2026-06-17,Alta,Alta,1.02,-0.34,0
2026-06-18,Baixa,Alta,0.91,-0.90,0
2026-06-22,Alta,Alta,0.78,0.70,1
2026-06-23,Alta,Alta,0.75,1.00,2
