Date,Close,Shares_Outstanding,Market_Cap,Market_Cap_B,Market_Cap_Change_Pct,Volume_Dollar
2000-01-03,31.88,87055016,2775313910.08,2.78,,6854200.00
2000-01-04,30.27,87055016,2635155334.32,2.64,-5.05,7237557.00
2000-01-05,30.17,87055016,2626449832.72,2.63,-0.33,10858183.00
2000-01-06,30.63,87055016,2666495140.08,2.67,1.52,8401809.00
2000-01-07,31.35,87055016,2729174751.60,2.73,2.35,9868980.00
2000-01-10,32.60,87055016,2837993521.60,2.84,3.99,7377380.00
2000-01-11,31.75,87055016,2763996758.00,2.76,-2.61,3749675.00
2000-01-12,30.93,87055016,2692611644.88,2.69,-2.58,5211705.00
2000-01-13,32.01,87055016,2786631062.16,2.79,3.49,9180468.00
2000-01-14,32.57,87055016,2835381871.12,2.84,1.75,7380362.00
2000-01-18,31.49,87055016,2741362453.84,2.74,-3.32,10671961.00
2000-01-19,32.60,87055016,2837993521.60,2.84,3.52,18663500.00
2000-01-20,32.54,87055016,2832770220.64,2.83,-0.18,10936694.00
2000-01-21,33.52,87055016,2918084136.32,2.92,3.01,11638144.00
2000-01-24,33.85,87055016,2946812291.60,2.95,0.98,15306970.00
2000-01-25,34.61,87055016,3012974103.76,3.01,2.25,5966764.00
2000-01-26,34.77,87055016,3026902906.32,3.03,0.46,11192463.00
2000-01-27,33.19,87055016,2889355981.04,2.89,-4.54,9186992.00
2000-01-28,31.81,87055016,2769220058.96,2.77,-4.16,7488074.00
2000-01-31,30.83,87055016,2683906143.28,2.68,-3.08,2423238.00
2000-02-01,31.49,87055016,2741362453.84,2.74,2.14,5400535.00
2000-02-02,33.00,87055016,2872815528.00,2.87,4.80,5458200.00
2000-02-03,34.80,87055016,3029514556.80,3.03,5.45,7843920.00
2000-02-04,35.41,87055016,3082618116.56,3.08,1.75,13512456.00
2000-02-07,35.22,87055016,3066077663.52,3.07,-0.54,5356962.00
2000-02-08,35.20,87055016,3064336563.20,3.06,-0.06,11404800.00
2000-02-09,33.98,87055016,2958129443.68,2.96,-3.47,7132402.00
2000-02-10,33.72,87055016,2935495139.52,2.94,-0.77,23715276.00
2000-02-11,33.36,87055016,2904155333.76,2.90,-1.07,10875360.00
2000-02-14,33.82,87055016,2944200641.12,2.94,1.38,8252080.00
2000-02-15,32.73,87055016,2849310673.68,2.85,-3.22,12790884.00
2000-02-16,31.55,87055016,2746585754.80,2.75,-3.61,9323025.00
2000-02-17,28.72,87055016,2500220059.52,2.50,-8.97,16060224.00
2000-02-18,27.25,87055016,2372249186.00,2.37,-5.12,14050100.00
2000-02-22,26.10,87055016,2272135917.60,2.27,-4.22,8156250.00
2000-02-23,26.33,87055016,2292158571.28,2.29,0.88,25813932.00
2000-02-24,24.72,87055016,2151999995.52,2.15,-6.11,9111792.00
2000-02-25,23.01,87055016,2003135918.16,2.00,-6.92,15943629.00
2000-02-28,21.15,87055016,1841213588.40,1.84,-8.08,25170615.00
2000-02-29,22.91,87055016,1994430416.56,1.99,8.32,32557401.00
2000-03-01,24.35,87055016,2119789639.60,2.12,6.29,43630330.00
2000-03-02,23.86,87055016,2077132681.76,2.08,-2.01,24058038.00
2000-03-03,26.75,87055016,2328721678.00,2.33,12.11,28566325.00
2000-03-06,24.95,87055016,2172022649.20,2.17,-6.73,11220015.00
2000-03-07,24.55,87055016,2137200642.80,2.14,-1.60,16438680.00
2000-03-08,25.96,87055016,2259948215.36,2.26,5.74,20983468.00
2000-03-09,28.76,87055016,2503702260.16,2.50,10.79,23551564.00
2000-03-10,28.46,87055016,2477585755.36,2.48,-1.04,12078424.00
2000-03-13,27.28,87055016,2374860836.48,2.37,-4.15,14502048.00
2000-03-14,27.08,87055016,2357449833.28,2.36,-0.73,11235492.00
2000-03-15,26.42,87055016,2299993522.72,2.30,-2.44,8795218.00
2000-03-16,28.40,87055016,2472362454.40,2.47,7.49,8769920.00
2000-03-17,28.89,87055016,2515019412.24,2.52,1.73,17579565.00
2000-03-20,26.82,87055016,2334815529.12,2.33,-7.17,6546762.00
2000-03-21,27.80,87055016,2420129444.80,2.42,3.65,24972740.00
2000-03-22,26.52,87055016,2308699024.32,2.31,-4.60,9382776.00
2000-03-23,26.23,87055016,2283453069.68,2.28,-1.09,17272455.00
2000-03-24,25.96,87055016,2259948215.36,2.26,-1.03,5695624.00
2000-03-27,25.90,87055016,2254724914.40,2.25,-0.23,16208220.00
2000-03-28,25.67,87055016,2234702260.72,2.23,-0.89,2851937.00
2000-03-29,24.52,87055016,2134588992.32,2.13,-4.48,4077676.00
2000-03-30,23.53,87055016,2048404526.48,2.05,-4.04,9510826.00
2000-03-31,23.93,87055016,2083226532.88,2.08,1.70,40365124.00
2000-04-03,22.38,87055016,1948291258.08,1.95,-6.48,10984104.00
2000-04-04,22.87,87055016,1990948215.92,1.99,2.19,11997602.00
2000-04-05,23.73,87055016,2065815529.68,2.07,3.76,16352343.00
2000-04-06,25.24,87055016,2197268603.84,2.20,6.36,10012708.00
2000-04-07,26.29,87055016,2288676370.64,2.29,4.16,5954685.00
2000-04-10,24.29,87055016,2114566338.64,2.11,-7.61,5292791.00
2000-04-11,23.89,87055016,2079744332.24,2.08,-1.65,3956184.00
2000-04-12,23.63,87055016,2057110028.08,2.06,-1.09,9596143.00
2000-04-13,23.73,87055016,2065815529.68,2.07,0.42,6219633.00
2000-04-14,22.25,87055016,1936974106.00,1.94,-6.24,11977175.00
2000-04-17,20.97,87055016,1825543685.52,1.83,-5.75,21511026.00
2000-04-18,21.69,87055016,1888223297.04,1.89,3.43,19868040.00
2000-04-19,21.89,87055016,1905634300.24,1.91,0.92,12418197.00
2000-04-20,21.95,87055016,1910857601.20,1.91,0.27,9276070.00
2000-04-24,20.05,87055016,1745453070.80,1.75,-8.66,10371865.00
2000-04-25,22.15,87055016,1928268604.40,1.93,10.47,15411970.00
2000-04-26,21.95,87055016,1910857601.20,1.91,-0.90,11769590.00
2000-04-27,21.86,87055016,1903022649.76,1.90,-0.41,5390676.00
2000-04-28,23.17,87055016,2017064720.72,2.02,5.99,8422295.00
2000-05-01,21.89,87055016,1905634300.24,1.91,-5.52,5376184.00
2000-05-02,23.10,87055016,2010970869.60,2.01,5.53,9561090.00
2000-05-03,23.14,87055016,2014453070.24,2.01,0.17,8767746.00
2000-05-04,23.93,87055016,2083226532.88,2.08,3.41,7930402.00
2000-05-05,24.06,87055016,2094543684.96,2.09,0.54,2961786.00
2000-05-08,23.66,87055016,2059721678.56,2.06,-1.66,5836922.00
2000-05-09,23.14,87055016,2014453070.24,2.01,-2.20,6303336.00
2000-05-10,22.25,87055016,1936974106.00,1.94,-3.85,6770675.00
2000-05-11,22.91,87055016,1994430416.56,1.99,2.97,8760784.00
2000-05-12,22.55,87055016,1963090610.80,1.96,-1.57,3364460.00
2000-05-15,23.01,87055016,2003135918.16,2.00,2.04,2284893.00
2000-05-16,23.66,87055016,2059721678.56,2.06,2.82,2926742.00
2000-05-17,23.66,87055016,2059721678.56,2.06,0.00,5120024.00
2000-05-18,23.20,87055016,2019676371.20,2.02,-1.94,2679600.00
2000-05-19,22.48,87055016,1956996759.68,1.96,-3.10,1818632.00
2000-05-22,21.56,87055016,1876906144.96,1.88,-4.09,4100712.00
2000-05-23,21.23,87055016,1848177989.68,1.85,-1.53,4891392.00
2000-05-24,21.10,87055016,1836860837.60,1.84,-0.61,6285690.00
2000-05-25,21.43,87055016,1865588992.88,1.87,1.56,6525435.00
2000-05-26,20.77,87055016,1808132682.32,1.81,-3.08,1360435.00
2000-05-30,21.63,87055016,1882999996.08,1.88,4.14,10109862.00
2000-05-31,21.10,87055016,1836860837.60,1.84,-2.45,10779990.00
2000-06-01,21.68,87055016,1887352746.88,1.89,2.75,8654656.00
2000-06-02,22.68,87055016,1974407762.88,1.97,4.61,9806832.00
2000-06-05,23.33,87055016,2030993523.28,2.03,2.87,9737942.00
2000-06-06,22.87,87055016,1990948215.92,1.99,-1.97,8919300.00
2000-06-07,22.55,87055016,1963090610.80,1.96,-1.40,13313520.00
2000-06-08,22.51,87055016,1959608410.16,1.96,-0.18,18944416.00
2000-06-09,23.17,87055016,2017064720.72,2.02,2.93,7196602.00
2000-06-12,22.48,87055016,1956996759.68,1.96,-2.98,5489616.00
2000-06-13,22.74,87055016,1979631063.84,1.98,1.16,3374616.00
2000-06-14,22.25,87055016,1936974106.00,1.94,-2.15,10559850.00
2000-06-15,22.15,87055016,1928268604.40,1.93,-0.45,7309500.00
2000-06-16,22.02,87055016,1916951452.32,1.92,-0.59,3617886.00
2000-06-19,21.86,87055016,1903022649.76,1.90,-0.73,8947298.00
2000-06-20,22.15,87055016,1928268604.40,1.93,1.33,6492165.00
2000-06-21,23.10,87055016,2010970869.60,2.01,4.29,8165850.00
2000-06-22,22.61,87055016,1968313911.76,1.97,-2.12,6400891.00
2000-06-23,23.03,87055016,2004877018.48,2.00,1.86,9946657.00
2000-06-26,22.05,87055016,1919563102.80,1.92,-4.26,8934660.00
2000-06-27,21.56,87055016,1876906144.96,1.88,-2.22,5489176.00
2000-06-28,21.63,87055016,1882999996.08,1.88,0.32,25069170.00
2000-06-29,22.22,87055016,1934362455.52,1.93,2.73,4630648.00
2000-06-30,22.78,87055016,1983113264.48,1.98,2.52,6957012.00
2000-07-03,22.84,87055016,1988336565.44,1.99,0.26,5817348.00
2000-07-05,23.14,87055016,2014453070.24,2.01,1.31,24167416.00
2000-07-06,23.33,87055016,2030993523.28,2.03,0.82,17434509.00
2000-07-07,22.81,87055016,1985724914.96,1.99,-2.23,5127688.00
2000-07-10,22.71,87055016,1977019413.36,1.98,-0.44,4539729.00
2000-07-11,22.46,87055016,1955255659.36,1.96,-1.10,2621082.00
2000-07-12,22.84,87055016,1988336565.44,1.99,1.69,12139460.00
2000-07-13,23.47,87055016,2043181225.52,2.04,2.76,31581232.00
2000-07-14,24.58,87055016,2139812293.28,2.14,4.73,25464880.00
2000-07-17,24.51,87055016,2133718442.16,2.13,-0.28,6583386.00
2000-07-18,24.39,87055016,2123271840.24,2.12,-0.49,12787677.00
2000-07-19,24.49,87055016,2131977341.84,2.13,0.41,8620480.00
2000-07-20,25.01,87055016,2177245950.16,2.18,2.12,10806821.00
2000-07-21,24.91,87055016,2168540448.56,2.17,-0.40,11934381.00
2000-07-24,25.21,87055016,2194656953.36,2.19,1.20,15277260.00
2000-07-25,24.12,87055016,2099766985.92,2.10,-4.32,12945204.00
2000-07-26,23.83,87055016,2074521031.28,2.07,-1.20,17522199.00
2000-07-27,24.19,87055016,2105860837.04,2.11,1.51,2888286.00
2000-07-28,23.60,87055016,2054498377.60,2.05,-2.44,4800240.00
2000-07-31,23.99,87055016,2088449833.84,2.09,1.65,2367813.00
2000-08-01,24.98,87055016,2174634299.68,2.17,4.13,10211824.00
2000-08-02,25.32,87055016,2204233005.12,2.20,1.36,8755656.00
2000-08-03,25.31,87055016,2203362454.96,2.20,-0.04,19425425.00
2000-08-04,26.23,87055016,2283453069.68,2.28,3.63,12535317.00
2000-08-07,26.56,87055016,2312181224.96,2.31,1.26,6230976.00
2000-08-08,26.42,87055016,2299993522.72,2.30,-0.53,4966960.00
2000-08-09,26.26,87055016,2286064720.16,2.29,-0.61,2996266.00
2000-08-10,26.06,87055016,2268653716.96,2.27,-0.76,2749330.00
2000-08-11,26.26,87055016,2286064720.16,2.29,0.77,2783560.00
2000-08-14,26.00,87055016,2263430416.00,2.26,-0.99,20384000.00
2000-08-15,26.03,87055016,2266042066.48,2.27,0.12,3251147.00
2000-08-16,26.10,87055016,2272135917.60,2.27,0.27,4585770.00
2000-08-17,26.16,87055016,2277359218.56,2.28,0.23,1030704.00
2000-08-18,25.65,87055016,2232961160.40,2.23,-1.95,3157515.00
2000-08-21,25.83,87055016,2248631063.28,2.25,0.70,3623949.00
2000-08-22,25.47,87055016,2217291257.52,2.22,-1.39,3173562.00
2000-08-23,25.47,87055016,2217291257.52,2.22,0.00,7225839.00
2000-08-24,25.30,87055016,2202491904.80,2.20,-0.67,3498990.00
2000-08-25,25.37,87055016,2208585755.92,2.21,0.28,1654124.00
2000-08-28,24.81,87055016,2159834946.96,2.16,-2.21,3056592.00
2000-08-29,24.85,87055016,2163317147.60,2.16,0.16,10412150.00
2000-08-30,24.39,87055016,2123271840.24,2.12,-1.85,3626793.00
2000-08-31,24.42,87055016,2125883490.72,2.13,0.12,4190472.00
2000-09-01,24.19,87055016,2105860837.04,2.11,-0.94,2068245.00
2000-09-05,23.17,87055016,2017064720.72,2.02,-4.22,4318888.00
2000-09-06,22.35,87055016,1945679607.60,1.95,-3.54,13349655.00
2000-09-07,22.09,87055016,1923045303.44,1.92,-1.16,15752379.00
2000-09-08,22.09,87055016,1923045303.44,1.92,0.00,17548296.00
2000-09-11,22.09,87055016,1923045303.44,1.92,0.00,5856059.00
2000-09-12,22.48,87055016,1956996759.68,1.96,1.77,8072568.00
2000-09-13,22.87,87055016,1990948215.92,1.99,1.73,7311539.00
2000-09-14,23.60,87055016,2054498377.60,2.05,3.19,4939480.00
2000-09-15,22.35,87055016,1945679607.60,1.95,-5.30,8050470.00
2000-09-18,21.33,87055016,1856883491.28,1.86,-4.56,9963243.00
2000-09-19,21.43,87055016,1865588992.88,1.87,0.47,3480232.00
2000-09-20,20.64,87055016,1796815530.24,1.80,-3.69,6629568.00
2000-09-21,20.51,87055016,1785498378.16,1.79,-0.63,9824290.00
2000-09-22,20.61,87055016,1794203879.76,1.79,0.49,7089840.00
2000-09-25,20.80,87055016,1810744332.80,1.81,0.92,4646720.00
2000-09-26,20.51,87055016,1785498378.16,1.79,-1.39,6848289.00
2000-09-27,20.84,87055016,1814226533.44,1.81,1.61,13210476.00
2000-09-28,21.30,87055016,1854271840.80,1.85,2.21,3480420.00
2000-09-29,19.92,87055016,1734135918.72,1.73,-6.48,3366480.00
2000-10-02,19.56,87055016,1702796112.96,1.70,-1.81,5156016.00
2000-10-03,19.69,87055016,1714113265.04,1.71,0.66,1520068.00
2000-10-04,19.62,87055016,1708019413.92,1.71,-0.36,2687940.00
2000-10-05,20.77,87055016,1808132682.32,1.81,5.86,11504503.00
2000-10-06,19.42,87055016,1690608410.72,1.69,-6.50,4643322.00
2000-10-09,20.54,87055016,1788110028.64,1.79,5.77,3243266.00
2000-10-10,19.86,87055016,1728912617.76,1.73,-3.31,4071300.00
2000-10-11,20.38,87055016,1774181226.08,1.77,2.62,4603842.00
2000-10-12,20.05,87055016,1745453070.80,1.75,-1.62,4052105.00
2000-10-13,20.90,87055016,1819449834.40,1.82,4.24,5431910.00
2000-10-16,19.00,87055016,1654045304.00,1.65,-9.09,7727300.00
2000-10-17,19.46,87055016,1694090611.36,1.69,2.42,3757726.00
2000-10-18,20.71,87055016,1802909381.36,1.80,6.42,8507668.00
2000-10-19,21.10,87055016,1836860837.60,1.84,1.88,6733010.00
2000-10-20,22.35,87055016,1945679607.60,1.95,5.92,8242680.00
2000-10-23,20.64,87055016,1796815530.24,1.80,-7.65,12051696.00
2000-10-24,21.95,87055016,1910857601.20,1.91,6.35,12098840.00
2000-10-25,21.69,87055016,1888223297.04,1.89,-1.18,5643738.00
2000-10-26,21.56,87055016,1876906144.96,1.88,-0.60,11364276.00
2000-10-27,22.84,87055016,1988336565.44,1.99,5.94,6344952.00
2000-10-30,22.81,87055016,1985724914.96,1.99,-0.13,3911915.00
2000-10-31,25.24,87055016,2197268603.84,2.20,10.65,13351960.00
2000-11-01,24.88,87055016,2165928798.08,2.17,-1.43,16900984.00
2000-11-02,25.53,87055016,2222514558.48,2.22,2.61,5958702.00
2000-11-03,25.54,87055016,2223385108.64,2.22,0.04,2441624.00
2000-11-06,24.75,87055016,2154611646.00,2.15,-3.09,3692700.00
2000-11-07,24.88,87055016,2165928798.08,2.17,0.53,3368752.00
2000-11-08,24.88,87055016,2165928798.08,2.17,0.00,5175040.00
2000-11-09,24.42,87055016,2125883490.72,2.13,-1.85,14322330.00
2000-11-10,23.47,87055016,2043181225.52,2.04,-3.89,6074036.00
2000-11-13,23.14,87055016,2014453070.24,2.01,-1.41,4924192.00
2000-11-14,25.01,87055016,2177245950.16,2.18,8.08,14410762.00
2000-11-15,25.14,87055016,2188563102.24,2.19,0.52,7941726.00
2000-11-16,22.45,87055016,1954385109.20,1.95,-10.70,55368435.00
2000-11-17,22.35,87055016,1945679607.60,1.95,-0.45,6003210.00
2000-11-20,20.51,87055016,1785498378.16,1.79,-8.23,12394193.00
2000-11-21,19.98,87055016,1739359219.68,1.74,-2.58,30101868.00
2000-11-22,20.05,87055016,1745453070.80,1.75,0.35,9688160.00
2000-11-24,20.74,87055016,1805521031.84,1.81,3.44,1748382.00
2000-11-27,21.10,87055016,1836860837.60,1.84,1.74,4509070.00
2000-11-28,20.44,87055016,1779404527.04,1.78,-3.13,3996020.00
2000-11-29,20.48,87055016,1782886727.68,1.78,0.20,3371008.00
2000-11-30,20.51,87055016,1785498378.16,1.79,0.15,3242631.00
2000-12-01,21.07,87055016,1834249187.12,1.83,2.73,7117446.00
2000-12-04,20.22,87055016,1760252423.52,1.76,-4.03,6797964.00
2000-12-05,20.71,87055016,1802909381.36,1.80,2.42,5800871.00
2000-12-06,21.46,87055016,1868200643.36,1.87,3.62,7807148.00
2000-12-07,21.17,87055016,1842954688.72,1.84,-1.35,3105639.00
2000-12-08,21.30,87055016,1854271840.80,1.85,0.61,13308240.00
2000-12-11,21.46,87055016,1868200643.36,1.87,0.75,32730792.00
2000-12-12,21.26,87055016,1850789640.16,1.85,-0.93,6945642.00
2000-12-13,21.30,87055016,1854271840.80,1.85,0.19,1054350.00
2000-12-14,21.23,87055016,1848177989.68,1.85,-0.33,4880777.00
2000-12-15,20.80,87055016,1810744332.80,1.81,-2.03,6027840.00
2000-12-18,20.87,87055016,1816838183.92,1.82,0.34,10412043.00
2000-12-19,20.64,87055016,1796815530.24,1.80,-1.10,2596512.00
2000-12-20,19.39,87055016,1687996760.24,1.69,-6.06,6041924.00
2000-12-21,19.59,87055016,1705407763.44,1.71,1.03,4789755.00
2000-12-22,19.98,87055016,1739359219.68,1.74,1.99,7926066.00
2000-12-26,19.85,87055016,1728042067.60,1.73,-0.65,2382000.00
2000-12-27,19.92,87055016,1734135918.72,1.73,0.35,6952080.00
2000-12-28,20.11,87055016,1750676371.76,1.75,0.95,7149105.00
2000-12-29,20.29,87055016,1766346274.64,1.77,0.90,7190776.00
2001-01-02,19.28,87055016,1678420708.48,1.68,-4.98,3237112.00
2001-01-03,21.33,87055016,1856883491.28,1.86,10.63,28296378.00
2001-01-04,22.74,87055016,1979631063.84,1.98,6.61,41336772.00
2001-01-05,22.09,87055016,1923045303.44,1.92,-2.86,16563082.00
2001-01-08,22.68,87055016,1974407762.88,1.97,2.67,9133236.00
2001-01-09,22.38,87055016,1948291258.08,1.95,-1.32,8088132.00
2001-01-10,22.81,87055016,1985724914.96,1.99,1.92,10399079.00
2001-01-11,24.19,87055016,2105860837.04,2.11,6.05,16248423.00
2001-01-12,23.14,87055016,2014453070.24,2.01,-4.34,96820074.00
2001-01-16,23.20,87055016,2019676371.20,2.02,0.26,18492720.00
2001-01-17,22.78,87055016,1983113264.48,1.98,-1.81,11198648.00
2001-01-18,23.66,87055016,2059721678.56,2.06,3.86,13552448.00
2001-01-19,22.75,87055016,1980501614.00,1.98,-3.85,21323575.00
2001-01-22,22.84,87055016,1988336565.44,1.99,0.40,15540336.00
2001-01-23,23.93,87055016,2083226532.88,2.08,4.77,16739035.00
2001-01-24,24.39,87055016,2123271840.24,2.12,1.92,11690127.00
2001-01-25,24.12,87055016,2099766985.92,2.10,-1.11,8007840.00
2001-01-26,23.60,87055016,2054498377.60,2.05,-2.16,10414680.00
2001-01-29,24.29,87055016,2114566338.64,2.11,2.92,8302322.00
2001-01-30,25.11,87055016,2185951451.76,2.19,3.38,20625354.00
2001-01-31,24.88,87055016,2165928798.08,2.17,-0.92,12449952.00
2001-02-01,25.11,87055016,2185951451.76,2.19,0.92,10940427.00
2001-02-02,24.72,87055016,2151999995.52,2.15,-1.55,5757288.00
2001-02-05,25.04,87055016,2179857600.64,2.18,1.29,5659040.00
2001-02-06,25.01,87055016,2177245950.16,2.18,-0.12,31072424.00
2001-02-07,25.37,87055016,2208585755.92,2.21,1.44,15539125.00
2001-02-08,25.64,87055016,2232090610.24,2.23,1.06,29414208.00
2001-02-09,24.98,87055016,2174634299.68,2.17,-2.57,11485804.00
2001-02-12,24.65,87055016,2145906144.40,2.15,-1.32,39718545.00
2001-02-13,24.12,87055016,2099766985.92,2.10,-2.15,7067160.00
2001-02-14,23.73,87055016,2065815529.68,2.07,-1.62,5597907.00
2001-02-15,23.43,87055016,2039699024.88,2.04,-1.26,5979336.00
2001-02-16,23.73,87055016,2065815529.68,2.07,1.28,5341623.00
2001-02-20,23.10,87055016,2010970869.60,2.01,-2.65,2970660.00
2001-02-21,23.17,87055016,2017064720.72,2.02,0.30,3405990.00
2001-02-22,22.64,87055016,1970925562.24,1.97,-2.29,4616296.00
2001-02-23,22.05,87055016,1919563102.80,1.92,-2.61,3986640.00
2001-02-26,22.68,87055016,1974407762.88,1.97,2.86,12809664.00
2001-02-27,22.09,87055016,1923045303.44,1.92,-2.60,5524709.00
2001-02-28,21.69,87055016,1888223297.04,1.89,-1.81,5791230.00
2001-03-01,22.18,87055016,1930880254.88,1.93,2.26,2912234.00
2001-03-02,21.76,87055016,1894317148.16,1.89,-1.89,3992960.00
2001-03-05,22.38,87055016,1948291258.08,1.95,2.85,2383470.00
2001-03-06,22.22,87055016,1934362455.52,1.93,-0.71,10547834.00
2001-03-07,21.99,87055016,1914339801.84,1.91,-1.04,5644833.00
2001-03-08,22.28,87055016,1939585756.48,1.94,1.32,6706280.00
2001-03-09,21.26,87055016,1850789640.16,1.85,-4.58,7130604.00
2001-03-12,19.56,87055016,1702796112.96,1.70,-8.00,13580508.00
2001-03-13,17.85,87055016,1553932035.60,1.55,-8.74,43853880.00
2001-03-14,19.19,87055016,1670585757.04,1.67,7.51,42880055.00
2001-03-15,19.46,87055016,1694090611.36,1.69,1.41,37116058.00
2001-03-16,19.06,87055016,1659268604.96,1.66,-2.06,49447358.00
2001-03-19,19.46,87055016,1694090611.36,1.69,2.10,21133560.00
2001-03-20,19.46,87055016,1694090611.36,1.69,0.00,8373638.00
2001-03-21,18.24,87055016,1587883491.84,1.59,-6.27,9484800.00
2001-03-22,18.80,87055016,1636634300.80,1.64,3.07,16513920.00
2001-03-23,19.19,87055016,1670585757.04,1.67,2.07,5845274.00
2001-03-26,20.08,87055016,1748064721.28,1.75,4.64,11463672.00
2001-03-27,19.72,87055016,1716724915.52,1.72,-1.79,6943412.00
2001-03-28,19.59,87055016,1705407763.44,1.71,-0.66,4707477.00
2001-03-29,19.72,87055016,1716724915.52,1.72,0.66,3516076.00
2001-03-30,19.33,87055016,1682773459.28,1.68,-1.98,9881496.00
2001-04-02,19.26,87055016,1676679608.16,1.68,-0.36,10562184.00
2001-04-03,18.67,87055016,1625317148.72,1.63,-3.06,21246460.00
2001-04-04,18.37,87055016,1599200643.92,1.60,-1.61,8025853.00
2001-04-05,18.77,87055016,1634022650.32,1.63,2.18,7232081.00
2001-04-06,18.87,87055016,1642728151.92,1.64,0.53,5262843.00
2001-04-09,18.90,87055016,1645339802.40,1.65,0.16,9329040.00
2001-04-10,19.56,87055016,1702796112.96,1.70,3.49,5918856.00
2001-04-11,19.82,87055016,1725430417.12,1.73,1.33,7598988.00
2001-04-12,19.57,87055016,1703666663.12,1.70,-1.26,2348400.00
2001-04-16,19.80,87055016,1723689316.80,1.72,1.18,4593600.00
2001-04-17,19.84,87055016,1727171517.44,1.73,0.20,3593024.00
2001-04-18,20.98,87055016,1826414235.68,1.83,5.75,4926104.00
2001-04-19,20.85,87055016,1815097083.60,1.82,-0.62,5965185.00
2001-04-20,20.90,87055016,1819449834.40,1.82,0.24,4274050.00
2001-04-23,20.51,87055016,1785498378.16,1.79,-1.87,5193132.00
2001-04-24,20.01,87055016,1741970870.16,1.74,-2.44,3653826.00
2001-04-25,20.03,87055016,1743711970.48,1.74,0.10,4118168.00
2001-04-26,21.02,87055016,1829896436.32,1.83,4.94,10539428.00
2001-04-27,19.46,87055016,1694090611.36,1.69,-7.42,21919744.00
2001-04-30,20.32,87055016,1768957925.12,1.77,4.42,15309088.00
2001-05-01,20.45,87055016,1780275077.20,1.78,0.64,4601250.00
2001-05-02,20.92,87055016,1821190934.72,1.82,2.30,18633444.00
2001-05-03,21.01,87055016,1829025886.16,1.83,0.43,13456905.00
2001-05-04,20.68,87055016,1800297730.88,1.80,-1.57,9804388.00
2001-05-07,20.58,87055016,1791592229.28,1.79,-0.48,16317882.00
2001-05-08,19.53,87055016,1700184462.48,1.70,-5.10,26219025.00
2001-05-09,20.30,87055016,1767216824.80,1.77,3.94,3319050.00
2001-05-10,20.32,87055016,1768957925.12,1.77,0.10,15709392.00
2001-05-11,20.41,87055016,1776792876.56,1.78,0.44,17485247.00
2001-05-14,20.51,87055016,1785498378.16,1.79,0.49,3968685.00
2001-05-15,20.70,87055016,1802038831.20,1.80,0.93,5112900.00
2001-05-16,20.99,87055016,1827284785.84,1.83,1.40,4137129.00
2001-05-17,21.16,87055016,1842084138.56,1.84,0.81,20624652.00
2001-05-18,21.03,87055016,1830766986.48,1.83,-0.61,7741143.00
2001-05-21,22.12,87055016,1925656953.92,1.93,5.18,10781288.00
2001-05-22,22.90,87055016,1993559866.40,1.99,3.53,12031660.00
2001-05-23,22.59,87055016,1966572811.44,1.97,-1.35,7427592.00
2001-05-24,22.45,87055016,1954385109.20,1.95,-0.62,16309925.00
2001-05-25,22.89,87055016,1992689316.24,1.99,1.96,7262997.00
2001-05-29,22.24,87055016,1936103555.84,1.94,-2.84,8115376.00
2001-05-30,21.41,87055016,1863847892.56,1.86,-3.73,3903043.00
2001-05-31,21.82,87055016,1899540449.12,1.90,1.91,6369258.00
2001-06-01,21.86,87055016,1903022649.76,1.90,0.18,7727510.00
2001-06-04,22.15,87055016,1928268604.40,1.93,1.33,21407975.00
2001-06-05,22.16,87055016,1929139154.56,1.93,0.05,125427816.00
2001-06-06,22.81,87055016,1985724914.96,1.99,2.93,26192723.00
2001-06-07,22.61,87055016,1968313911.76,1.97,-0.88,11856684.00
2001-06-08,22.82,87055016,1986595465.12,1.99,0.93,5417468.00
2001-06-11,22.56,87055016,1963961160.96,1.96,-1.14,7882464.00
2001-06-12,22.30,87055016,1941326856.80,1.94,-1.15,18069690.00
2001-06-13,22.38,87055016,1948291258.08,1.95,0.36,10796112.00
2001-06-14,22.08,87055016,1922174753.28,1.92,-1.34,15182208.00
2001-06-15,22.07,87055016,1921304203.12,1.92,-0.05,10551667.00
2001-06-18,21.81,87055016,1898669898.96,1.90,-1.18,19687887.00
2001-06-19,21.81,87055016,1898669898.96,1.90,0.00,5371803.00
2001-06-20,23.03,87055016,2004877018.48,2.00,5.59,17894310.00
2001-06-21,23.10,87055016,2010970869.60,2.01,0.30,7057050.00
2001-06-22,22.87,87055016,1990948215.92,1.99,-1.00,6959341.00
2001-06-25,23.16,87055016,2016194170.56,2.02,1.27,10491480.00
2001-06-26,23.11,87055016,2011841419.76,2.01,-0.22,5248281.00
2001-06-27,23.18,87055016,2017935270.88,2.02,0.30,5458890.00
2001-06-28,23.93,87055016,2083226532.88,2.08,3.24,20297426.00
2001-06-29,23.14,87055016,2014453070.24,2.01,-3.30,23278840.00
2001-07-02,24.03,87055016,2091932034.48,2.09,3.85,9285192.00
2001-07-03,23.90,87055016,2080614882.40,2.08,-0.54,5781410.00
2001-07-05,23.82,87055016,2073650481.12,2.07,-0.33,10025838.00
2001-07-06,23.01,87055016,2003135918.16,2.00,-3.40,8384844.00
2001-07-09,23.30,87055016,2028381872.80,2.03,1.26,7854430.00
2001-07-10,23.66,87055016,2059721678.56,2.06,1.55,7431606.00
2001-07-11,23.54,87055016,2049275076.64,2.05,-0.51,5159968.00
2001-07-12,23.80,87055016,2071909380.80,2.07,1.10,6019020.00
2001-07-13,23.88,87055016,2078873782.08,2.08,0.34,6719832.00
2001-07-16,24.14,87055016,2101508086.24,2.10,1.09,11266138.00
2001-07-17,24.01,87055016,2090190934.16,2.09,-0.54,6312229.00
2001-07-18,23.51,87055016,2046663426.16,2.05,-2.08,20477210.00
2001-07-19,22.90,87055016,1993559866.40,1.99,-2.59,10220270.00
2001-07-20,23.69,87055016,2062333329.04,2.06,3.45,4254724.00
2001-07-23,22.83,87055016,1987466015.28,1.99,-3.63,3262407.00
2001-07-24,22.66,87055016,1972666662.56,1.97,-0.74,8325284.00
2001-07-25,22.28,87055016,1939585756.48,1.94,-1.68,7452660.00
2001-07-26,23.32,87055016,2030122973.12,2.03,4.67,13166472.00
2001-07-27,23.64,87055016,2057980578.24,2.06,1.37,9905160.00
2001-07-30,23.53,87055016,2048404526.48,2.05,-0.47,9550827.00
2001-07-31,23.13,87055016,2013582520.08,2.01,-1.70,11842560.00
2001-08-01,23.87,87055016,2078003231.92,2.08,3.20,14381675.00
2001-08-02,23.40,87055016,2037087374.40,2.04,-1.97,3388320.00
2001-08-03,23.44,87055016,2040569575.04,2.04,0.17,10339384.00
2001-08-06,22.90,87055016,1993559866.40,1.99,-2.30,9469150.00
2001-08-07,22.74,87055016,1979631063.84,1.98,-0.70,5944236.00
2001-08-08,21.61,87055016,1881258895.76,1.88,-4.97,62965057.00
2001-08-09,19.64,87055016,1709760514.24,1.71,-9.12,86932532.00
2001-08-10,19.87,87055016,1729783167.92,1.73,1.17,7489003.00
2001-08-13,19.96,87055016,1737618119.36,1.74,0.45,10854248.00
2001-08-14,19.67,87055016,1712372164.72,1.71,-1.45,14123060.00
2001-08-15,18.55,87055016,1614870546.80,1.61,-5.69,29205120.00
2001-08-16,18.19,87055016,1583530741.04,1.58,-1.94,27486909.00
2001-08-17,18.14,87055016,1579177990.24,1.58,-0.27,20630622.00
2001-08-20,17.92,87055016,1560025886.72,1.56,-1.21,14995456.00
2001-08-21,17.63,87055016,1534779932.08,1.53,-1.62,10017366.00
2001-08-22,17.75,87055016,1545226534.00,1.55,0.68,8244875.00
2001-08-23,17.85,87055016,1553932035.60,1.55,0.56,11213370.00
2001-08-24,18.37,87055016,1599200643.92,1.60,2.91,19532821.00
2001-08-27,18.54,87055016,1613999996.64,1.61,0.93,7987032.00
2001-08-28,18.30,87055016,1593106792.80,1.59,-1.29,2928000.00
2001-08-29,17.72,87055016,1542614883.52,1.54,-3.17,4569988.00
2001-08-30,16.81,87055016,1463394818.96,1.46,-5.14,20913321.00
2001-08-31,16.88,87055016,1469488670.08,1.47,0.42,16491760.00
2001-09-04,17.07,87055016,1486029123.12,1.49,1.13,15076224.00
2001-09-05,16.36,87055016,1424220061.76,1.42,-4.16,17542828.00
2001-09-06,16.30,87055016,1418996760.80,1.42,-0.37,13126390.00
2001-09-07,16.63,87055016,1447724916.08,1.45,2.02,28159579.00
2001-09-10,16.80,87055016,1462524268.80,1.46,1.02,19116720.00
2001-09-17,15.93,87055016,1386786404.88,1.39,-5.18,43520760.00
2001-09-18,15.46,87055016,1345870547.36,1.35,-2.95,17625946.00
2001-09-19,15.12,87055016,1316271841.92,1.32,-2.20,18921168.00
2001-09-20,15.15,87055016,1318883492.40,1.32,0.20,5647920.00
2001-09-21,15.07,87055016,1311919091.12,1.31,-0.53,23956779.00
2001-09-24,15.28,87055016,1330200644.48,1.33,1.39,15937040.00
2001-09-25,14.91,87055016,1297990288.56,1.30,-2.42,11577615.00
2001-09-26,14.54,87055016,1265779932.64,1.27,-2.48,30093438.00
2001-09-27,13.89,87055016,1209194172.24,1.21,-4.47,16629108.00
2001-09-28,15.94,87055016,1387656955.04,1.39,14.76,41273442.00
2001-10-01,16.09,87055016,1400715207.44,1.40,0.94,16896109.00
2001-10-02,16.09,87055016,1400715207.44,1.40,0.00,5106966.00
2001-10-03,16.77,87055016,1459912618.32,1.46,4.23,7655505.00
2001-10-04,17.88,87055016,1556543686.08,1.56,6.62,15249852.00
2001-10-05,17.44,87055016,1518239479.04,1.52,-2.46,11676080.00
2001-10-08,16.86,87055016,1467747569.76,1.47,-3.33,5090034.00
2001-10-09,16.77,87055016,1459912618.32,1.46,-0.53,7170852.00
2001-10-10,17.22,87055016,1499087375.52,1.50,2.68,8250102.00
2001-10-11,17.77,87055016,1546967634.32,1.55,3.19,10461199.00
2001-10-12,17.87,87055016,1555673135.92,1.56,0.56,15886430.00
2001-10-15,17.32,87055016,1507792877.12,1.51,-3.08,8921532.00
2001-10-16,17.17,87055016,1494734624.72,1.49,-0.87,9036571.00
2001-10-17,16.76,87055016,1459042068.16,1.46,-2.39,5321300.00
2001-10-18,16.04,87055016,1396362456.64,1.40,-4.30,21030044.00
2001-10-19,15.96,87055016,1389398055.36,1.39,-0.50,9223284.00
2001-10-22,16.06,87055016,1398103556.96,1.40,0.63,6202372.00
2001-10-23,16.87,87055016,1468618119.92,1.47,5.04,25976426.00
2001-10-24,16.83,87055016,1465135919.28,1.47,-0.24,7733385.00
2001-10-25,17.04,87055016,1483417472.64,1.48,1.25,14625432.00
2001-10-26,17.36,87055016,1511275077.76,1.51,1.88,6527360.00
2001-10-29,17.10,87055016,1488640773.60,1.49,-1.50,14247720.00
2001-10-30,16.53,87055016,1439019414.48,1.44,-3.33,5992125.00
2001-10-31,16.51,87055016,1437278314.16,1.44,-0.12,19196177.00
2001-11-01,17.09,87055016,1487770223.44,1.49,3.51,10447117.00
2001-11-02,17.08,87055016,1486899673.28,1.49,-0.06,12364212.00
2001-11-05,17.39,87055016,1513886728.24,1.51,1.81,13779836.00
2001-11-06,17.47,87055016,1520851129.52,1.52,0.46,5801787.00
2001-11-07,18.06,87055016,1572213588.96,1.57,3.38,35390376.00
2001-11-08,17.96,87055016,1563508087.36,1.56,-0.55,26167720.00
2001-11-09,17.87,87055016,1555673135.92,1.56,-0.50,8884964.00
2001-11-12,17.97,87055016,1564378637.52,1.56,0.56,5685708.00
2001-11-13,18.15,87055016,1580048540.40,1.58,1.00,26491740.00
2001-11-14,18.65,87055016,1623576048.40,1.62,2.75,17641035.00
2001-11-15,18.91,87055016,1646210352.56,1.65,1.39,30450773.00
2001-11-16,19.35,87055016,1684514559.60,1.68,2.33,20377485.00
2001-11-19,19.27,87055016,1677550158.32,1.68,-0.41,3634322.00
2001-11-20,18.73,87055016,1630540449.68,1.63,-2.80,13004239.00
2001-11-21,18.64,87055016,1622705498.24,1.62,-0.48,8906192.00
2001-11-23,18.94,87055016,1648822003.04,1.65,1.61,2770922.00
2001-11-26,18.62,87055016,1620964397.92,1.62,-1.69,7660268.00
2001-11-27,18.98,87055016,1652304203.68,1.65,1.93,12289550.00
2001-11-28,18.70,87055016,1627928799.20,1.63,-1.48,5886760.00
2001-11-29,18.87,87055016,1642728151.92,1.64,0.91,17781201.00
2001-11-30,19.48,87055016,1695831711.68,1.70,3.23,12048380.00
2001-12-03,19.29,87055016,1679291258.64,1.68,-0.98,9330573.00
2001-12-04,19.84,87055016,1727171517.44,1.73,2.85,4519552.00
2001-12-05,20.60,87055016,1793333329.60,1.79,3.83,24903340.00
2001-12-06,21.38,87055016,1861236242.08,1.86,3.79,26690792.00
2001-12-07,20.96,87055016,1824673135.36,1.82,-1.96,17187200.00
2001-12-10,20.17,87055016,1755899672.72,1.76,-3.77,13041922.00
2001-12-11,20.20,87055016,1758511323.20,1.76,0.15,15590360.00
2001-12-12,19.82,87055016,1725430417.12,1.73,-1.88,9119182.00
2001-12-13,19.96,87055016,1737618119.36,1.74,0.71,12588772.00
2001-12-14,20.49,87055016,1783757277.84,1.78,2.66,17777124.00
2001-12-17,20.50,87055016,1784627828.00,1.78,0.05,17664850.00
2001-12-18,21.19,87055016,1844695789.04,1.84,3.37,10084321.00
2001-12-19,21.82,87055016,1899540449.12,1.90,2.97,20674450.00
2001-12-20,21.18,87055016,1843825238.88,1.84,-2.93,13730994.00
2001-12-21,21.58,87055016,1878647245.28,1.88,1.89,21105240.00
2001-12-24,21.40,87055016,1862977342.40,1.86,-0.83,2557300.00
2001-12-26,21.40,87055016,1862977342.40,1.86,0.00,14027700.00
2001-12-27,21.65,87055016,1884741096.40,1.88,1.17,10760050.00
2001-12-28,21.91,87055016,1907375400.56,1.91,1.20,8198722.00
2001-12-31,22.26,87055016,1937844656.16,1.94,1.60,10417680.00
2002-01-02,22.29,87055016,1940456306.64,1.94,0.13,12943803.00
2002-01-03,21.78,87055016,1896058248.48,1.90,-2.29,13653882.00
2002-01-04,21.83,87055016,1900410999.28,1.90,0.23,13309751.00
2002-01-07,21.68,87055016,1887352746.88,1.89,-0.69,13508808.00
2002-01-08,21.30,87055016,1854271840.80,1.85,-1.75,6134400.00
2002-01-09,21.14,87055016,1840343038.24,1.84,-0.75,16740766.00
2002-01-10,20.80,87055016,1810744332.80,1.81,-1.61,23370880.00
2002-01-11,20.54,87055016,1788110028.64,1.79,-1.25,65608868.00
2002-01-14,20.36,87055016,1772440125.76,1.77,-0.88,10876312.00
2002-01-15,20.28,87055016,1765475724.48,1.77,-0.39,18306756.00
2002-01-16,19.79,87055016,1722818766.64,1.72,-2.42,26013955.00
2002-01-17,19.18,87055016,1669715206.88,1.67,-3.08,28424760.00
2002-01-18,19.40,87055016,1688867310.40,1.69,1.15,18059460.00
2002-01-22,19.12,87055016,1664491905.92,1.66,-1.44,6365048.00
2002-01-23,19.48,87055016,1695831711.68,1.70,1.88,15208036.00
2002-01-24,19.96,87055016,1737618119.36,1.74,2.46,19963992.00
2002-01-25,19.50,87055016,1697572812.00,1.70,-2.30,18525000.00
2002-01-28,18.76,87055016,1633152100.16,1.63,-3.79,11171580.00
2002-01-29,17.97,87055016,1564378637.52,1.56,-4.21,38687613.00
2002-01-30,18.46,87055016,1607035595.36,1.61,2.73,15310724.00
2002-01-31,19.07,87055016,1660139155.12,1.66,3.30,14315849.00
2002-02-01,19.45,87055016,1693220061.20,1.69,1.99,19662005.00
2002-02-04,18.90,87055016,1645339802.40,1.65,-2.83,12398400.00
2002-02-05,18.72,87055016,1629669899.52,1.63,-0.95,14858064.00
2002-02-06,19.88,87055016,1730653718.08,1.73,6.20,24040884.00
2002-02-07,19.62,87055016,1708019413.92,1.71,-1.31,11497320.00
2002-02-08,20.67,87055016,1799427180.72,1.80,5.35,10597509.00
2002-02-11,21.04,87055016,1831637536.64,1.83,1.79,14063136.00
2002-02-12,20.29,87055016,1766346274.64,1.77,-3.56,7440343.00
2002-02-13,20.56,87055016,1789851128.96,1.79,1.33,21900512.00
2002-02-14,21.28,87055016,1852530740.48,1.85,3.50,25044432.00
2002-02-15,20.91,87055016,1820320384.56,1.82,-1.74,14225073.00
2002-02-19,20.64,87055016,1796815530.24,1.80,-1.29,14528496.00
2002-02-20,20.77,87055016,1808132682.32,1.81,0.63,12509771.00
2002-02-21,20.50,87055016,1784627828.00,1.78,-1.30,10873200.00
2002-02-22,20.40,87055016,1775922326.40,1.78,-0.49,11262840.00
2002-02-25,21.19,87055016,1844695789.04,1.84,3.87,9550333.00
2002-02-26,21.99,87055016,1914339801.84,1.91,3.78,14656335.00
2002-02-27,20.80,87055016,1810744332.80,1.81,-5.41,23271040.00
2002-02-28,20.98,87055016,1826414235.68,1.83,0.87,7236002.00
2002-03-01,21.48,87055016,1869941743.68,1.87,2.38,11182488.00
2002-03-04,22.61,87055016,1968313911.76,1.97,5.26,13654179.00
2002-03-05,22.40,87055016,1950032358.40,1.95,-0.93,9795520.00
2002-03-06,22.33,87055016,1943938507.28,1.94,-0.31,9090543.00
2002-03-07,21.64,87055016,1883870546.24,1.88,-3.09,13704612.00
2002-03-08,22.47,87055016,1956126209.52,1.96,3.84,30305289.00
2002-03-11,22.43,87055016,1952644008.88,1.95,-0.18,15492401.00
2002-03-12,22.16,87055016,1929139154.56,1.93,-1.20,9269528.00
2002-03-13,21.90,87055016,1906504850.40,1.91,-1.17,2897370.00
2002-03-14,22.06,87055016,1920433652.96,1.92,0.73,6240774.00
2002-03-15,22.50,87055016,1958737860.00,1.96,1.99,10251000.00
2002-03-18,22.62,87055016,1969184461.92,1.97,0.53,12540528.00
2002-03-19,22.46,87055016,1955255659.36,1.96,-0.71,8328168.00
2002-03-20,22.38,87055016,1948291258.08,1.95,-0.36,3853836.00
2002-03-21,21.87,87055016,1903893199.92,1.90,-2.28,5019165.00
2002-03-22,21.50,87055016,1871682844.00,1.87,-1.69,7417500.00
2002-03-25,20.96,87055016,1824673135.36,1.82,-2.51,8981360.00
2002-03-26,20.39,87055016,1775051776.24,1.78,-2.72,13120965.00
2002-03-27,20.37,87055016,1773310675.92,1.77,-0.10,12816804.00
2002-03-28,21.36,87055016,1859495141.76,1.86,4.86,14996856.00
2002-04-01,21.34,87055016,1857754041.44,1.86,-0.09,8113468.00
2002-04-02,20.92,87055016,1821190934.72,1.82,-1.97,15461972.00
2002-04-03,20.66,87055016,1798556630.56,1.80,-1.24,4993522.00
2002-04-04,21.07,87055016,1834249187.12,1.83,1.98,11135495.00
2002-04-05,21.74,87055016,1892576047.84,1.89,3.18,17533310.00
2002-04-08,21.50,87055016,1871682844.00,1.87,-1.10,5624400.00
2002-04-09,21.41,87055016,1863847892.56,1.86,-0.42,9608808.00
2002-04-10,21.79,87055016,1896928798.64,1.90,1.77,6035830.00
2002-04-11,21.42,87055016,1864718442.72,1.86,-1.70,5766264.00
2002-04-12,21.96,87055016,1911728151.36,1.91,2.52,6234444.00
2002-04-15,22.00,87055016,1915210352.00,1.92,0.18,6199600.00
2002-04-16,22.52,87055016,1960478960.32,1.96,2.36,5999328.00
2002-04-17,22.34,87055016,1944809057.44,1.94,-0.80,13996010.00
2002-04-18,22.61,87055016,1968313911.76,1.97,1.21,9215836.00
2002-04-19,22.67,87055016,1973537212.72,1.97,0.27,19632220.00
2002-04-22,22.30,87055016,1941326856.80,1.94,-1.63,7526250.00
2002-04-23,22.59,87055016,1966572811.44,1.97,1.30,8042040.00
2002-04-24,22.66,87055016,1972666662.56,1.97,0.31,26582446.00
2002-04-25,22.87,87055016,1990948215.92,1.99,0.93,27107811.00
2002-04-26,22.94,87055016,1997042067.04,2.00,0.31,21967344.00
2002-04-29,22.45,87055016,1954385109.20,1.95,-2.14,29470115.00
2002-04-30,22.57,87055016,1964831711.12,1.96,0.53,24294348.00
2002-05-01,22.24,87055016,1936103555.84,1.94,-1.46,38063760.00
2002-05-02,22.35,87055016,1945679607.60,1.95,0.49,17723550.00
2002-05-03,21.30,87055016,1854271840.80,1.85,-4.70,23133930.00
2002-05-06,21.01,87055016,1829025886.16,1.83,-1.36,8410303.00
2002-05-07,21.70,87055016,1889093847.20,1.89,3.28,18868150.00
2002-05-08,23.66,87055016,2059721678.56,2.06,9.03,37926980.00
2002-05-09,23.64,87055016,2057980578.24,2.06,-0.08,12018576.00
2002-05-10,22.96,87055016,1998783167.36,2.00,-2.88,11955272.00
2002-05-13,23.04,87055016,2005747568.64,2.01,0.35,10264320.00
2002-05-14,23.54,87055016,2049275076.64,2.05,2.17,13387198.00
2002-05-15,23.56,87055016,2051016176.96,2.05,0.08,33723784.00
2002-05-16,23.37,87055016,2034475723.92,2.03,-0.81,6940890.00
2002-05-17,23.32,87055016,2030122973.12,2.03,-0.21,11284548.00
2002-05-20,22.35,87055016,1945679607.60,1.95,-4.16,9965865.00
2002-05-21,21.91,87055016,1907375400.56,1.91,-1.97,12611396.00
2002-05-22,22.19,87055016,1931750805.04,1.93,1.28,12419743.00
2002-05-23,22.38,87055016,1948291258.08,1.95,0.86,12266478.00
2002-05-24,22.24,87055016,1936103555.84,1.94,-0.63,8471216.00
2002-05-28,22.24,87055016,1936103555.84,1.94,0.00,9489808.00
2002-05-29,22.42,87055016,1951773458.72,1.95,0.81,5744004.00
2002-05-30,22.44,87055016,1953514559.04,1.95,0.09,7972932.00
2002-05-31,22.62,87055016,1969184461.92,1.97,0.80,7342452.00
2002-06-03,22.55,87055016,1963090610.80,1.96,-0.31,7998485.00
2002-06-04,22.51,87055016,1959608410.16,1.96,-0.18,9440694.00
2002-06-05,22.64,87055016,1970925562.24,1.97,0.58,16357400.00
2002-06-06,21.96,87055016,1911728151.36,1.91,-3.00,6186132.00
2002-06-07,21.91,87055016,1907375400.56,1.91,-0.23,9324896.00
2002-06-10,21.80,87055016,1897799348.80,1.90,-0.50,5382420.00
2002-06-11,21.40,87055016,1862977342.40,1.86,-1.83,12076020.00
2002-06-12,21.12,87055016,1838601937.92,1.84,-1.31,36641088.00
2002-06-13,20.51,87055016,1785498378.16,1.79,-2.89,12878229.00
2002-06-14,20.52,87055016,1786368928.32,1.79,0.05,16397532.00
2002-06-17,21.01,87055016,1829025886.16,1.83,2.39,13267815.00
2002-06-18,20.81,87055016,1811614882.96,1.81,-0.95,7402117.00
2002-06-19,20.61,87055016,1794203879.76,1.79,-0.96,6574590.00
2002-06-20,20.02,87055016,1742841420.32,1.74,-2.86,11325314.00
2002-06-21,19.67,87055016,1712372164.72,1.71,-1.75,11160758.00
2002-06-24,19.99,87055016,1740229769.84,1.74,1.63,15474259.00
2002-06-25,19.91,87055016,1733265368.56,1.73,-0.40,22241461.00
2002-06-26,19.46,87055016,1694090611.36,1.69,-2.26,18516190.00
2002-06-27,18.93,87055016,1647951452.88,1.65,-2.72,92170170.00
2002-06-28,19.57,87055016,1703666663.12,1.70,3.38,27525205.00
2002-07-01,17.33,87055016,1508663427.28,1.51,-11.45,29402078.00
2002-07-02,16.87,87055016,1468618119.92,1.47,-2.65,38529393.00
2002-07-03,17.17,87055016,1494734624.72,1.49,1.78,14987693.00
2002-07-05,17.62,87055016,1533909381.92,1.53,2.62,3499332.00
2002-07-08,17.79,87055016,1548708734.64,1.55,0.96,9533661.00
2002-07-09,17.28,87055016,1504310676.48,1.50,-2.87,9329472.00
2002-07-10,16.20,87055016,1410291259.20,1.41,-6.25,12169440.00
2002-07-11,16.55,87055016,1440760514.80,1.44,2.16,21220410.00
2002-07-12,16.96,87055016,1476453071.36,1.48,2.48,14912928.00
2002-07-15,16.37,87055016,1425090611.92,1.43,-3.48,6382663.00
2002-07-16,16.30,87055016,1418996760.80,1.42,-0.43,13900640.00
2002-07-17,16.63,87055016,1447724916.08,1.45,2.02,10187538.00
2002-07-18,15.75,87055016,1371116502.00,1.37,-5.29,6495300.00
2002-07-19,15.81,87055016,1376339802.96,1.38,0.38,13749957.00
2002-07-22,15.28,87055016,1330200644.48,1.33,-3.35,8862400.00
2002-07-23,13.96,87055016,1215288023.36,1.22,-8.64,17476524.00
2002-07-24,15.00,87055016,1305825240.00,1.31,7.45,13203000.00
2002-07-25,14.52,87055016,1264038832.32,1.26,-3.20,6809880.00
2002-07-26,14.22,87055016,1237922327.52,1.24,-2.07,3773988.00
2002-07-29,16.11,87055016,1402456307.76,1.40,13.29,14461947.00
2002-07-30,16.62,87055016,1446854365.92,1.45,3.17,15935256.00
2002-07-31,16.61,87055016,1445983815.76,1.45,-0.06,12620278.00
2002-08-01,16.41,87055016,1428572812.56,1.43,-1.20,10095432.00
2002-08-02,15.63,87055016,1360669900.08,1.36,-4.75,11026965.00
2002-08-05,14.36,87055016,1250110029.76,1.25,-8.13,11750788.00
2002-08-06,15.17,87055016,1320624592.72,1.32,5.64,18260129.00
2002-08-07,15.34,87055016,1335423945.44,1.34,1.12,17019730.00
2002-08-08,15.80,87055016,1375469252.80,1.38,3.00,12976540.00
2002-08-09,16.24,87055016,1413773459.84,1.41,2.78,8858920.00
2002-08-12,15.74,87055016,1370245951.84,1.37,-3.08,10353772.00
2002-08-13,16.03,87055016,1395491906.48,1.40,1.84,9433655.00
2002-08-14,16.63,87055016,1447724916.08,1.45,3.74,11388224.00
2002-08-15,17.50,87055016,1523462780.00,1.52,5.23,15625750.00
2002-08-16,17.76,87055016,1546097084.16,1.55,1.49,8139408.00
2002-08-19,17.32,87055016,1507792877.12,1.51,-2.48,13372772.00
2002-08-20,17.29,87055016,1505181226.64,1.51,-0.17,8015644.00
2002-08-21,17.75,87055016,1545226534.00,1.55,2.66,6210725.00
2002-08-22,17.94,87055016,1561766987.04,1.56,1.07,9556638.00
2002-08-23,17.41,87055016,1515627828.56,1.52,-2.95,6224075.00
2002-08-26,17.65,87055016,1536521032.40,1.54,1.38,6887030.00
2002-08-27,17.54,87055016,1526944980.64,1.53,-0.62,13744344.00
2002-08-28,16.82,87055016,1464265369.12,1.46,-4.10,6085476.00
2002-08-29,17.05,87055016,1484288022.80,1.48,1.37,5919760.00
2002-08-30,16.81,87055016,1463394818.96,1.46,-1.41,3783931.00
2002-09-03,15.79,87055016,1374598702.64,1.37,-6.07,8801346.00
2002-09-04,16.33,87055016,1421608411.28,1.42,3.42,5958817.00
2002-09-05,15.91,87055016,1385045304.56,1.39,-2.57,6784024.00
2002-09-06,16.72,87055016,1455559867.52,1.46,5.09,7383552.00
2002-09-09,16.62,87055016,1446854365.92,1.45,-0.60,9819096.00
2002-09-10,16.76,87055016,1459042068.16,1.46,0.84,11907980.00
2002-09-11,16.71,87055016,1454689317.36,1.45,-0.30,6286302.00
2002-09-12,16.11,87055016,1402456307.76,1.40,-3.59,3358935.00
2002-09-13,16.36,87055016,1424220061.76,1.42,1.55,6849932.00
2002-09-16,15.99,87055016,1392009705.84,1.39,-2.26,5104008.00
2002-09-17,15.80,87055016,1375469252.80,1.38,-1.19,3153680.00
2002-09-18,16.12,87055016,1403326857.92,1.40,2.03,8922420.00
2002-09-19,15.24,87055016,1326718443.84,1.33,-5.46,10291572.00
2002-09-20,15.65,87055016,1362411000.40,1.36,2.69,7973675.00
2002-09-23,15.41,87055016,1341517796.56,1.34,-1.53,6381281.00
2002-09-24,15.37,87055016,1338035595.92,1.34,-0.26,13668541.00
2002-09-25,15.74,87055016,1370245951.84,1.37,2.41,7281324.00
2002-09-26,16.48,87055016,1434666663.68,1.43,4.70,6354688.00
2002-09-27,16.18,87055016,1408550158.88,1.41,-1.82,9373074.00
2002-09-30,15.96,87055016,1389398055.36,1.39,-1.36,12431244.00
2002-10-01,16.51,87055016,1437278314.16,1.44,3.45,10774426.00
2002-10-02,16.12,87055016,1403326857.92,1.40,-2.36,10408684.00
2002-10-03,15.39,87055016,1339776696.24,1.34,-4.53,17892414.00
2002-10-04,15.23,87055016,1325847893.68,1.33,-1.04,11424023.00
2002-10-07,14.98,87055016,1304084139.68,1.30,-1.64,17493644.00
2002-10-08,14.99,87055016,1304954689.84,1.30,0.07,13032306.00
2002-10-09,14.66,87055016,1276226534.56,1.28,-2.20,8633274.00
2002-10-10,15.54,87055016,1352834948.64,1.35,6.00,12292140.00
2002-10-11,16.23,87055016,1412902909.68,1.41,4.44,16658472.00
2002-10-14,15.96,87055016,1389398055.36,1.39,-1.66,9516948.00
2002-10-15,16.83,87055016,1465135919.28,1.47,5.45,31635351.00
2002-10-16,16.81,87055016,1463394818.96,1.46,-0.12,8959730.00
2002-10-17,17.52,87055016,1525203880.32,1.53,4.22,10776552.00
2002-10-18,17.22,87055016,1499087375.52,1.50,-1.71,14027412.00
2002-10-21,17.53,87055016,1526074430.48,1.53,1.80,8836873.00
2002-10-22,17.33,87055016,1508663427.28,1.51,-1.14,8978673.00
2002-10-23,17.76,87055016,1546097084.16,1.55,2.48,8784096.00
2002-10-24,17.86,87055016,1554802585.76,1.55,0.56,13603962.00
2002-10-25,18.34,87055016,1596588993.44,1.60,2.69,9140656.00
2002-10-28,18.64,87055016,1622705498.24,1.62,1.64,12753488.00
2002-10-29,18.23,87055016,1587012941.68,1.59,-2.20,13617810.00
2002-10-30,18.37,87055016,1599200643.92,1.60,0.77,15045030.00
2002-10-31,17.85,87055016,1553932035.60,1.55,-2.83,13226850.00
2002-11-01,18.39,87055016,1600941744.24,1.60,3.03,18776190.00
2002-11-04,18.89,87055016,1644469252.24,1.64,2.72,16738429.00
2002-11-05,18.84,87055016,1640116501.44,1.64,-0.26,10207512.00
2002-11-06,18.93,87055016,1647951452.88,1.65,0.48,11908863.00
2002-11-07,18.55,87055016,1614870546.80,1.61,-2.01,7464520.00
2002-11-08,18.76,87055016,1633152100.16,1.63,1.13,6727336.00
2002-11-11,18.31,87055016,1593977342.96,1.59,-2.40,5309900.00
2002-11-12,18.34,87055016,1596588993.44,1.60,0.16,9606492.00
2002-11-13,17.35,87055016,1510404527.60,1.51,-5.40,36648405.00
2002-11-14,17.69,87055016,1540003233.04,1.54,1.96,19565140.00
2002-11-15,17.67,87055016,1538262132.72,1.54,-0.11,15040704.00
2002-11-18,17.64,87055016,1535650482.24,1.54,-0.17,7188300.00
2002-11-19,17.18,87055016,1495605174.88,1.50,-2.61,8794442.00
2002-11-20,17.32,87055016,1507792877.12,1.51,0.81,12042596.00
2002-11-21,17.96,87055016,1563508087.36,1.56,3.70,18757424.00
2002-11-22,18.03,87055016,1569601938.48,1.57,0.39,13463001.00
2002-11-25,18.08,87055016,1573954689.28,1.57,0.28,9613136.00
2002-11-26,17.27,87055016,1503440126.32,1.50,-4.48,9564126.00
2002-11-27,17.79,87055016,1548708734.64,1.55,3.01,8925243.00
2002-11-29,17.94,87055016,1561766987.04,1.56,0.84,3482154.00
2002-12-02,17.68,87055016,1539132682.88,1.54,-1.45,12747280.00
2002-12-03,17.36,87055016,1511275077.76,1.51,-1.81,6207936.00
2002-12-04,17.06,87055016,1485158572.96,1.49,-1.73,18851300.00
2002-12-05,17.35,87055016,1510404527.60,1.51,1.70,8983830.00
2002-12-06,17.88,87055016,1556543686.08,1.56,3.05,12194160.00
2002-12-09,17.23,87055016,1499957925.68,1.50,-3.64,11330448.00
2002-12-10,17.86,87055016,1554802585.76,1.55,3.66,8483500.00
2002-12-11,18.09,87055016,1574825239.44,1.57,1.29,15173892.00
2002-12-12,18.24,87055016,1587883491.84,1.59,0.83,19469376.00
2002-12-13,18.19,87055016,1583530741.04,1.58,-0.27,15703427.00
2002-12-16,18.09,87055016,1574825239.44,1.57,-0.55,20720286.00
2002-12-17,18.07,87055016,1573084139.12,1.57,-0.11,8626618.00
2002-12-18,17.75,87055016,1545226534.00,1.55,-1.77,7511800.00
2002-12-19,17.98,87055016,1565249187.68,1.57,1.30,15572478.00
2002-12-20,18.46,87055016,1607035595.36,1.61,2.67,116039560.00
2002-12-23,18.13,87055016,1578307440.08,1.58,-1.79,22408680.00
2002-12-24,18.06,87055016,1572213588.96,1.57,-0.39,4836468.00
2002-12-26,18.05,87055016,1571343038.80,1.57,-0.06,10418460.00
2002-12-27,17.58,87055016,1530427181.28,1.53,-2.60,8311824.00
2002-12-30,17.63,87055016,1534779932.08,1.53,0.28,12653051.00
2002-12-31,17.70,87055016,1540873783.20,1.54,0.40,14299830.00
2003-01-02,18.86,87055016,1641857601.76,1.64,6.55,13588630.00
2003-01-03,19.21,87055016,1672326857.36,1.67,1.86,17554098.00
2003-01-06,19.71,87055016,1715854365.36,1.72,2.60,20707326.00
2003-01-07,19.56,87055016,1702796112.96,1.70,-0.76,12940896.00
2003-01-08,19.26,87055016,1676679608.16,1.68,-1.53,11781342.00
2003-01-09,19.56,87055016,1702796112.96,1.70,1.56,19229436.00
2003-01-10,18.93,87055016,1647951452.88,1.65,-3.22,29850717.00
2003-01-13,18.64,87055016,1622705498.24,1.62,-1.53,14761016.00
2003-01-14,18.98,87055016,1652304203.68,1.65,1.82,11277916.00
2003-01-15,18.98,87055016,1652304203.68,1.65,0.00,11699272.00
2003-01-16,18.93,87055016,1647951452.88,1.65,-0.26,11855859.00
2003-01-17,18.69,87055016,1627058249.04,1.63,-1.27,8062866.00
2003-01-21,18.14,87055016,1579177990.24,1.58,-2.94,12797770.00
2003-01-22,18.21,87055016,1585271841.36,1.59,0.39,13236849.00
2003-01-23,18.64,87055016,1622705498.24,1.62,2.36,10022728.00
2003-01-24,18.27,87055016,1590495142.32,1.59,-1.98,13687884.00
2003-01-27,18.05,87055016,1571343038.80,1.57,-1.20,9402245.00
2003-01-28,18.27,87055016,1590495142.32,1.59,1.22,8459010.00
2003-01-29,18.53,87055016,1613129446.48,1.61,1.42,12272419.00
2003-01-30,17.94,87055016,1561766987.04,1.56,-3.18,10279620.00
2003-01-31,18.29,87055016,1592236242.64,1.59,1.95,13194406.00
2003-02-03,17.99,87055016,1566119737.84,1.57,-1.64,6778632.00
2003-02-04,17.44,87055016,1518239479.04,1.52,-3.06,10601776.00
2003-02-05,17.24,87055016,1500828475.84,1.50,-1.15,8230376.00
2003-02-06,17.20,87055016,1497346275.20,1.50,-0.23,5282120.00
2003-02-07,17.10,87055016,1488640773.60,1.49,-0.58,8302050.00
2003-02-10,17.06,87055016,1485158572.96,1.49,-0.23,9394942.00
2003-02-11,17.07,87055016,1486029123.12,1.49,0.06,7305960.00
2003-02-12,16.40,87055016,1427702262.40,1.43,-3.93,14104000.00
2003-02-13,15.77,87055016,1372857602.32,1.37,-3.84,55502515.00
2003-02-14,15.67,87055016,1364152100.72,1.36,-0.63,13700281.00
2003-02-18,16.45,87055016,1432055013.20,1.43,4.98,16599695.00
2003-02-19,16.24,87055016,1413773459.84,1.41,-1.28,7796824.00
2003-02-20,16.17,87055016,1407679608.72,1.41,-0.43,6962802.00
2003-02-21,16.60,87055016,1445113265.60,1.45,2.66,5743600.00
2003-02-24,15.72,87055016,1368504851.52,1.37,-5.30,8120952.00
2003-02-25,15.80,87055016,1375469252.80,1.38,0.51,16403560.00
2003-02-26,15.78,87055016,1373728152.48,1.37,-0.13,14143614.00
2003-02-27,15.90,87055016,1384174754.40,1.38,0.76,6426780.00
2003-02-28,16.50,87055016,1436407764.00,1.44,3.77,8030550.00
2003-03-03,16.30,87055016,1418996760.80,1.42,-1.21,9788150.00
2003-03-04,15.82,87055016,1377210353.12,1.38,-2.94,6131832.00
2003-03-05,16.03,87055016,1395491906.48,1.40,1.33,8404529.00
2003-03-06,15.77,87055016,1372857602.32,1.37,-1.62,9643355.00
2003-03-07,15.59,87055016,1357187699.44,1.36,-1.14,10866230.00
2003-03-10,15.17,87055016,1320624592.72,1.32,-2.69,8957885.00
2003-03-11,14.83,87055016,1291025887.28,1.29,-2.24,10501123.00
2003-03-12,14.79,87055016,1287543686.64,1.29,-0.27,10378143.00
2003-03-13,15.27,87055016,1329330094.32,1.33,3.25,15641061.00
2003-03-14,15.37,87055016,1338035595.92,1.34,0.65,5596217.00
2003-03-17,16.02,87055016,1394621356.32,1.39,4.23,12417102.00
2003-03-18,16.04,87055016,1396362456.64,1.40,0.12,10494972.00
2003-03-19,15.94,87055016,1387656955.04,1.39,-0.62,6034884.00
2003-03-20,16.04,87055016,1396362456.64,1.40,0.63,16105764.00
2003-03-21,16.80,87055016,1462524268.80,1.46,4.74,17525760.00
2003-03-24,15.81,87055016,1376339802.96,1.38,-5.89,6635457.00
2003-03-25,16.14,87055016,1405067958.24,1.41,2.09,3713814.00
2003-03-26,15.86,87055016,1380692553.76,1.38,-1.73,10615098.00
2003-03-27,15.74,87055016,1370245951.84,1.37,-0.76,10325440.00
2003-03-28,15.82,87055016,1377210353.12,1.38,0.51,7821408.00
2003-03-31,15.43,87055016,1343258896.88,1.34,-2.47,11449060.00
2003-04-01,15.50,87055016,1349352748.00,1.35,0.45,7610500.00
2003-04-02,16.10,87055016,1401585757.60,1.40,3.87,10368400.00
2003-04-03,16.20,87055016,1410291259.20,1.41,0.62,11215260.00
2003-04-04,16.17,87055016,1407679608.72,1.41,-0.19,3114342.00
2003-04-07,16.26,87055016,1415514560.16,1.42,0.56,9144624.00
2003-04-08,16.30,87055016,1418996760.80,1.42,0.25,6591720.00
2003-04-09,16.32,87055016,1420737861.12,1.42,0.12,12067008.00
2003-04-10,16.28,87055016,1417255660.48,1.42,-0.25,8643052.00
2003-04-11,16.72,87055016,1455559867.52,1.46,2.70,9306352.00
2003-04-14,16.82,87055016,1464265369.12,1.46,0.60,8092102.00
2003-04-15,17.45,87055016,1519110029.20,1.52,3.75,11665325.00
2003-04-16,17.13,87055016,1491252424.08,1.49,-1.83,22558497.00
2003-04-17,17.53,87055016,1526074430.48,1.53,2.34,14593725.00
2003-04-21,17.57,87055016,1529556631.12,1.53,0.23,14676221.00
2003-04-22,18.44,87055016,1605294495.04,1.61,4.95,28537744.00
2003-04-23,18.87,87055016,1642728151.92,1.64,2.33,16769769.00
2003-04-24,18.48,87055016,1608776695.68,1.61,-2.07,5728800.00
2003-04-25,18.02,87055016,1568731388.32,1.57,-2.49,10781366.00
2003-04-28,18.51,87055016,1611388346.16,1.61,2.72,10917198.00
2003-04-29,18.29,87055016,1592236242.64,1.59,-1.19,14086958.00
2003-04-30,18.84,87055016,1640116501.44,1.64,3.01,44884416.00
2003-05-01,19.02,87055016,1655786404.32,1.66,0.96,22067004.00
2003-05-02,19.25,87055016,1675809058.00,1.68,1.21,26855675.00
2003-05-05,18.79,87055016,1635763750.64,1.64,-2.39,22698320.00
2003-05-06,18.98,87055016,1652304203.68,1.65,1.01,21039330.00
2003-05-07,18.13,87055016,1578307440.08,1.58,-4.48,76135122.00
2003-05-08,18.21,87055016,1585271841.36,1.59,0.44,24395937.00
2003-05-09,18.42,87055016,1603553394.72,1.60,1.15,18908130.00
2003-05-12,18.68,87055016,1626187698.88,1.63,1.41,19176888.00
2003-05-13,18.33,87055016,1595718443.28,1.60,-1.87,27205386.00
2003-05-14,18.32,87055016,1594847893.12,1.59,-0.05,11096424.00
2003-05-15,18.50,87055016,1610517796.00,1.61,0.98,10865050.00
2003-05-16,18.50,87055016,1610517796.00,1.61,0.00,26299600.00
2003-05-19,17.95,87055016,1562637537.20,1.56,-2.97,18682360.00
2003-05-20,17.95,87055016,1562637537.20,1.56,0.00,13624050.00
2003-05-21,17.97,87055016,1564378637.52,1.56,0.11,13606884.00
2003-05-22,18.38,87055016,1600071194.08,1.60,2.28,13490920.00
2003-05-23,18.18,87055016,1582660190.88,1.58,-1.09,14102226.00
2003-05-27,18.43,87055016,1604423944.88,1.60,1.38,24272310.00
2003-05-28,18.40,87055016,1601812294.40,1.60,-0.16,9687600.00
2003-05-29,18.27,87055016,1590495142.32,1.59,-0.71,18607995.00
2003-05-30,18.54,87055016,1613999996.64,1.61,1.48,18037566.00
2003-06-02,19.17,87055016,1668844656.72,1.67,3.40,21083166.00
2003-06-03,18.70,87055016,1627928799.20,1.63,-2.45,12852510.00
2003-06-04,19.10,87055016,1662750805.60,1.66,2.14,7809990.00
2003-06-05,19.06,87055016,1659268604.96,1.66,-0.21,6775830.00
2003-06-06,19.13,87055016,1665362456.08,1.67,0.37,22692006.00
2003-06-09,18.77,87055016,1634022650.32,1.63,-1.88,8915750.00
2003-06-10,18.36,87055016,1598330093.76,1.60,-2.18,53578152.00
2003-06-11,18.89,87055016,1644469252.24,1.64,2.89,66929159.00
2003-06-12,18.88,87055016,1643598702.08,1.64,-0.05,10038496.00
2003-06-13,18.64,87055016,1622705498.24,1.62,-1.27,29850096.00
2003-06-16,19.09,87055016,1661880255.44,1.66,2.41,24805546.00
2003-06-17,19.25,87055016,1675809058.00,1.68,0.84,20058500.00
2003-06-18,19.23,87055016,1674067957.68,1.67,-0.10,7511238.00
2003-06-19,19.00,87055016,1654045304.00,1.65,-1.20,11666000.00
2003-06-20,19.06,87055016,1659268604.96,1.66,0.32,7210398.00
2003-06-23,18.70,87055016,1627928799.20,1.63,-1.89,12080200.00
2003-06-24,18.67,87055016,1625317148.72,1.63,-0.16,9019477.00
2003-06-25,18.55,87055016,1614870546.80,1.61,-0.64,9786980.00
2003-06-26,18.75,87055016,1632281550.00,1.63,1.08,12993750.00
2003-06-27,18.60,87055016,1619223297.60,1.62,-0.80,8559720.00
2003-06-30,18.67,87055016,1625317148.72,1.63,0.38,13367720.00
2003-07-01,18.32,87055016,1594847893.12,1.59,-1.87,17361864.00
2003-07-02,18.19,87055016,1583530741.04,1.58,-0.71,22566514.00
2003-07-03,18.07,87055016,1573084139.12,1.57,-0.66,4792164.00
2003-07-07,18.50,87055016,1610517796.00,1.61,2.38,13258950.00
2003-07-08,18.62,87055016,1620964397.92,1.62,0.65,7243180.00
2003-07-09,18.14,87055016,1579177990.24,1.58,-2.58,11137960.00
2003-07-10,17.85,87055016,1553932035.60,1.55,-1.60,6531315.00
2003-07-11,18.17,87055016,1581789640.72,1.58,1.79,11588826.00
2003-07-14,18.28,87055016,1591365692.48,1.59,0.61,11293384.00
2003-07-15,18.18,87055016,1582660190.88,1.58,-0.55,16540164.00
2003-07-16,18.13,87055016,1578307440.08,1.58,-0.28,9987817.00
2003-07-17,17.66,87055016,1537391582.56,1.54,-2.59,16185390.00
2003-07-18,17.78,87055016,1547838184.48,1.55,0.68,8187690.00
2003-07-21,17.55,87055016,1527815530.80,1.53,-1.29,13839930.00
2003-07-22,17.87,87055016,1555673135.92,1.56,1.82,11511854.00
2003-07-23,17.68,87055016,1539132682.88,1.54,-1.06,15355080.00
2003-07-24,17.96,87055016,1563508087.36,1.56,1.58,23540172.00
2003-07-25,18.42,87055016,1603553394.72,1.60,2.56,11704068.00
2003-07-28,18.38,87055016,1600071194.08,1.60,-0.22,8767260.00
2003-07-29,18.01,87055016,1567860838.16,1.57,-2.01,17334625.00
2003-07-30,18.02,87055016,1568731388.32,1.57,0.06,10530888.00
2003-07-31,18.04,87055016,1570472488.64,1.57,0.11,5955004.00
2003-08-01,17.68,87055016,1539132682.88,1.54,-2.00,11621064.00
2003-08-04,17.46,87055016,1519980579.36,1.52,-1.24,10675044.00
2003-08-05,17.54,87055016,1526944980.64,1.53,0.46,11965788.00
2003-08-06,16.38,87055016,1425961162.08,1.43,-6.61,44108064.00
2003-08-07,16.06,87055016,1398103556.96,1.40,-1.95,42795082.00
2003-08-08,15.74,87055016,1370245951.84,1.37,-1.99,22678192.00
2003-08-11,15.92,87055016,1385915854.72,1.39,1.14,19696224.00
2003-08-12,16.21,87055016,1411161809.36,1.41,1.82,11706862.00
2003-08-13,16.32,87055016,1420737861.12,1.42,0.68,26100576.00
2003-08-14,16.39,87055016,1426831712.24,1.43,0.43,7724607.00
2003-08-15,16.41,87055016,1428572812.56,1.43,0.12,2116890.00
2003-08-18,16.62,87055016,1446854365.92,1.45,1.28,7487310.00
2003-08-19,16.95,87055016,1475582521.20,1.48,1.99,16100805.00
2003-08-20,16.83,87055016,1465135919.28,1.47,-0.71,6583896.00
2003-08-21,17.08,87055016,1486899673.28,1.49,1.49,7757736.00
2003-08-22,16.80,87055016,1462524268.80,1.46,-1.64,8326080.00
2003-08-25,16.80,87055016,1462524268.80,1.46,0.00,4057200.00
2003-08-26,16.83,87055016,1465135919.28,1.47,0.18,12439053.00
2003-08-27,17.21,87055016,1498216825.36,1.50,2.26,17092972.00
2003-08-28,17.43,87055016,1517368928.88,1.52,1.28,12929574.00
2003-08-29,17.57,87055016,1529556631.12,1.53,0.80,17842335.00
2003-09-02,17.62,87055016,1533909381.92,1.53,0.28,11958694.00
2003-09-03,17.41,87055016,1515627828.56,1.52,-1.19,14002863.00
2003-09-04,17.97,87055016,1564378637.52,1.56,3.22,20221641.00
2003-09-05,17.54,87055016,1526944980.64,1.53,-2.39,9590872.00
2003-09-08,17.50,87055016,1523462780.00,1.52,-0.23,24830750.00
2003-09-09,16.87,87055016,1468618119.92,1.47,-3.60,30767506.00
2003-09-10,16.51,87055016,1437278314.16,1.44,-2.13,31289752.00
2003-09-11,16.68,87055016,1452077666.88,1.45,1.03,24603000.00
2003-09-12,16.54,87055016,1439889964.64,1.44,-0.84,15822164.00
2003-09-15,16.67,87055016,1451207116.72,1.45,0.79,19930652.00
2003-09-16,17.28,87055016,1504310676.48,1.50,3.66,24207552.00
2003-09-17,16.90,87055016,1471229770.40,1.47,-2.20,32517290.00
2003-09-18,16.73,87055016,1456430417.68,1.46,-1.01,14128485.00
2003-09-19,16.70,87055016,1453818767.20,1.45,-0.18,14428800.00
2003-09-22,16.21,87055016,1411161809.36,1.41,-2.93,19430927.00
2003-09-23,16.41,87055016,1428572812.56,1.43,1.23,12225450.00
2003-09-24,15.93,87055016,1386786404.88,1.39,-2.93,40185018.00
2003-09-25,15.77,87055016,1372857602.32,1.37,-1.00,20865287.00
2003-09-26,15.47,87055016,1346741097.52,1.35,-1.90,19320483.00
2003-09-29,15.41,87055016,1341517796.56,1.34,-0.39,18673838.00
2003-09-30,15.49,87055016,1348482197.84,1.35,0.52,31821107.00
2003-10-01,16.04,87055016,1396362456.64,1.40,3.55,36750848.00
2003-10-02,16.22,87055016,1412032359.52,1.41,1.12,32989858.00
2003-10-03,16.45,87055016,1432055013.20,1.43,1.42,15208025.00
2003-10-06,16.50,87055016,1436407764.00,1.44,0.30,9050250.00
2003-10-07,16.57,87055016,1442501615.12,1.44,0.42,10354593.00
2003-10-08,16.25,87055016,1414644010.00,1.41,-1.93,12335375.00
2003-10-09,16.24,87055016,1413773459.84,1.41,-0.06,15116192.00
2003-10-10,16.32,87055016,1420737861.12,1.42,0.49,8445600.00
2003-10-13,16.22,87055016,1412032359.52,1.41,-0.61,10993916.00
2003-10-14,16.29,87055016,1418126210.64,1.42,0.43,10432116.00
2003-10-15,16.18,87055016,1408550158.88,1.41,-0.68,21187710.00
2003-10-16,16.12,87055016,1403326857.92,1.40,-0.37,11185668.00
2003-10-17,15.75,87055016,1371116502.00,1.37,-2.30,11472300.00
2003-10-20,15.74,87055016,1370245951.84,1.37,-0.06,12799768.00
2003-10-21,15.89,87055016,1383304204.24,1.38,0.95,16163308.00
2003-10-22,15.77,87055016,1372857602.32,1.37,-0.76,10061260.00
2003-10-23,15.80,87055016,1375469252.80,1.38,0.19,8950700.00
2003-10-24,15.88,87055016,1382433654.08,1.38,0.51,9131000.00
2003-10-27,16.04,87055016,1396362456.64,1.40,1.01,5280368.00
2003-10-28,16.24,87055016,1413773459.84,1.41,1.25,13976144.00
2003-10-29,15.86,87055016,1380692553.76,1.38,-2.34,25260222.00
2003-10-30,15.93,87055016,1386786404.88,1.39,0.44,32447817.00
2003-10-31,15.91,87055016,1385045304.56,1.39,-0.13,18544696.00
2003-11-03,16.34,87055016,1422478961.44,1.42,2.70,27376036.00
2003-11-04,16.57,87055016,1442501615.12,1.44,1.41,44550102.00
2003-11-05,17.87,87055016,1555673135.92,1.56,7.85,82916800.00
2003-11-06,18.29,87055016,1592236242.64,1.59,2.35,28929293.00
2003-11-07,18.59,87055016,1618352747.44,1.62,1.64,18396664.00
2003-11-10,18.46,87055016,1607035595.36,1.61,-0.70,20425990.00
2003-11-11,18.77,87055016,1634022650.32,1.63,1.68,23646446.00
2003-11-12,18.85,87055016,1640987051.60,1.64,0.43,20895225.00
2003-11-13,18.53,87055016,1613129446.48,1.61,-1.70,28980920.00
2003-11-14,18.43,87055016,1604423944.88,1.60,-0.54,17014576.00
2003-11-17,18.01,87055016,1567860838.16,1.57,-2.28,17554347.00
2003-11-18,17.62,87055016,1533909381.92,1.53,-2.17,20576636.00
2003-11-19,17.90,87055016,1558284786.40,1.56,1.59,22552210.00
2003-11-20,17.98,87055016,1565249187.68,1.57,0.45,15279404.00
2003-11-21,17.99,87055016,1566119737.84,1.57,0.06,13497897.00
2003-11-24,18.14,87055016,1579177990.24,1.58,0.83,11513458.00
2003-11-25,18.52,87055016,1612258896.32,1.61,2.09,19892332.00
2003-11-26,18.54,87055016,1613999996.64,1.61,0.11,7332570.00
2003-11-28,18.51,87055016,1611388346.16,1.61,-0.16,4301724.00
2003-12-01,18.51,87055016,1611388346.16,1.61,0.00,15070842.00
2003-12-02,18.51,87055016,1611388346.16,1.61,0.00,10993089.00
2003-12-03,18.61,87055016,1620093847.76,1.62,0.54,11629389.00
2003-12-04,18.68,87055016,1626187698.88,1.63,0.38,12913484.00
2003-12-05,18.59,87055016,1618352747.44,1.62,-0.48,12553827.00
2003-12-08,18.83,87055016,1639245951.28,1.64,1.29,8690045.00
2003-12-09,18.94,87055016,1648822003.04,1.65,0.58,11674616.00
2003-12-10,18.69,87055016,1627058249.04,1.63,-1.32,9027270.00
2003-12-11,19.20,87055016,1671456307.20,1.67,2.73,14568960.00
2003-12-12,19.37,87055016,1686255659.92,1.69,0.89,9074845.00
2003-12-15,19.40,87055016,1688867310.40,1.69,0.15,19349560.00
2003-12-16,19.57,87055016,1703666663.12,1.70,0.88,9450353.00
2003-12-17,19.38,87055016,1687126210.08,1.69,-0.97,15151284.00
2003-12-18,19.56,87055016,1702796112.96,1.70,0.93,8316912.00
2003-12-19,19.36,87055016,1685385109.76,1.69,-1.02,15304080.00
2003-12-22,19.38,87055016,1687126210.08,1.69,0.10,14071818.00
2003-12-23,19.55,87055016,1701925562.80,1.70,0.88,5804395.00
2003-12-24,19.45,87055016,1693220061.20,1.69,-0.51,3761630.00
2003-12-26,19.35,87055016,1684514559.60,1.68,-0.51,3246930.00
2003-12-29,19.59,87055016,1705407763.44,1.71,1.24,12081153.00
2003-12-30,19.69,87055016,1714113265.04,1.71,0.51,4672437.00
2003-12-31,19.62,87055016,1708019413.92,1.71,-0.36,4565574.00
2004-01-02,19.75,87055016,1719336566.00,1.72,0.66,14901375.00
2004-01-05,20.15,87055016,1754158572.40,1.75,2.03,9234745.00
2004-01-06,20.06,87055016,1746323620.96,1.75,-0.45,7500434.00
2004-01-07,20.15,87055016,1754158572.40,1.75,0.45,8493225.00
2004-01-08,20.38,87055016,1774181226.08,1.77,1.14,13255152.00
2004-01-09,20.26,87055016,1763734624.16,1.76,-0.59,6892452.00
2004-01-12,20.37,87055016,1773310675.92,1.77,0.54,7107093.00
2004-01-13,20.39,87055016,1775051776.24,1.78,0.10,8284457.00
2004-01-14,20.53,87055016,1787239478.48,1.79,0.69,8456307.00
2004-01-15,20.71,87055016,1802909381.36,1.80,0.88,6707969.00
2004-01-16,20.15,87055016,1754158572.40,1.75,-2.70,16146195.00
2004-01-20,19.72,87055016,1716724915.52,1.72,-2.13,32088384.00
2004-01-21,20.09,87055016,1748935271.44,1.75,1.88,20984005.00
2004-01-22,19.90,87055016,1732394818.40,1.73,-0.95,9173900.00
2004-01-23,19.91,87055016,1733265368.56,1.73,0.05,15314772.00
2004-01-26,19.85,87055016,1728042067.60,1.73,-0.30,10141365.00
2004-01-27,19.80,87055016,1723689316.80,1.72,-0.25,13454100.00
2004-01-28,19.67,87055016,1712372164.72,1.71,-0.66,13590003.00
2004-01-29,19.55,87055016,1701925562.80,1.70,-0.61,16404405.00
2004-01-30,20.21,87055016,1759381873.36,1.76,3.38,15454587.00
2004-02-02,20.36,87055016,1772440125.76,1.77,0.74,13339872.00
2004-02-03,20.22,87055016,1760252423.52,1.76,-0.69,9469026.00
2004-02-04,20.00,87055016,1741100320.00,1.74,-1.09,18682000.00
2004-02-05,19.64,87055016,1709760514.24,1.71,-1.80,18058980.00
2004-02-06,20.16,87055016,1755029122.56,1.76,2.65,15803424.00
2004-02-09,20.11,87055016,1750676371.76,1.75,-0.25,14477189.00
2004-02-10,20.26,87055016,1763734624.16,1.76,0.75,7646124.00
2004-02-11,21.23,87055016,1848177989.68,1.85,4.79,53113214.00
2004-02-12,21.21,87055016,1846436889.36,1.85,-0.09,23965179.00
2004-02-13,21.28,87055016,1852530740.48,1.85,0.33,15538656.00
2004-02-17,21.45,87055016,1867330093.20,1.87,0.80,9204195.00
2004-02-18,21.17,87055016,1842954688.72,1.84,-1.31,9846167.00
2004-02-19,21.11,87055016,1837731387.76,1.84,-0.28,8576993.00
2004-02-20,21.04,87055016,1831637536.64,1.83,-0.33,13076360.00
2004-02-23,20.83,87055016,1813355983.28,1.81,-1.00,17493034.00
2004-02-24,20.79,87055016,1809873782.64,1.81,-0.19,12848220.00
2004-02-25,20.83,87055016,1813355983.28,1.81,0.19,5799072.00
2004-02-26,21.01,87055016,1829025886.16,1.83,0.86,12129073.00
2004-02-27,20.88,87055016,1817708734.08,1.82,-0.62,17263584.00
2004-03-01,21.55,87055016,1876035594.80,1.88,3.21,23250295.00
2004-03-02,21.24,87055016,1849048539.84,1.85,-1.44,11076660.00
2004-03-03,21.17,87055016,1842954688.72,1.84,-0.33,7151226.00
2004-03-04,21.55,87055016,1876035594.80,1.88,1.79,7719210.00
2004-03-05,21.79,87055016,1896928798.64,1.90,1.11,20364934.00
2004-03-08,21.38,87055016,1861236242.08,1.86,-1.88,20541904.00
2004-03-09,21.16,87055016,1842084138.56,1.84,-1.03,10609624.00
2004-03-10,20.77,87055016,1808132682.32,1.81,-1.84,33877947.00
2004-03-11,20.76,87055016,1807262132.16,1.81,-0.05,17164368.00
2004-03-12,20.89,87055016,1818579284.24,1.82,0.63,7850462.00
2004-03-15,20.37,87055016,1773310675.92,1.77,-2.49,24006045.00
2004-03-16,20.53,87055016,1787239478.48,1.79,0.79,8895649.00
2004-03-17,20.90,87055016,1819449834.40,1.82,1.80,8834430.00
2004-03-18,20.82,87055016,1812485433.12,1.81,-0.38,8634054.00
2004-03-19,20.76,87055016,1807262132.16,1.81,-0.29,10411140.00
2004-03-22,20.35,87055016,1771569575.60,1.77,-1.97,10109880.00
2004-03-23,20.25,87055016,1762864074.00,1.76,-0.49,13178700.00
2004-03-24,20.49,87055016,1783757277.84,1.78,1.19,9060678.00
2004-03-25,20.56,87055016,1789851128.96,1.79,0.34,19819840.00
2004-03-26,20.27,87055016,1764605174.32,1.76,-1.41,11939030.00
2004-03-29,20.59,87055016,1792462779.44,1.79,1.58,14252398.00
2004-03-30,20.80,87055016,1810744332.80,1.81,1.02,9607520.00
2004-03-31,21.22,87055016,1847307439.52,1.85,2.02,14236498.00
2004-04-01,20.92,87055016,1821190934.72,1.82,-1.41,18574868.00
2004-04-02,21.77,87055016,1895187698.32,1.90,4.06,22050833.00
2004-04-05,21.74,87055016,1892576047.84,1.89,-0.14,10504768.00
2004-04-06,21.58,87055016,1878647245.28,1.88,-0.74,7857278.00
2004-04-07,21.41,87055016,1863847892.56,1.86,-0.79,9249120.00
2004-04-08,21.62,87055016,1882129445.92,1.88,0.98,15415060.00
2004-04-12,21.91,87055016,1907375400.56,1.91,1.34,9894556.00
2004-04-13,21.80,87055016,1897799348.80,1.90,-0.50,9546220.00
2004-04-14,21.95,87055016,1910857601.20,1.91,0.69,8244420.00
2004-04-15,21.82,87055016,1899540449.12,1.90,-0.59,7386070.00
2004-04-16,22.19,87055016,1931750805.04,1.93,1.70,12364268.00
2004-04-19,22.54,87055016,1962220060.64,1.96,1.58,14714112.00
2004-04-20,22.37,87055016,1947420707.92,1.95,-0.75,22629492.00
2004-04-21,22.52,87055016,1960478960.32,1.96,0.67,12079728.00
2004-04-22,22.69,87055016,1975278313.04,1.98,0.75,29052276.00
2004-04-23,22.56,87055016,1963961160.96,1.96,-0.57,10910016.00
2004-04-26,22.19,87055016,1931750805.04,1.93,-1.64,11430069.00
2004-04-27,22.10,87055016,1923915853.60,1.92,-0.41,17193800.00
2004-04-28,21.95,87055016,1910857601.20,1.91,-0.68,13437790.00
2004-04-29,21.88,87055016,1904763750.08,1.90,-0.32,25733068.00
2004-04-30,21.66,87055016,1885611646.56,1.89,-1.01,12653772.00
2004-05-03,21.80,87055016,1897799348.80,1.90,0.65,22373340.00
2004-05-04,21.94,87055016,1909987051.04,1.91,0.64,27648788.00
2004-05-05,21.83,87055016,1900410999.28,1.90,-0.50,24617691.00
2004-05-06,21.44,87055016,1866459543.04,1.87,-1.79,28238624.00
2004-05-07,21.04,87055016,1831637536.64,1.83,-1.87,22695848.00
2004-05-10,20.99,87055016,1827284785.84,1.83,-0.24,17054375.00
2004-05-11,21.25,87055016,1849919090.00,1.85,1.24,19732750.00
2004-05-12,21.28,87055016,1852530740.48,1.85,0.14,18449760.00
2004-05-13,21.36,87055016,1859495141.76,1.86,0.38,10912824.00
2004-05-14,20.93,87055016,1822061484.88,1.82,-2.01,9108736.00
2004-05-17,20.71,87055016,1802909381.36,1.80,-1.05,22381297.00
2004-05-18,20.84,87055016,1814226533.44,1.81,0.63,12981236.00
2004-05-19,20.93,87055016,1822061484.88,1.82,0.43,22470448.00
2004-05-20,20.86,87055016,1815967633.76,1.82,-0.33,19201630.00
2004-05-21,21.05,87055016,1832508086.80,1.83,0.91,16416895.00
2004-05-24,20.92,87055016,1821190934.72,1.82,-0.62,20691972.00
2004-05-25,21.04,87055016,1831637536.64,1.83,0.57,13848528.00
2004-05-26,21.07,87055016,1834249187.12,1.83,0.14,5499270.00
2004-05-27,21.14,87055016,1840343038.24,1.84,0.33,14138432.00
2004-05-28,21.49,87055016,1870812293.84,1.87,1.66,9973509.00
2004-06-01,21.55,87055016,1876035594.80,1.88,0.28,12591665.00
2004-06-02,21.53,87055016,1874294494.48,1.87,-0.09,10200914.00
2004-06-03,21.75,87055016,1893446598.00,1.89,1.02,17547900.00
2004-06-04,21.43,87055016,1865588992.88,1.87,-1.47,16333946.00
2004-06-07,22.50,87055016,1958737860.00,1.96,4.99,31185000.00
2004-06-08,22.83,87055016,1987466015.28,1.99,1.47,29128797.00
2004-06-09,22.77,87055016,1982242714.32,1.98,-0.26,19140462.00
2004-06-10,22.92,87055016,1995300966.72,2.00,0.66,13036896.00
2004-06-14,23.03,87055016,2004877018.48,2.00,0.48,15319556.00
2004-06-15,23.35,87055016,2032734623.60,2.03,1.39,21129415.00
2004-06-16,23.26,87055016,2024899672.16,2.02,-0.39,16777438.00
2004-06-17,22.84,87055016,1988336565.44,1.99,-1.81,25998772.00
2004-06-18,22.61,87055016,1968313911.76,1.97,-1.01,22044750.00
2004-06-21,22.46,87055016,1955255659.36,1.96,-0.66,10567430.00
2004-06-22,22.82,87055016,1986595465.12,1.99,1.60,18119080.00
2004-06-23,22.96,87055016,1998783167.36,2.00,0.61,13929832.00
2004-06-24,23.00,87055016,2002265368.00,2.00,0.17,6785000.00
2004-06-25,23.02,87055016,2004006468.32,2.00,0.09,22720740.00
2004-06-28,22.87,87055016,1990948215.92,1.99,-0.65,13129667.00
2004-06-29,22.69,87055016,1975278313.04,1.98,-0.79,11433491.00
2004-06-30,22.80,87055016,1984854364.80,1.98,0.48,5419560.00
2004-07-01,22.64,87055016,1970925562.24,1.97,-0.70,16644928.00
2004-07-02,22.65,87055016,1971796112.40,1.97,0.04,5789340.00
2004-07-06,22.22,87055016,1934362455.52,1.93,-1.90,9723472.00
2004-07-07,22.04,87055016,1918692552.64,1.92,-0.81,10702624.00
2004-07-08,21.99,87055016,1914339801.84,1.91,-0.23,18537570.00
2004-07-09,22.28,87055016,1939585756.48,1.94,1.32,19287796.00
2004-07-12,22.05,87055016,1919563102.80,1.92,-1.03,13188105.00
2004-07-13,21.96,87055016,1911728151.36,1.91,-0.41,9510876.00
2004-07-14,21.79,87055016,1896928798.64,1.90,-0.77,11808001.00
2004-07-15,21.61,87055016,1881258895.76,1.88,-0.83,14846070.00
2004-07-16,21.42,87055016,1864718442.72,1.86,-0.88,9112068.00
2004-07-19,21.56,87055016,1876906144.96,1.88,0.65,10346644.00
2004-07-20,21.93,87055016,1909116500.88,1.91,1.72,17269875.00
2004-07-21,21.39,87055016,1862106792.24,1.86,-2.46,10228698.00
2004-07-22,21.59,87055016,1879517795.44,1.88,0.94,14156563.00
2004-07-23,21.28,87055016,1852530740.48,1.85,-1.44,15994048.00
2004-07-26,21.21,87055016,1846436889.36,1.85,-0.33,6242103.00
2004-07-27,21.49,87055016,1870812293.84,1.87,1.32,7375368.00
2004-07-28,21.23,87055016,1848177989.68,1.85,-1.21,8767990.00
2004-07-29,21.53,87055016,1874294494.48,1.87,1.41,5537516.00
2004-07-30,21.14,87055016,1840343038.24,1.84,-1.81,15679538.00
2004-08-02,21.69,87055016,1888223297.04,1.89,2.60,18935370.00
2004-08-03,22.24,87055016,1936103555.84,1.94,2.54,39398160.00
2004-08-04,22.67,87055016,1973537212.72,1.97,1.93,21697457.00
2004-08-05,21.19,87055016,1844695789.04,1.84,-6.53,65284271.00
2004-08-06,20.58,87055016,1791592229.28,1.79,-2.88,21623406.00
2004-08-09,20.38,87055016,1774181226.08,1.77,-0.97,12166860.00
2004-08-10,21.12,87055016,1838601937.92,1.84,3.63,14040576.00
2004-08-11,21.35,87055016,1858624591.60,1.86,1.09,11926110.00
2004-08-12,21.12,87055016,1838601937.92,1.84,-1.08,8536704.00
2004-08-13,21.51,87055016,1872553394.16,1.87,1.85,19122390.00
2004-08-16,22.26,87055016,1937844656.16,1.94,3.49,14099484.00
2004-08-17,21.94,87055016,1909987051.04,1.91,-1.44,7604404.00
2004-08-18,22.41,87055016,1950902908.56,1.95,2.14,10366866.00
2004-08-19,22.48,87055016,1956996759.68,1.96,0.31,12276328.00
2004-08-20,22.89,87055016,1992689316.24,1.99,1.82,7702485.00
2004-08-23,22.71,87055016,1977019413.36,1.98,-0.79,21547248.00
2004-08-24,22.57,87055016,1964831711.12,1.96,-0.62,20834367.00
2004-08-25,22.59,87055016,1966572811.44,1.97,0.09,9300303.00
2004-08-26,22.51,87055016,1959608410.16,1.96,-0.35,9247108.00
2004-08-27,22.61,87055016,1968313911.76,1.97,0.44,12189051.00
2004-08-30,22.56,87055016,1963961160.96,1.96,-0.22,4345056.00
2004-08-31,22.97,87055016,1999653717.52,2.00,1.82,27885580.00
2004-09-01,22.61,87055016,1968313911.76,1.97,-1.57,13550173.00
2004-09-02,22.87,87055016,1990948215.92,1.99,1.15,8997058.00
2004-09-03,22.77,87055016,1982242714.32,1.98,-0.44,9859410.00
2004-09-07,22.76,87055016,1981372164.16,1.98,-0.04,7581356.00
2004-09-08,22.56,87055016,1963961160.96,1.96,-0.88,8417136.00
2004-09-09,22.37,87055016,1947420707.92,1.95,-0.84,22166433.00
2004-09-10,22.40,87055016,1950032358.40,1.95,0.13,8635200.00
2004-09-13,22.32,87055016,1943067957.12,1.94,-0.36,8465976.00
2004-09-14,22.50,87055016,1958737860.00,1.96,0.81,12687750.00
2004-09-15,22.11,87055016,1924786403.76,1.92,-1.73,13467201.00
2004-09-16,22.05,87055016,1919563102.80,1.92,-0.27,7737345.00
2004-09-17,22.09,87055016,1923045303.44,1.92,0.18,11955108.00
2004-09-20,21.79,87055016,1896928798.64,1.90,-1.36,9254213.00
2004-09-21,21.83,87055016,1900410999.28,1.90,0.18,6741104.00
2004-09-22,21.61,87055016,1881258895.76,1.88,-1.01,11031905.00
2004-09-23,21.93,87055016,1909116500.88,1.91,1.48,15554949.00
2004-09-24,21.90,87055016,1906504850.40,1.91,-0.14,6703590.00
2004-09-27,21.78,87055016,1896058248.48,1.90,-0.55,7906140.00
2004-09-28,21.96,87055016,1911728151.36,1.91,0.83,11941848.00
2004-09-29,21.95,87055016,1910857601.20,1.91,-0.05,8393680.00
2004-09-30,21.88,87055016,1904763750.08,1.90,-0.32,10723388.00
2004-10-01,22.07,87055016,1921304203.12,1.92,0.87,13041163.00
2004-10-04,22.18,87055016,1930880254.88,1.93,0.50,9992090.00
2004-10-05,22.08,87055016,1922174753.28,1.92,-0.45,21713472.00
2004-10-06,22.38,87055016,1948291258.08,1.95,1.36,7631580.00
2004-10-07,22.06,87055016,1920433652.96,1.92,-1.43,7233474.00
2004-10-08,21.75,87055016,1893446598.00,1.89,-1.41,5591925.00
2004-10-11,21.91,87055016,1907375400.56,1.91,0.74,5909127.00
2004-10-12,21.82,87055016,1899540449.12,1.90,-0.41,9386964.00
2004-10-13,21.73,87055016,1891705497.68,1.89,-0.41,5658492.00
2004-10-14,21.42,87055016,1864718442.72,1.86,-1.43,10615752.00
2004-10-15,21.45,87055016,1867330093.20,1.87,0.14,7091370.00
2004-10-18,21.41,87055016,1863847892.56,1.86,-0.19,7223734.00
2004-10-19,21.24,87055016,1849048539.84,1.85,-0.79,10985328.00
2004-10-20,21.08,87055016,1835119737.28,1.84,-0.75,18921408.00
2004-10-21,21.21,87055016,1846436889.36,1.85,0.62,6799926.00
2004-10-22,21.14,87055016,1840343038.24,1.84,-0.33,5240606.00
2004-10-25,21.02,87055016,1829896436.32,1.83,-0.57,12298802.00
2004-10-26,21.06,87055016,1833378636.96,1.83,0.19,15535962.00
2004-10-27,21.61,87055016,1881258895.76,1.88,2.61,16468981.00
2004-10-28,21.74,87055016,1892576047.84,1.89,0.60,13926644.00
2004-10-29,21.78,87055016,1896058248.48,1.90,0.18,22729608.00
2004-11-01,21.69,87055016,1888223297.04,1.89,-0.41,8754084.00
2004-11-02,22.00,87055016,1915210352.00,1.92,1.43,11330000.00
2004-11-03,22.31,87055016,1942197406.96,1.94,1.41,16797199.00
2004-11-04,22.31,87055016,1942197406.96,1.94,0.00,11195158.00
2004-11-05,22.36,87055016,1946550157.76,1.95,0.22,6589492.00
2004-11-08,22.25,87055016,1936974106.00,1.94,-0.49,13966325.00
2004-11-09,21.65,87055016,1884741096.40,1.88,-2.70,42185025.00
2004-11-10,21.51,87055016,1872553394.16,1.87,-0.65,14200902.00
2004-11-11,21.22,87055016,1847307439.52,1.85,-1.35,22503810.00
2004-11-12,21.21,87055016,1846436889.36,1.85,-0.05,25687431.00
2004-11-15,21.55,87055016,1876035594.80,1.88,1.60,34115805.00
2004-11-16,21.03,87055016,1830766986.48,1.83,-2.41,15379239.00
2004-11-17,20.98,87055016,1826414235.68,1.83,-0.24,17023172.00
2004-11-18,20.92,87055016,1821190934.72,1.82,-0.29,20145960.00
2004-11-19,20.96,87055016,1824673135.36,1.82,0.19,14613312.00
2004-11-22,21.00,87055016,1828155336.00,1.83,0.19,12072900.00
2004-11-23,21.13,87055016,1839472488.08,1.84,0.62,7359579.00
2004-11-24,21.12,87055016,1838601937.92,1.84,-0.05,7174464.00
2004-11-26,21.06,87055016,1833378636.96,1.83,-0.28,1724814.00
2004-11-29,20.86,87055016,1815967633.76,1.82,-0.95,13738396.00
2004-11-30,20.74,87055016,1805521031.84,1.81,-0.58,16542224.00
2004-12-01,21.48,87055016,1869941743.68,1.87,3.57,16831728.00
2004-12-02,21.59,87055016,1879517795.44,1.88,0.51,6464046.00
2004-12-03,21.19,87055016,1844695789.04,1.84,-1.85,8378526.00
2004-12-06,20.90,87055016,1819449834.40,1.82,-1.37,16682380.00
2004-12-07,21.21,87055016,1846436889.36,1.85,1.48,29831865.00
2004-12-08,21.45,87055016,1867330093.20,1.87,1.13,8835255.00
2004-12-09,21.99,87055016,1914339801.84,1.91,2.52,20716779.00
2004-12-10,22.66,87055016,1972666662.56,1.97,3.05,52917898.00
2004-12-13,22.21,87055016,1933491905.36,1.93,-1.99,18894047.00
2004-12-14,22.32,87055016,1943067957.12,1.94,0.50,20085768.00
2004-12-15,22.48,87055016,1956996759.68,1.96,0.72,12892280.00
2004-12-16,22.31,87055016,1942197406.96,1.94,-0.76,8540268.00
2004-12-17,22.19,87055016,1931750805.04,1.93,-0.54,14882833.00
2004-12-20,22.18,87055016,1930880254.88,1.93,-0.05,9537400.00
2004-12-21,22.13,87055016,1926527504.08,1.93,-0.23,13474957.00
2004-12-22,22.28,87055016,1939585756.48,1.94,0.68,14328268.00
2004-12-23,22.27,87055016,1938715206.32,1.94,-0.04,5442788.00
2004-12-27,22.13,87055016,1926527504.08,1.93,-0.63,5452832.00
2004-12-28,22.30,87055016,1941326856.80,1.94,0.77,7495030.00
2004-12-29,22.46,87055016,1955255659.36,1.96,0.72,8126028.00
2004-12-30,22.54,87055016,1962220060.64,1.96,0.36,4706352.00
2004-12-31,22.50,87055016,1958737860.00,1.96,-0.18,3429000.00
2005-01-03,22.41,87055016,1950902908.56,1.95,-0.40,11949012.00
2005-01-04,22.30,87055016,1941326856.80,1.94,-0.49,16332520.00
2005-01-05,21.96,87055016,1911728151.36,1.91,-1.52,16584192.00
2005-01-06,21.93,87055016,1909116500.88,1.91,-0.14,9309285.00
2005-01-07,21.71,87055016,1889964397.36,1.89,-1.00,14777997.00
2005-01-10,21.99,87055016,1914339801.84,1.91,1.29,12301206.00
2005-01-11,22.16,87055016,1929139154.56,1.93,0.77,13575216.00
2005-01-12,22.08,87055016,1922174753.28,1.92,-0.36,14296800.00
2005-01-13,21.90,87055016,1906504850.40,1.91,-0.82,11160240.00
2005-01-14,22.33,87055016,1943938507.28,1.94,1.96,10845681.00
2005-01-18,22.87,87055016,1990948215.92,1.99,2.42,13802045.00
2005-01-19,22.89,87055016,1992689316.24,1.99,0.09,22496292.00
2005-01-20,22.65,87055016,1971796112.40,1.97,-1.05,11093970.00
2005-01-21,22.48,87055016,1956996759.68,1.96,-0.75,8816656.00
2005-01-24,22.41,87055016,1950902908.56,1.95,-0.31,10109151.00
2005-01-25,22.39,87055016,1949161808.24,1.95,-0.09,9681436.00
2005-01-26,22.30,87055016,1941326856.80,1.94,-0.40,13779170.00
2005-01-27,22.32,87055016,1943067957.12,1.94,0.09,10907784.00
2005-01-28,22.51,87055016,1959608410.16,1.96,0.85,15178493.00
2005-01-31,22.60,87055016,1967443361.60,1.97,0.40,9887500.00
2005-02-01,22.52,87055016,1960478960.32,1.96,-0.35,16808928.00
2005-02-02,22.08,87055016,1922174753.28,1.92,-1.95,21865824.00
2005-02-03,22.15,87055016,1928268604.40,1.93,0.32,8095825.00
2005-02-04,22.09,87055016,1923045303.44,1.92,-0.27,9721809.00
2005-02-07,22.21,87055016,1933491905.36,1.93,0.54,8739635.00
2005-02-08,22.09,87055016,1923045303.44,1.92,-0.54,10061995.00
2005-02-09,21.74,87055016,1892576047.84,1.89,-1.58,6150246.00
2005-02-10,21.53,87055016,1874294494.48,1.87,-0.97,12347455.00
2005-02-11,21.71,87055016,1889964397.36,1.89,0.84,7622381.00
2005-02-14,21.54,87055016,1875165044.64,1.88,-0.78,4771110.00
2005-02-15,21.55,87055016,1876035594.80,1.88,0.05,9831110.00
2005-02-16,21.91,87055016,1907375400.56,1.91,1.67,10939663.00
2005-02-17,21.81,87055016,1898669898.96,1.90,-0.46,14106708.00
2005-02-18,21.77,87055016,1895187698.32,1.90,-0.18,6030290.00
2005-02-22,21.20,87055016,1845566339.20,1.85,-2.62,14297280.00
2005-02-23,20.19,87055016,1757640773.04,1.76,-4.76,74412264.00
2005-02-24,20.74,87055016,1805521031.84,1.81,2.72,52476348.00
2005-02-25,20.90,87055016,1819449834.40,1.82,0.77,15188030.00
2005-02-28,20.66,87055016,1798556630.56,1.80,-1.15,11978668.00
2005-03-01,20.59,87055016,1792462779.44,1.79,-0.34,17464438.00
2005-03-02,20.40,87055016,1775922326.40,1.78,-0.92,12254280.00
2005-03-03,20.56,87055016,1789851128.96,1.79,0.78,16742008.00
2005-03-04,20.72,87055016,1803779931.52,1.80,0.78,11605272.00
2005-03-07,20.58,87055016,1791592229.28,1.79,-0.68,22491882.00
2005-03-08,20.43,87055016,1778533976.88,1.78,-0.73,6895125.00
2005-03-09,20.48,87055016,1782886727.68,1.78,0.24,15185920.00
2005-03-10,20.84,87055016,1814226533.44,1.81,1.76,15148596.00
2005-03-11,21.02,87055016,1829896436.32,1.83,0.86,16116034.00
2005-03-14,21.17,87055016,1842954688.72,1.84,0.71,9136972.00
2005-03-15,20.94,87055016,1822932035.04,1.82,-1.09,8734074.00
2005-03-16,20.66,87055016,1798556630.56,1.80,-1.34,7885922.00
2005-03-17,20.59,87055016,1792462779.44,1.79,-0.34,13743825.00
2005-03-18,20.58,87055016,1791592229.28,1.79,-0.05,10781862.00
2005-03-21,20.51,87055016,1785498378.16,1.79,-0.34,6321182.00
2005-03-22,20.21,87055016,1759381873.36,1.76,-1.46,13108206.00
2005-03-23,20.05,87055016,1745453070.80,1.75,-0.79,16031980.00
2005-03-24,20.11,87055016,1750676371.76,1.75,0.30,8253144.00
2005-03-28,20.08,87055016,1748064721.28,1.75,-0.15,5457744.00
2005-03-29,20.42,87055016,1777663426.72,1.78,1.69,12688988.00
2005-03-30,20.62,87055016,1795074429.92,1.80,0.98,11466782.00
2005-03-31,21.19,87055016,1844695789.04,1.84,2.76,22268571.00
2005-04-01,21.30,87055016,1854271840.80,1.85,0.52,17855790.00
2005-04-04,21.06,87055016,1833378636.96,1.83,-1.13,13027716.00
2005-04-05,21.19,87055016,1844695789.04,1.84,0.62,8217482.00
2005-04-06,21.06,87055016,1833378636.96,1.83,-0.61,9809748.00
2005-04-07,21.39,87055016,1862106792.24,1.86,1.57,5942142.00
2005-04-08,21.34,87055016,1857754041.44,1.86,-0.23,9760916.00
2005-04-11,21.37,87055016,1860365691.92,1.86,0.14,8026572.00
2005-04-12,21.43,87055016,1865588992.88,1.87,0.28,10532845.00
2005-04-13,20.95,87055016,1823802585.20,1.82,-2.24,8824140.00
2005-04-14,20.67,87055016,1799427180.72,1.80,-1.34,14051466.00
2005-04-15,20.49,87055016,1783757277.84,1.78,-0.87,8320989.00
2005-04-18,20.29,87055016,1766346274.64,1.77,-0.98,18496364.00
2005-04-19,20.47,87055016,1782016177.52,1.78,0.89,19254082.00
2005-04-20,19.88,87055016,1730653718.08,1.73,-2.88,11419072.00
2005-04-21,20.14,87055016,1753288022.24,1.75,1.31,11987328.00
2005-04-22,19.91,87055016,1733265368.56,1.73,-1.14,7139726.00
2005-04-25,20.11,87055016,1750676371.76,1.75,1.00,9616602.00
2005-04-26,19.93,87055016,1735006468.88,1.74,-0.90,5811588.00
2005-04-27,20.17,87055016,1755899672.72,1.76,1.20,17237282.00
2005-04-28,19.38,87055016,1687126210.08,1.69,-3.92,28593252.00
2005-04-29,19.66,87055016,1711501614.56,1.71,1.44,13451372.00
2005-05-02,19.88,87055016,1730653718.08,1.73,1.12,9212392.00
2005-05-03,19.74,87055016,1718466015.84,1.72,-0.70,17418576.00
2005-05-04,20.53,87055016,1787239478.48,1.79,4.00,39778928.00
2005-05-05,20.33,87055016,1769828475.28,1.77,-0.97,25770308.00
2005-05-06,20.49,87055016,1783757277.84,1.78,0.79,13117698.00
2005-05-09,20.67,87055016,1799427180.72,1.80,0.88,9768642.00
2005-05-10,20.30,87055016,1767216824.80,1.77,-1.79,13231540.00
2005-05-11,20.61,87055016,1794203879.76,1.79,1.53,9348696.00
2005-05-12,20.69,87055016,1801168281.04,1.80,0.39,12269170.00
2005-05-13,20.69,87055016,1801168281.04,1.80,0.00,13812644.00
2005-05-16,21.06,87055016,1833378636.96,1.83,1.79,11302902.00
2005-05-17,20.87,87055016,1816838183.92,1.82,-0.90,18106812.00
2005-05-18,20.83,87055016,1813355983.28,1.81,-0.19,22940079.00
2005-05-19,21.05,87055016,1832508086.80,1.83,1.06,18997625.00
2005-05-20,21.12,87055016,1838601937.92,1.84,0.33,8095296.00
2005-05-23,21.22,87055016,1847307439.52,1.85,0.47,9523536.00
2005-05-24,21.40,87055016,1862977342.40,1.86,0.85,11401920.00
2005-05-25,21.37,87055016,1860365691.92,1.86,-0.14,9618637.00
2005-05-26,21.38,87055016,1861236242.08,1.86,0.05,9238298.00
2005-05-27,21.57,87055016,1877776695.12,1.88,0.89,9421776.00
2005-05-31,21.98,87055016,1913469251.68,1.91,1.90,48285664.00
2005-06-01,21.88,87055016,1904763750.08,1.90,-0.45,18840868.00
2005-06-02,22.19,87055016,1931750805.04,1.93,1.42,19857831.00
2005-06-03,22.16,87055016,1929139154.56,1.93,-0.14,16520280.00
2005-06-06,22.22,87055016,1934362455.52,1.93,0.27,9303514.00
2005-06-07,22.06,87055016,1920433652.96,1.92,-0.72,11038824.00
2005-06-08,22.12,87055016,1925656953.92,1.93,0.27,9945152.00
2005-06-09,21.98,87055016,1913469251.68,1.91,-0.63,8987622.00
2005-06-10,21.80,87055016,1897799348.80,1.90,-0.82,7161300.00
2005-06-13,22.15,87055016,1928268604.40,1.93,1.61,11349660.00
2005-06-14,22.45,87055016,1954385109.20,1.95,1.35,12520365.00
2005-06-15,22.50,87055016,1958737860.00,1.96,0.22,11560500.00
2005-06-16,22.63,87055016,1970055012.08,1.97,0.58,21636543.00
2005-06-17,22.58,87055016,1965702261.28,1.97,-0.22,14340558.00
2005-06-20,22.50,87055016,1958737860.00,1.96,-0.35,6970500.00
2005-06-21,22.34,87055016,1944809057.44,1.94,-0.71,7354328.00
2005-06-22,22.28,87055016,1939585756.48,1.94,-0.27,10877096.00
2005-06-23,22.02,87055016,1916951452.32,1.92,-1.17,9369510.00
2005-06-24,21.89,87055016,1905634300.24,1.91,-0.59,5354294.00
2005-06-27,21.74,87055016,1892576047.84,1.89,-0.69,17857236.00
2005-06-28,22.42,87055016,1951773458.72,1.95,3.13,25435490.00
2005-06-29,22.52,87055016,1960478960.32,1.96,0.45,10152016.00
2005-06-30,22.49,87055016,1957867309.84,1.96,-0.13,10941385.00
2005-07-01,22.33,87055016,1943938507.28,1.94,-0.71,8154916.00
2005-07-05,22.36,87055016,1946550157.76,1.95,0.13,10202868.00
2005-07-06,22.18,87055016,1930880254.88,1.93,-0.81,11664462.00
2005-07-07,22.64,87055016,1970925562.24,1.97,2.07,25306992.00
2005-07-08,22.88,87055016,1991818766.08,1.99,1.06,19617312.00
2005-07-11,22.84,87055016,1988336565.44,1.99,-0.17,11837972.00
2005-07-12,22.90,87055016,1993559866.40,1.99,0.26,11024060.00
2005-07-13,22.84,87055016,1988336565.44,1.99,-0.26,6580204.00
2005-07-14,22.71,87055016,1977019413.36,1.98,-0.57,21358755.00
2005-07-15,22.89,87055016,1992689316.24,1.99,0.79,20807010.00
2005-07-18,22.75,87055016,1980501614.00,1.98,-0.61,12548900.00
2005-07-19,22.91,87055016,1994430416.56,1.99,0.70,9851300.00
2005-07-20,23.09,87055016,2010100319.44,2.01,0.79,18910710.00
2005-07-21,23.04,87055016,2005747568.64,2.01,-0.22,9234432.00
2005-07-22,23.12,87055016,2012711969.92,2.01,0.35,8695432.00
2005-07-25,23.13,87055016,2013582520.08,2.01,0.04,7864200.00
2005-07-26,23.18,87055016,2017935270.88,2.02,0.22,7174210.00
2005-07-27,23.27,87055016,2025770222.32,2.03,0.39,5736055.00
2005-07-28,23.14,87055016,2014453070.24,2.01,-0.56,14057550.00
2005-07-29,23.14,87055016,2014453070.24,2.01,0.00,8251724.00
2005-08-01,23.16,87055016,2016194170.56,2.02,0.09,9333480.00
2005-08-02,23.15,87055016,2015323620.40,2.02,-0.04,25622420.00
2005-08-03,23.28,87055016,2026640772.48,2.03,0.56,9535488.00
2005-08-04,23.22,87055016,2021417471.52,2.02,-0.26,5879304.00
2005-08-05,23.11,87055016,2011841419.76,2.01,-0.47,11212972.00
2005-08-08,21.74,87055016,1892576047.84,1.89,-5.93,154345304.00
2005-08-09,22.48,87055016,1956996759.68,1.96,3.40,79765784.00
2005-08-10,22.40,87055016,1950032358.40,1.95,-0.36,36702400.00
2005-08-11,22.51,87055016,1959608410.16,1.96,0.49,17697362.00
2005-08-12,22.60,87055016,1967443361.60,1.97,0.40,12870700.00
2005-08-15,22.80,87055016,1984854364.80,1.98,0.88,13276440.00
2005-08-16,22.70,87055016,1976148863.20,1.98,-0.44,12988940.00
2005-08-17,22.61,87055016,1968313911.76,1.97,-0.40,7895412.00
2005-08-18,21.91,87055016,1907375400.56,1.91,-3.10,59104416.00
2005-08-19,21.67,87055016,1886482196.72,1.89,-1.10,24640957.00
2005-08-22,21.82,87055016,1899540449.12,1.90,0.69,15640576.00
2005-08-23,21.75,87055016,1893446598.00,1.89,-0.32,10007175.00
2005-08-24,21.40,87055016,1862977342.40,1.86,-1.61,30193260.00
2005-08-25,21.47,87055016,1869071193.52,1.87,0.33,12003877.00
2005-08-26,21.32,87055016,1856012941.12,1.86,-0.70,8265764.00
2005-08-29,21.51,87055016,1872553394.16,1.87,0.89,14560119.00
2005-08-30,21.16,87055016,1842084138.56,1.84,-1.63,11693016.00
2005-08-31,21.14,87055016,1840343038.24,1.84,-0.09,42804272.00
2005-09-01,21.17,87055016,1842954688.72,1.84,0.14,24470403.00
2005-09-02,21.12,87055016,1838601937.92,1.84,-0.24,16011072.00
2005-09-06,21.46,87055016,1868200643.36,1.87,1.61,14315966.00
2005-09-07,21.26,87055016,1850789640.16,1.85,-0.93,12403084.00
2005-09-08,20.85,87055016,1815097083.60,1.82,-1.93,23379105.00
2005-09-09,21.50,87055016,1871682844.00,1.87,3.12,26417050.00
2005-09-12,21.52,87055016,1873423944.32,1.87,0.09,18735312.00
2005-09-13,21.48,87055016,1869941743.68,1.87,-0.19,16417164.00
2005-09-14,21.29,87055016,1853401290.64,1.85,-0.88,10994156.00
2005-09-15,21.56,87055016,1876906144.96,1.88,1.27,14427952.00
2005-09-16,22.52,87055016,1960478960.32,1.96,4.45,33883592.00
2005-09-19,22.54,87055016,1962220060.64,1.96,0.09,35146622.00
2005-09-20,23.09,87055016,2010100319.44,2.01,2.44,55683844.00
2005-09-21,22.75,87055016,1980501614.00,1.98,-1.47,22943375.00
2005-09-22,22.79,87055016,1983983814.64,1.98,0.18,21691522.00
2005-09-23,22.90,87055016,1993559866.40,1.99,0.48,6434900.00
2005-09-26,23.09,87055016,2010100319.44,2.01,0.83,15782015.00
2005-09-27,23.40,87055016,2037087374.40,2.04,1.34,27988740.00
2005-09-28,23.35,87055016,2032734623.60,2.03,-0.21,42116395.00
2005-09-29,23.60,87055016,2054498377.60,2.05,1.07,15889880.00
2005-09-30,23.85,87055016,2076262131.60,2.08,1.06,50571540.00
2005-10-03,23.56,87055016,2051016176.96,2.05,-1.22,29197908.00
2005-10-04,23.29,87055016,2027511322.64,2.03,-1.15,18615697.00
2005-10-05,22.95,87055016,1997912617.20,2.00,-1.46,12510045.00
2005-10-06,22.95,87055016,1997912617.20,2.00,0.00,12253005.00
2005-10-07,23.08,87055016,2009229769.28,2.01,0.57,8689620.00
2005-10-10,23.20,87055016,2019676371.20,2.02,0.52,7867120.00
2005-10-11,22.92,87055016,1995300966.72,2.00,-1.21,18446016.00
2005-10-12,23.02,87055016,2004006468.32,2.00,0.44,17366288.00
2005-10-13,22.79,87055016,1983983814.64,1.98,-1.00,16844089.00
2005-10-14,22.69,87055016,1975278313.04,1.98,-0.44,15694673.00
2005-10-17,23.00,87055016,2002265368.00,2.00,1.37,16491000.00
2005-10-18,23.01,87055016,2003135918.16,2.00,0.04,11297910.00
2005-10-19,23.18,87055016,2017935270.88,2.02,0.74,20773916.00
2005-10-20,23.12,87055016,2012711969.92,2.01,-0.26,28652616.00
2005-10-21,23.45,87055016,2041440125.20,2.04,1.43,14539000.00
2005-10-24,23.33,87055016,2030993523.28,2.03,-0.51,26486549.00
2005-10-25,23.63,87055016,2057110028.08,2.06,1.29,19636530.00
2005-10-26,23.56,87055016,2051016176.96,2.05,-0.30,12736536.00
2005-10-27,23.16,87055016,2016194170.56,2.02,-1.70,17986056.00
2005-10-28,23.21,87055016,2020546921.36,2.02,0.22,27780049.00
2005-10-31,23.46,87055016,2042310675.36,2.04,1.08,13367508.00
2005-11-01,23.64,87055016,2057980578.24,2.06,0.77,20666088.00
2005-11-02,24.15,87055016,2102378636.40,2.10,2.16,25260900.00
2005-11-03,24.35,87055016,2119789639.60,2.12,0.83,20831425.00
2005-11-04,24.27,87055016,2112825238.32,2.11,-0.33,21952215.00
2005-11-07,23.96,87055016,2085838183.36,2.09,-1.28,27920588.00
2005-11-08,23.60,87055016,2054498377.60,2.05,-1.50,45078360.00
2005-11-09,23.46,87055016,2042310675.36,2.04,-0.59,27793062.00
2005-11-10,23.91,87055016,2081485432.56,2.08,1.92,27716472.00
2005-11-11,23.79,87055016,2071038830.64,2.07,-0.50,19636266.00
2005-11-14,23.80,87055016,2071909380.80,2.07,0.04,8963080.00
2005-11-15,23.86,87055016,2077132681.76,2.08,0.25,22690860.00
2005-11-16,23.51,87055016,2046663426.16,2.05,-1.47,23103277.00
2005-11-17,23.83,87055016,2074521031.28,2.07,1.36,23858596.00
2005-11-18,24.29,87055016,2114566338.64,2.11,1.93,33150992.00
2005-11-21,24.08,87055016,2096284785.28,2.10,-0.86,16586304.00
2005-11-22,24.08,87055016,2096284785.28,2.10,0.00,15228192.00
2005-11-23,24.19,87055016,2105860837.04,2.11,0.46,14917973.00
2005-11-25,24.25,87055016,2111084138.00,2.11,0.25,4682675.00
2005-11-28,24.11,87055016,2098896435.76,2.10,-0.58,10596345.00
2005-11-29,24.21,87055016,2107601937.36,2.11,0.41,20624499.00
2005-11-30,24.37,87055016,2121530739.92,2.12,0.66,16193865.00
2005-12-01,24.84,87055016,2162446597.44,2.16,1.93,27490428.00
2005-12-02,24.73,87055016,2152870545.68,2.15,-0.44,10742712.00
2005-12-05,24.96,87055016,2172893199.36,2.17,0.93,25274496.00
2005-12-06,24.68,87055016,2148517794.88,2.15,-1.12,23364556.00
2005-12-07,25.08,87055016,2183339801.28,2.18,1.62,38931684.00
2005-12-08,24.87,87055016,2165058247.92,2.17,-0.84,20234232.00
2005-12-09,24.89,87055016,2166799348.24,2.17,0.08,12056716.00
2005-12-12,24.79,87055016,2158093846.64,2.16,-0.40,6299139.00
2005-12-13,25.16,87055016,2190304202.56,2.19,1.49,12346012.00
2005-12-14,25.11,87055016,2185951451.76,2.19,-0.20,18383031.00
2005-12-15,24.94,87055016,2171152099.04,2.17,-0.68,9487176.00
2005-12-16,24.87,87055016,2165058247.92,2.17,-0.28,20883339.00
2005-12-19,24.68,87055016,2148517794.88,2.15,-0.76,7186816.00
2005-12-20,24.90,87055016,2167669898.40,2.17,0.89,9795660.00
2005-12-21,24.73,87055016,2152870545.68,2.15,-0.68,9696633.00
2005-12-22,24.79,87055016,2158093846.64,2.16,0.24,8683937.00
2005-12-23,24.80,87055016,2158964396.80,2.16,0.04,4632640.00
2005-12-27,24.24,87055016,2110213587.84,2.11,-2.26,15009408.00
2005-12-28,24.44,87055016,2127624591.04,2.13,0.83,5863156.00
2005-12-29,24.35,87055016,2119789639.60,2.12,-0.37,4139500.00
2005-12-30,24.26,87055016,2111954688.16,2.11,-0.37,5788436.00
2006-01-03,24.30,87055016,2115436888.80,2.12,0.16,22880880.00
2006-01-04,24.34,87055016,2118919089.44,2.12,0.16,13418642.00
2006-01-05,24.42,87055016,2125883490.72,2.13,0.33,9548220.00
2006-01-06,24.56,87055016,2138071192.96,2.14,0.57,9789616.00
2006-01-09,24.64,87055016,2145035594.24,2.15,0.33,16392992.00
2006-01-10,24.63,87055016,2144165044.08,2.14,-0.04,14108064.00
2006-01-11,24.66,87055016,2146776694.56,2.15,0.12,10574208.00
2006-01-12,24.45,87055016,2128495141.20,2.13,-0.85,16471965.00
2006-01-13,24.49,87055016,2131977341.84,2.13,0.16,23924281.00
2006-01-17,24.46,87055016,2129365691.36,2.13,-0.12,7812524.00
2006-01-18,24.29,87055016,2114566338.64,2.11,-0.70,10413123.00
2006-01-19,24.45,87055016,2128495141.20,2.13,0.66,9794670.00
2006-01-20,24.40,87055016,2124142390.40,2.12,-0.20,14823000.00
2006-01-23,24.28,87055016,2113695788.48,2.11,-0.49,9102572.00
2006-01-24,24.11,87055016,2098896435.76,2.10,-0.70,29296061.00
2006-01-25,23.78,87055016,2070168280.48,2.07,-1.37,23468482.00
2006-01-26,23.84,87055016,2075391581.44,2.08,0.25,21780224.00
2006-01-27,23.93,87055016,2083226532.88,2.08,0.38,28704035.00
2006-01-30,23.92,87055016,2082355982.72,2.08,-0.04,17829968.00
2006-01-31,24.15,87055016,2102378636.40,2.10,0.96,23420670.00
2006-02-01,24.52,87055016,2134588992.32,2.13,1.53,13920004.00
2006-02-02,24.50,87055016,2132847892.00,2.13,-0.08,15172850.00
2006-02-03,24.60,87055016,2141553393.60,2.14,0.41,9352920.00
2006-02-06,24.79,87055016,2158093846.64,2.16,0.77,9373099.00
2006-02-07,24.62,87055016,2143294493.92,2.14,-0.69,9641192.00
2006-02-08,24.56,87055016,2138071192.96,2.14,-0.24,8920192.00
2006-02-09,24.66,87055016,2146776694.56,2.15,0.41,11928042.00
2006-02-10,24.75,87055016,2154611646.00,2.15,0.36,10365300.00
2006-02-13,24.90,87055016,2167669898.40,2.17,0.61,5973510.00
2006-02-14,24.93,87055016,2170281548.88,2.17,0.12,14987916.00
2006-02-15,25.03,87055016,2178987050.48,2.18,0.40,13781518.00
2006-02-16,25.53,87055016,2222514558.48,2.22,2.00,44575380.00
2006-02-17,25.49,87055016,2219032357.84,2.22,-0.16,31676423.00
2006-02-21,25.71,87055016,2238184461.36,2.24,0.86,39002070.00
2006-02-22,26.03,87055016,2266042066.48,2.27,1.24,25100729.00
2006-02-23,26.00,87055016,2263430416.00,2.26,-0.12,20261800.00
2006-02-24,26.22,87055016,2282582519.52,2.28,0.85,19969152.00
2006-02-27,26.77,87055016,2330462778.32,2.33,2.10,24192049.00
2006-02-28,26.83,87055016,2335686079.28,2.34,0.22,32456251.00
2006-03-01,27.01,87055016,2351355982.16,2.35,0.67,43491502.00
2006-03-02,27.06,87055016,2355708732.96,2.36,0.19,20979618.00
2006-03-03,27.23,87055016,2370508085.68,2.37,0.63,30780792.00
2006-03-06,27.09,87055016,2358320383.44,2.36,-0.51,17947125.00
2006-03-07,27.10,87055016,2359190933.60,2.36,0.04,19078400.00
2006-03-08,26.80,87055016,2333074428.80,2.33,-1.11,13673360.00
2006-03-09,26.61,87055016,2316533975.76,2.32,-0.71,14531721.00
2006-03-10,26.77,87055016,2330462778.32,2.33,0.60,9586337.00
2006-03-13,26.81,87055016,2333944978.96,2.33,0.15,7404922.00
2006-03-14,27.55,87055016,2398365690.80,2.40,2.76,34296995.00
2006-03-15,27.63,87055016,2405330092.08,2.41,0.29,25720767.00
2006-03-16,27.69,87055016,2410553393.04,2.41,0.22,20435220.00
2006-03-17,28.40,87055016,2472362454.40,2.47,2.56,41699720.00
2006-03-20,27.82,87055016,2421870545.12,2.42,-2.04,30624256.00
2006-03-21,27.88,87055016,2427093846.08,2.43,0.22,44030884.00
2006-03-22,27.41,87055016,2386177988.56,2.39,-1.69,27914344.00
2006-03-23,27.87,87055016,2426223295.92,2.43,1.68,20687901.00
2006-03-24,27.84,87055016,2423611645.44,2.42,-0.11,13566432.00
2006-03-27,27.34,87055016,2380084137.44,2.38,-1.80,13984410.00
2006-03-28,27.01,87055016,2351355982.16,2.35,-1.21,18539664.00
2006-03-29,27.10,87055016,2359190933.60,2.36,0.33,20349390.00
2006-03-30,27.55,87055016,2398365690.80,2.40,1.66,41275410.00
2006-03-31,27.67,87055016,2408812292.72,2.41,0.44,17285449.00
2006-04-03,27.58,87055016,2400977341.28,2.40,-0.33,19454932.00
2006-04-04,27.73,87055016,2414035593.68,2.41,0.54,11921127.00
2006-04-05,27.75,87055016,2415776694.00,2.42,0.07,12765000.00
2006-04-06,27.81,87055016,2420999994.96,2.42,0.22,11226897.00
2006-04-07,27.87,87055016,2426223295.92,2.43,0.22,18210258.00
2006-04-10,28.06,87055016,2442763748.96,2.44,0.68,11193134.00
2006-04-11,27.54,87055016,2397495140.64,2.40,-1.85,17898246.00
2006-04-12,27.64,87055016,2406200642.24,2.41,0.36,7310780.00
2006-04-13,28.10,87055016,2446245949.60,2.45,1.66,12675910.00
2006-04-17,27.95,87055016,2433187697.20,2.43,-0.53,7999290.00
2006-04-18,28.30,87055016,2463656952.80,2.46,1.25,26389750.00
2006-04-19,28.73,87055016,2501090609.68,2.50,1.52,41264899.00
2006-04-20,28.75,87055016,2502831710.00,2.50,0.07,15200125.00
2006-04-21,28.51,87055016,2481938506.16,2.48,-0.83,14748223.00
2006-04-24,28.76,87055016,2503702260.16,2.50,0.88,7624276.00
2006-04-25,28.69,87055016,2497608409.04,2.50,-0.24,8558227.00
2006-04-26,28.51,87055016,2481938506.16,2.48,-0.63,11606421.00
2006-04-27,28.81,87055016,2508055010.96,2.51,1.05,11668050.00
2006-04-28,28.92,87055016,2517631062.72,2.52,0.38,9610116.00
2006-05-01,28.67,87055016,2495867308.72,2.50,-0.86,23059281.00
2006-05-02,28.87,87055016,2513278311.92,2.51,0.70,11458503.00
2006-05-03,28.90,87055016,2515889962.40,2.52,0.10,25440670.00
2006-05-04,28.91,87055016,2516760512.56,2.52,0.03,13391112.00
2006-05-05,29.37,87055016,2556805819.92,2.56,1.59,26885298.00
2006-05-08,29.63,87055016,2579440124.08,2.58,0.89,31238909.00
2006-05-09,30.57,87055016,2661271839.12,2.66,3.17,52430607.00
2006-05-10,31.05,87055016,2703058246.80,2.70,1.57,51685830.00
2006-05-11,30.68,87055016,2670847890.88,2.67,-1.19,50023740.00
2006-05-12,30.37,87055016,2643860835.92,2.64,-1.01,35308162.00
2006-05-15,29.89,87055016,2602074428.24,2.60,-1.58,47277013.00
2006-05-16,30.04,87055016,2615132680.64,2.62,0.50,15813056.00
2006-05-17,29.58,87055016,2575087373.28,2.58,-1.53,22034142.00
2006-05-18,29.87,87055016,2600333327.92,2.60,0.98,20147315.00
2006-05-19,29.86,87055016,2599462777.76,2.60,-0.03,36581486.00
2006-05-22,29.16,87055016,2538524266.56,2.54,-2.34,52569648.00
2006-05-23,29.05,87055016,2528948214.80,2.53,-0.38,26130475.00
2006-05-24,28.65,87055016,2494126208.40,2.49,-1.38,38961135.00
2006-05-25,28.74,87055016,2501961159.84,2.50,0.31,25187736.00
2006-05-26,28.98,87055016,2522854363.68,2.52,0.84,15701364.00
2006-05-30,28.79,87055016,2506313910.64,2.51,-0.66,27759318.00
2006-05-31,28.67,87055016,2495867308.72,2.50,-0.42,24509983.00
2006-06-01,29.28,87055016,2548970868.48,2.55,2.13,18642576.00
2006-06-02,29.40,87055016,2559417470.40,2.56,0.41,16299360.00
2006-06-05,29.05,87055016,2528948214.80,2.53,-1.19,17348660.00
2006-06-06,28.64,87055016,2493255658.24,2.49,-1.41,22419392.00
2006-06-07,28.55,87055016,2485420706.80,2.49,-0.31,19505360.00
2006-06-08,28.16,87055016,2451469250.56,2.45,-1.37,26267648.00
2006-06-09,27.85,87055016,2424482195.60,2.42,-1.10,18807105.00
2006-06-12,27.57,87055016,2400106791.12,2.40,-1.01,13707804.00
2006-06-13,26.76,87055016,2329592228.16,2.33,-2.94,73541832.00
2006-06-14,26.56,87055016,2312181224.96,2.31,-0.75,41494688.00
2006-06-15,28.24,87055016,2458433651.84,2.46,6.33,50710568.00
2006-06-16,27.88,87055016,2427093846.08,2.43,-1.27,23093004.00
2006-06-19,27.60,87055016,2402718441.60,2.40,-1.00,14589360.00
2006-06-20,27.63,87055016,2405330092.08,2.41,0.11,17802009.00
2006-06-21,28.10,87055016,2446245949.60,2.45,1.70,23525320.00
2006-06-22,27.41,87055016,2386177988.56,2.39,-2.46,23051810.00
2006-06-23,27.24,87055016,2371378635.84,2.37,-0.62,21601320.00
2006-06-26,27.65,87055016,2407071192.40,2.41,1.51,12420380.00
2006-06-27,27.17,87055016,2365284784.72,2.37,-1.74,12674805.00
2006-06-28,27.67,87055016,2408812292.72,2.41,1.84,12025382.00
2006-06-29,28.53,87055016,2483679606.48,2.48,3.11,18858330.00
2006-06-30,28.32,87055016,2465398053.12,2.47,-0.74,24629904.00
2006-07-03,28.37,87055016,2469750803.92,2.47,0.18,8170560.00
2006-07-05,28.32,87055016,2465398053.12,2.47,-0.18,16337808.00
2006-07-06,28.35,87055016,2468009703.60,2.47,0.11,10319400.00
2006-07-07,27.95,87055016,2433187697.20,2.43,-1.41,19366555.00
2006-07-10,27.91,87055016,2429705496.56,2.43,-0.14,16958116.00
2006-07-11,27.95,87055016,2433187697.20,2.43,0.14,17837690.00
2006-07-12,28.03,87055016,2440152098.48,2.44,0.29,13260993.00
2006-07-13,27.45,87055016,2389660189.20,2.39,-2.07,33609780.00
2006-07-14,26.86,87055016,2338297729.76,2.34,-2.15,19905946.00
2006-07-17,26.67,87055016,2321757276.72,2.32,-0.71,12662916.00
2006-07-18,26.57,87055016,2313051775.12,2.31,-0.37,32011536.00
2006-07-19,27.01,87055016,2351355982.16,2.35,1.66,15144507.00
2006-07-20,26.88,87055016,2340038830.08,2.34,-0.48,16670976.00
2006-07-21,26.09,87055016,2271265367.44,2.27,-2.94,24642005.00
2006-07-24,26.43,87055016,2300864072.88,2.30,1.30,19478910.00
2006-07-25,26.46,87055016,2303475723.36,2.30,0.11,7416738.00
2006-07-26,26.02,87055016,2265171516.32,2.27,-1.66,16296326.00
2006-07-27,25.65,87055016,2232961160.40,2.23,-1.42,12327390.00
2006-07-28,25.57,87055016,2225996759.12,2.23,-0.31,30226297.00
2006-07-31,25.79,87055016,2245148862.64,2.25,0.86,14344398.00
2006-08-01,25.37,87055016,2208585755.92,2.21,-1.63,22934480.00
2006-08-02,26.14,87055016,2275618118.24,2.28,3.04,25943950.00
2006-08-03,26.32,87055016,2291288021.12,2.29,0.69,24572352.00
2006-08-04,26.17,87055016,2278229768.72,2.28,-0.57,24351185.00
2006-08-07,26.10,87055016,2272135917.60,2.27,-0.27,25711110.00
2006-08-08,25.76,87055016,2242537212.16,2.24,-1.30,45803856.00
2006-08-09,25.46,87055016,2216420707.36,2.22,-1.16,27326218.00
2006-08-10,25.21,87055016,2194656953.36,2.19,-0.98,25199916.00
2006-08-11,24.83,87055016,2161576047.28,2.16,-1.51,19734884.00
2006-08-14,25.31,87055016,2203362454.96,2.20,1.93,23809117.00
2006-08-15,25.72,87055016,2239055011.52,2.24,1.62,13798780.00
2006-08-16,26.00,87055016,2263430416.00,2.26,1.09,15171000.00
2006-08-17,26.11,87055016,2273006467.76,2.27,0.42,20005482.00
2006-08-18,26.32,87055016,2291288021.12,2.29,0.80,12767832.00
2006-08-21,26.25,87055016,2285194170.00,2.29,-0.27,15012375.00
2006-08-22,26.49,87055016,2306087373.84,2.31,0.91,17472804.00
2006-08-23,26.38,87055016,2296511322.08,2.30,-0.42,13786188.00
2006-08-24,26.52,87055016,2308699024.32,2.31,0.53,14506440.00
2006-08-25,26.99,87055016,2349614881.84,2.35,1.77,18906495.00
2006-08-28,27.03,87055016,2353097082.48,2.35,0.15,20796882.00
2006-08-29,27.00,87055016,2350485432.00,2.35,-0.11,25282800.00
2006-08-30,27.08,87055016,2357449833.28,2.36,0.30,17723860.00
2006-08-31,27.50,87055016,2394012940.00,2.39,1.55,16544000.00
2006-09-01,27.61,87055016,2403588991.76,2.40,0.40,13012593.00
2006-09-05,27.55,87055016,2398365690.80,2.40,-0.22,16199400.00
2006-09-06,27.33,87055016,2379213587.28,2.38,-0.80,19565547.00
2006-09-07,27.31,87055016,2377472486.96,2.38,-0.07,14881219.00
2006-09-08,27.44,87055016,2388789639.04,2.39,0.48,13994400.00
2006-09-11,27.85,87055016,2424482195.60,2.42,1.49,16545685.00
2006-09-12,28.31,87055016,2464527502.96,2.46,1.65,13348165.00
2006-09-13,28.55,87055016,2485420706.80,2.49,0.85,18132105.00
2006-09-14,28.34,87055016,2467139153.44,2.47,-0.74,14464736.00
2006-09-15,28.23,87055016,2457563101.68,2.46,-0.39,21161208.00
2006-09-18,28.40,87055016,2472362454.40,2.47,0.60,14523760.00
2006-09-19,28.01,87055016,2438410998.16,2.44,-1.37,15679998.00
2006-09-20,28.46,87055016,2477585755.36,2.48,1.61,14938654.00
2006-09-21,28.04,87055016,2441022648.64,2.44,-1.48,16734272.00
2006-09-22,27.80,87055016,2420129444.80,2.42,-0.86,16613280.00
2006-09-25,28.35,87055016,2468009703.60,2.47,1.98,18580590.00
2006-09-26,28.53,87055016,2483679606.48,2.48,0.63,23514426.00
2006-09-27,28.81,87055016,2508055010.96,2.51,0.98,20187167.00
2006-09-28,28.50,87055016,2481067956.00,2.48,-1.08,19796100.00
2006-09-29,28.09,87055016,2445375399.44,2.45,-1.44,26587185.00
2006-10-02,27.29,87055016,2375731386.64,2.38,-2.85,35086753.00
2006-10-03,27.52,87055016,2395754040.32,2.40,0.84,24622144.00
2006-10-04,27.98,87055016,2435799347.68,2.44,1.67,20674422.00
2006-10-05,28.22,87055016,2456692551.52,2.46,0.86,18498210.00
2006-10-06,27.89,87055016,2427964396.24,2.43,-1.17,14254579.00
2006-10-09,28.01,87055016,2438410998.16,2.44,0.43,12999441.00
2006-10-10,28.54,87055016,2484550156.64,2.48,1.89,27752296.00
2006-10-11,28.46,87055016,2477585755.36,2.48,-0.28,22813536.00
2006-10-12,28.63,87055016,2492385108.08,2.49,0.60,23502367.00
2006-10-13,28.87,87055016,2513278311.92,2.51,0.84,16239375.00
2006-10-16,28.82,87055016,2508925561.12,2.51,-0.17,9478898.00
2006-10-17,28.44,87055016,2475844655.04,2.48,-1.32,13597164.00
2006-10-18,28.88,87055016,2514148862.08,2.51,1.55,39005328.00
2006-10-19,28.80,87055016,2507184460.80,2.51,-0.28,14855040.00
2006-10-20,28.74,87055016,2501961159.84,2.50,-0.21,12386940.00
2006-10-23,29.12,87055016,2535042065.92,2.54,1.32,18281536.00
2006-10-24,29.03,87055016,2527207114.48,2.53,-0.31,14590478.00
2006-10-25,29.54,87055016,2571605172.64,2.57,1.76,14598668.00
2006-10-26,29.93,87055016,2605556628.88,2.61,1.32,25838569.00
2006-10-27,29.58,87055016,2575087373.28,2.58,-1.17,23705412.00
2006-10-30,29.93,87055016,2605556628.88,2.61,1.18,24102629.00
2006-10-31,30.33,87055016,2640378635.28,2.64,1.34,41803839.00
2006-11-01,30.46,87055016,2651695787.36,2.65,0.43,42199284.00
2006-11-02,29.96,87055016,2608168279.36,2.61,-1.64,22559880.00
2006-11-03,29.61,87055016,2577699023.76,2.58,-1.17,23673195.00
2006-11-06,30.03,87055016,2614262130.48,2.61,1.42,16771755.00
2006-11-07,29.92,87055016,2604686078.72,2.60,-0.37,20318672.00
2006-11-08,30.21,87055016,2629932033.36,2.63,0.97,44139831.00
2006-11-09,30.21,87055016,2629932033.36,2.63,0.00,34955991.00
2006-11-10,30.54,87055016,2658660188.64,2.66,1.09,44212758.00
2006-11-13,30.59,87055016,2663012939.44,2.66,0.16,18629310.00
2006-11-14,30.65,87055016,2668236240.40,2.67,0.20,12358080.00
2006-11-15,30.79,87055016,2680423942.64,2.68,0.46,24105491.00
2006-11-16,30.76,87055016,2677812292.16,2.68,-0.10,28176160.00
2006-11-17,31.08,87055016,2705669897.28,2.71,1.04,17233860.00
2006-11-20,30.66,87055016,2669106790.56,2.67,-1.35,23004198.00
2006-11-21,30.82,87055016,2683035593.12,2.68,0.52,18199210.00
2006-11-22,30.76,87055016,2677812292.16,2.68,-0.19,13362144.00
2006-11-24,30.62,87055016,2665624589.92,2.67,-0.46,6567990.00
2006-11-27,30.27,87055016,2635155334.32,2.64,-1.14,24872859.00
2006-11-28,30.88,87055016,2688258894.08,2.69,2.02,29833168.00
2006-11-29,31.58,87055016,2749197405.28,2.75,2.27,37918106.00
2006-11-30,31.74,87055016,2763126207.84,2.76,0.51,20424690.00
2006-12-01,31.63,87055016,2753550156.08,2.75,-0.35,25522247.00
2006-12-04,32.13,87055016,2797077664.08,2.80,1.58,25453386.00
2006-12-05,32.42,87055016,2822323618.72,2.82,0.90,17095066.00
2006-12-06,33.09,87055016,2880650479.44,2.88,2.07,47659527.00
2006-12-07,32.98,87055016,2871074427.68,2.87,-0.33,22277990.00
2006-12-08,33.09,87055016,2880650479.44,2.88,0.33,20052540.00
2006-12-11,33.23,87055016,2892838181.68,2.89,0.42,35615914.00
2006-12-12,33.22,87055016,2891967631.52,2.89,-0.03,31678592.00
2006-12-13,33.08,87055016,2879779929.28,2.88,-0.42,15428512.00
2006-12-14,33.20,87055016,2890226531.20,2.89,0.36,21257960.00
2006-12-15,33.00,87055016,2872815528.00,2.87,-0.60,31524900.00
2006-12-18,33.39,87055016,2906766984.24,2.91,1.18,42552216.00
2006-12-19,33.43,87055016,2910249184.88,2.91,0.12,19489690.00
2006-12-20,33.93,87055016,2953776692.88,2.95,1.50,33404085.00
2006-12-21,34.20,87055016,2977281547.20,2.98,0.80,27493380.00
2006-12-22,33.90,87055016,2951165042.40,2.95,-0.88,16526250.00
2006-12-26,34.21,87055016,2978152097.36,2.98,0.91,8477238.00
2006-12-27,34.53,87055016,3006009702.48,3.01,0.94,16671084.00
2006-12-28,34.21,87055016,2978152097.36,2.98,-0.93,14193729.00
2006-12-29,34.39,87055016,2993822000.24,2.99,0.53,22394768.00
2007-01-03,34.46,87055016,2999915851.36,3.00,0.20,56290410.00
2007-01-04,34.52,87055016,3005139152.32,3.01,0.17,45438676.00
2007-01-05,34.16,87055016,2973799346.56,2.97,-1.04,33172776.00
2007-01-08,34.39,87055016,2993822000.24,2.99,0.67,25015286.00
2007-01-09,34.89,87055016,3037349508.24,3.04,1.45,20152464.00
2007-01-10,35.86,87055016,3121792873.76,3.12,2.78,42200048.00
2007-01-11,36.96,87055016,3217553391.36,3.22,3.07,75014016.00
2007-01-12,36.95,87055016,3216682841.20,3.22,-0.03,48822035.00
2007-01-16,35.84,87055016,3120051773.44,3.12,-3.00,79414272.00
2007-01-17,35.98,87055016,3132239475.68,3.13,0.39,41416578.00
2007-01-18,35.65,87055016,3103511320.40,3.10,-0.92,32619750.00
2007-01-19,35.23,87055016,3066948213.68,3.07,-1.18,63790961.00
2007-01-22,34.88,87055016,3036478958.08,3.04,-0.99,28660896.00
2007-01-23,34.81,87055016,3030385106.96,3.03,-0.20,36366007.00
2007-01-24,35.01,87055016,3047796110.16,3.05,0.57,30997854.00
2007-01-25,34.92,87055016,3039961158.72,3.04,-0.26,23417352.00
2007-01-26,34.76,87055016,3026032356.16,3.03,-0.46,26240324.00
2007-01-29,34.79,87055016,3028644006.64,3.03,0.09,18654398.00
2007-01-30,34.66,87055016,3017326854.56,3.02,-0.37,28084998.00
2007-01-31,34.85,87055016,3033867307.60,3.03,0.55,57157485.00
2007-02-01,34.64,87055016,3015585754.24,3.02,-0.60,34324776.00
2007-02-02,34.64,87055016,3015585754.24,3.02,0.00,29561776.00
2007-02-05,34.72,87055016,3022550155.52,3.02,0.23,16318400.00
2007-02-06,34.91,87055016,3039090608.56,3.04,0.55,22059629.00
2007-02-07,35.38,87055016,3080006466.08,3.08,1.35,22137266.00
2007-02-08,35.58,87055016,3097417469.28,3.10,0.57,28652574.00
2007-02-09,35.32,87055016,3074783165.12,3.07,-0.73,19662644.00
2007-02-12,35.06,87055016,3052148860.96,3.05,-0.74,15847120.00
2007-02-13,35.11,87055016,3056501611.76,3.06,0.14,13345311.00
2007-02-14,34.79,87055016,3028644006.64,3.03,-0.91,58475032.00
2007-02-15,34.71,87055016,3021679605.36,3.02,-0.23,34199763.00
2007-02-16,34.56,87055016,3008621352.96,3.01,-0.43,29991168.00
2007-02-20,34.79,87055016,3028644006.64,3.03,0.67,19990334.00
2007-02-21,34.95,87055016,3042572809.20,3.04,0.46,35718900.00
2007-02-22,35.50,87055016,3090453068.00,3.09,1.57,150896300.00
2007-02-23,35.35,87055016,3077394815.60,3.08,-0.42,51787750.00
2007-02-26,34.67,87055016,3018197404.72,3.02,-1.92,54300154.00
2007-02-27,33.89,87055016,2950294492.24,2.95,-2.25,79577109.00
2007-02-28,33.68,87055016,2932012938.88,2.93,-0.62,60088488.00
2007-03-01,33.66,87055016,2930271838.56,2.93,-0.06,64442070.00
2007-03-02,33.68,87055016,2932012938.88,2.93,0.06,50762496.00
2007-03-05,33.13,87055016,2884132680.08,2.88,-1.63,43019305.00
2007-03-06,33.67,87055016,2931142388.72,2.93,1.63,34676733.00
2007-03-07,33.53,87055016,2918954686.48,2.92,-0.42,45600800.00
2007-03-08,33.42,87055016,2909378634.72,2.91,-0.33,32594526.00
2007-03-09,33.51,87055016,2917213586.16,2.92,0.27,27699366.00
2007-03-12,34.13,87055016,2971187696.08,2.97,1.85,56567062.00
2007-03-13,33.63,87055016,2927660188.08,2.93,-1.46,61717776.00
2007-03-14,33.53,87055016,2918954686.48,2.92,-0.30,89364156.00
2007-03-15,33.62,87055016,2926789637.92,2.93,0.27,37735088.00
2007-03-16,33.62,87055016,2926789637.92,2.93,0.00,42505766.00
2007-03-19,34.05,87055016,2964223294.80,2.96,1.28,34206630.00
2007-03-20,34.25,87055016,2981634298.00,2.98,0.59,49097375.00
2007-03-21,35.05,87055016,3051278310.80,3.05,2.34,49304835.00
2007-03-22,34.92,87055016,3039961158.72,3.04,-0.37,44704584.00
2007-03-23,34.72,87055016,3022550155.52,3.02,-0.57,24894240.00
2007-03-26,34.51,87055016,3004268602.16,3.00,-0.60,26417405.00
2007-03-27,34.28,87055016,2984245948.48,2.98,-0.67,31948960.00
2007-03-28,33.71,87055016,2934624589.36,2.93,-1.66,28562483.00
2007-03-29,34.56,87055016,3008621352.96,3.01,2.52,47139840.00
2007-03-30,34.86,87055016,3034737857.76,3.03,0.87,31098606.00
2007-04-02,34.96,87055016,3043443359.36,3.04,0.29,27628888.00
2007-04-03,35.22,87055016,3066077663.52,3.07,0.74,28288704.00
2007-04-04,35.03,87055016,3049537210.48,3.05,-0.54,21515426.00
2007-04-05,35.27,87055016,3070430414.32,3.07,0.69,23997708.00
2007-04-09,34.85,87055016,3033867307.60,3.03,-1.19,38463945.00
2007-04-10,34.69,87055016,3019938505.04,3.02,-0.46,38977684.00
2007-04-11,34.53,87055016,3006009702.48,3.01,-0.46,31004487.00
2007-04-12,34.30,87055016,2985987048.80,2.99,-0.67,40288780.00
2007-04-13,34.26,87055016,2982504848.16,2.98,-0.12,39224274.00
2007-04-16,34.12,87055016,2970317145.92,2.97,-0.41,52456088.00
2007-04-17,34.10,87055016,2968576045.60,2.97,-0.06,38232920.00
2007-04-18,33.91,87055016,2952035592.56,2.95,-0.56,26124264.00
2007-04-19,34.26,87055016,2982504848.16,2.98,1.03,48967818.00
2007-04-20,34.46,87055016,2999915851.36,3.00,0.58,30779672.00
2007-04-23,34.76,87055016,3026032356.16,3.03,0.87,44812592.00
2007-04-24,34.65,87055016,3016456304.40,3.02,-0.32,31916115.00
2007-04-25,34.32,87055016,2987728149.12,2.99,-0.95,31560672.00
2007-04-26,33.94,87055016,2954647243.04,2.95,-1.11,45370992.00
2007-04-27,33.73,87055016,2936365689.68,2.94,-0.62,48264257.00
2007-04-30,33.41,87055016,2908508084.56,2.91,-0.95,32868758.00
2007-05-01,33.48,87055016,2914601935.68,2.91,0.21,37400508.00
2007-05-02,33.70,87055016,2933754039.20,2.93,0.66,21170340.00
2007-05-03,33.64,87055016,2928530738.24,2.93,-0.18,18394352.00
2007-05-04,33.67,87055016,2931142388.72,2.93,0.09,37124542.00
2007-05-07,33.36,87055016,2904155333.76,2.90,-0.92,24155976.00
2007-05-08,33.76,87055016,2938977340.16,2.94,1.20,24286944.00
2007-05-09,33.96,87055016,2956388343.36,2.96,0.59,56543400.00
2007-05-10,35.18,87055016,3062595462.88,3.06,3.59,71788308.00
2007-05-11,35.85,87055016,3120922323.60,3.12,1.90,38732340.00
2007-05-14,36.32,87055016,3161838181.12,3.16,1.31,42152992.00
2007-05-15,36.15,87055016,3147038828.40,3.15,-0.47,59727030.00
2007-05-16,36.50,87055016,3177508084.00,3.18,0.97,47778500.00
2007-05-17,36.32,87055016,3161838181.12,3.16,-0.49,42247424.00
2007-05-18,36.54,87055016,3180990284.64,3.18,0.61,57806280.00
2007-05-21,36.75,87055016,3199271838.00,3.20,0.57,25361175.00
2007-05-22,36.64,87055016,3189695786.24,3.19,-0.30,25732272.00
2007-05-23,36.37,87055016,3166190931.92,3.17,-0.74,30427142.00
2007-05-24,35.71,87055016,3108734621.36,3.11,-1.81,40980796.00
2007-05-25,36.16,87055016,3147909378.56,3.15,1.26,17208544.00
2007-05-29,36.24,87055016,3154873779.84,3.15,0.22,16996560.00
2007-05-30,36.54,87055016,3180990284.64,3.18,0.83,20097000.00
2007-05-31,36.26,87055016,3156614880.16,3.16,-0.77,30197328.00
2007-06-01,36.55,87055016,3181860834.80,3.18,0.80,21973860.00
2007-06-04,36.67,87055016,3192307436.72,3.19,0.33,18529351.00
2007-06-05,36.69,87055016,3194048537.04,3.19,0.05,24820785.00
2007-06-06,36.19,87055016,3150521029.04,3.15,-1.36,21692286.00
2007-06-07,35.60,87055016,3099158569.60,3.10,-1.63,31424120.00
2007-06-08,35.93,87055016,3127886724.88,3.13,0.93,24134181.00
2007-06-11,36.26,87055016,3156614880.16,3.16,0.92,16016042.00
2007-06-12,36.22,87055016,3153132679.52,3.15,-0.11,22199238.00
2007-06-13,36.02,87055016,3135721676.32,3.14,-0.55,31769640.00
2007-06-14,35.70,87055016,3107864071.20,3.11,-0.89,22844430.00
2007-06-15,35.82,87055016,3118310673.12,3.12,0.34,26152182.00
2007-06-18,35.24,87055016,3067818763.84,3.07,-1.62,21936900.00
2007-06-19,35.12,87055016,3057372161.92,3.06,-0.34,21335400.00
2007-06-20,35.09,87055016,3054760511.44,3.05,-0.09,16832673.00
2007-06-21,35.37,87055016,3079135915.92,3.08,0.80,17964423.00
2007-06-22,34.61,87055016,3012974103.76,3.01,-2.15,32048860.00
2007-06-25,34.58,87055016,3010362453.28,3.01,-0.09,22840090.00
2007-06-26,34.44,87055016,2998174751.04,3.00,-0.40,29611512.00
2007-06-27,34.89,87055016,3037349508.24,3.04,1.31,33292038.00
2007-06-28,35.05,87055016,3051278310.80,3.05,0.46,29953730.00
2007-06-29,34.75,87055016,3025161806.00,3.03,-0.86,33422550.00
2007-07-02,34.92,87055016,3039961158.72,3.04,0.49,34176204.00
2007-07-03,34.68,87055016,3019067954.88,3.02,-0.69,8791380.00
2007-07-05,34.42,87055016,2996433650.72,3.00,-0.75,25267722.00
2007-07-06,34.79,87055016,3028644006.64,3.03,1.07,13428940.00
2007-07-09,34.54,87055016,3006880252.64,3.01,-0.72,22102146.00
2007-07-10,34.18,87055016,2975540446.88,2.98,-1.04,16635406.00
2007-07-11,34.20,87055016,2977281547.20,2.98,0.06,10543860.00
2007-07-12,34.34,87055016,2989469249.44,2.99,0.41,18711866.00
2007-07-13,34.18,87055016,2975540446.88,2.98,-0.47,18884450.00
2007-07-16,34.41,87055016,2995563100.56,3.00,0.67,19895862.00
2007-07-17,34.14,87055016,2972058246.24,2.97,-0.78,15257166.00
2007-07-18,33.87,87055016,2948553391.92,2.95,-0.79,19292352.00
2007-07-19,33.83,87055016,2945071191.28,2.95,-0.12,23193848.00
2007-07-20,33.67,87055016,2931142388.72,2.93,-0.47,24023545.00
2007-07-23,33.40,87055016,2907637534.40,2.91,-0.80,33369940.00
2007-07-24,32.84,87055016,2858886725.44,2.86,-1.68,37697036.00
2007-07-25,32.49,87055016,2828417469.84,2.83,-1.07,36128880.00
2007-07-26,32.31,87055016,2812747566.96,2.81,-0.55,53689527.00
2007-07-27,32.66,87055016,2843216822.56,2.84,1.08,40570252.00
2007-07-30,32.71,87055016,2847569573.36,2.85,0.15,42935146.00
2007-07-31,32.96,87055016,2869333327.36,2.87,0.76,42455776.00
2007-08-01,32.69,87055016,2845828473.04,2.85,-0.82,24834593.00
2007-08-02,32.68,87055016,2844957922.88,2.84,-0.03,29657100.00
2007-08-03,31.90,87055016,2777055010.40,2.78,-2.39,33083490.00
2007-08-06,32.52,87055016,2831029120.32,2.83,1.94,34272828.00
2007-08-07,33.93,87055016,2953776692.88,2.95,4.34,51149475.00
2007-08-08,30.45,87055016,2650825237.20,2.65,-10.26,180267045.00
2007-08-09,31.09,87055016,2706540447.44,2.71,2.10,75436776.00
2007-08-10,29.69,87055016,2584663425.04,2.58,-4.50,92810940.00
2007-08-13,29.29,87055016,2549841418.64,2.55,-1.35,34450898.00
2007-08-14,28.00,87055016,2437540448.00,2.44,-4.40,63151200.00
2007-08-15,27.80,87055016,2420129444.80,2.42,-0.71,43451400.00
2007-08-16,27.89,87055016,2427964396.24,2.43,0.32,43078894.00
2007-08-17,28.48,87055016,2479326855.68,2.48,2.12,48282144.00
2007-08-20,28.76,87055016,2503702260.16,2.50,0.98,70390100.00
2007-08-21,29.24,87055016,2545488667.84,2.55,1.67,37617260.00
2007-08-22,29.17,87055016,2539394816.72,2.54,-0.24,22609667.00
2007-08-23,29.01,87055016,2525466014.16,2.53,-0.55,15096804.00
2007-08-24,29.65,87055016,2581181224.40,2.58,2.21,20153105.00
2007-08-27,29.53,87055016,2570734622.48,2.57,-0.40,13560176.00
2007-08-28,28.91,87055016,2516760512.56,2.52,-2.10,26944120.00
2007-08-29,29.36,87055016,2555935269.76,2.56,1.56,17304784.00
2007-08-30,29.36,87055016,2555935269.76,2.56,0.00,15208480.00
2007-08-31,29.30,87055016,2550711968.80,2.55,-0.20,19921070.00
2007-09-04,29.48,87055016,2566381871.68,2.57,0.61,36711444.00
2007-09-05,29.32,87055016,2552453069.12,2.55,-0.54,16501296.00
2007-09-06,28.76,87055016,2503702260.16,2.50,-1.91,17529220.00
2007-09-07,28.47,87055016,2478456305.52,2.48,-1.01,19091982.00
2007-09-10,28.31,87055016,2464527502.96,2.46,-0.56,26968106.00
2007-09-11,27.82,87055016,2421870545.12,2.42,-1.73,58744712.00
2007-09-12,27.44,87055016,2388789639.04,2.39,-1.37,46999232.00
2007-09-13,27.63,87055016,2405330092.08,2.41,0.69,26687817.00
2007-09-14,27.57,87055016,2400106791.12,2.40,-0.22,26679489.00
2007-09-17,27.36,87055016,2381825237.76,2.38,-0.76,18027504.00
2007-09-18,28.65,87055016,2494126208.40,2.49,4.71,30644040.00
2007-09-19,28.31,87055016,2464527502.96,2.46,-1.19,27024726.00
2007-09-20,28.26,87055016,2460174752.16,2.46,-0.18,17840538.00
2007-09-21,27.73,87055016,2414035593.68,2.41,-1.88,20101477.00
2007-09-24,27.13,87055016,2361802584.08,2.36,-2.16,26459889.00
2007-09-25,26.49,87055016,2306087373.84,2.31,-2.36,60717729.00
2007-09-26,26.59,87055016,2314792875.44,2.31,0.38,33069983.00
2007-09-27,27.30,87055016,2376601936.80,2.38,2.67,26289900.00
2007-09-28,27.11,87055016,2360061483.76,2.36,-0.70,28473633.00
2007-10-01,26.97,87055016,2347873781.52,2.35,-0.52,32528517.00
2007-10-02,27.72,87055016,2413165043.52,2.41,2.78,96252156.00
2007-10-03,28.16,87055016,2451469250.56,2.45,1.59,66007040.00
2007-10-04,29.35,87055016,2555064719.60,2.56,4.23,77771630.00
2007-10-05,30.68,87055016,2670847890.88,2.67,4.53,330165888.00
2007-10-08,30.78,87055016,2679553392.48,2.68,0.33,73508796.00
2007-10-09,30.69,87055016,2671718441.04,2.67,-0.29,68656599.00
2007-10-10,30.32,87055016,2639508085.12,2.64,-1.21,58745000.00
2007-10-11,30.16,87055016,2625579282.56,2.63,-0.53,46289568.00
2007-10-12,29.89,87055016,2602074428.24,2.60,-0.90,65303672.00
2007-10-15,29.45,87055016,2563770221.20,2.56,-1.47,41218220.00
2007-10-16,29.15,87055016,2537653716.40,2.54,-1.02,39364160.00
2007-10-17,28.81,87055016,2508055010.96,2.51,-1.17,35387323.00
2007-10-18,28.68,87055016,2496737858.88,2.50,-0.45,78204624.00
2007-10-19,28.02,87055016,2439281548.32,2.44,-2.30,52924176.00
2007-10-22,28.44,87055016,2475844655.04,2.48,1.50,33769656.00
2007-10-23,28.80,87055016,2507184460.80,2.51,1.27,39948480.00
2007-10-24,28.50,87055016,2481067956.00,2.48,-1.04,29335050.00
2007-10-25,28.80,87055016,2507184460.80,2.51,1.05,29142720.00
2007-10-26,28.85,87055016,2511537211.60,2.51,0.17,16161770.00
2007-10-29,28.94,87055016,2519372163.04,2.52,0.31,21985718.00
2007-10-30,29.18,87055016,2540265366.88,2.54,0.83,20959994.00
2007-10-31,29.60,87055016,2576828473.60,2.58,1.44,33072080.00
2007-11-01,29.09,87055016,2532430415.44,2.53,-1.72,33025877.00
2007-11-02,29.11,87055016,2534171515.76,2.53,0.07,21145504.00
2007-11-05,29.39,87055016,2558546920.24,2.56,0.96,24373127.00
2007-11-06,29.43,87055016,2562029120.88,2.56,0.14,35851626.00
2007-11-07,29.80,87055016,2594239476.80,2.59,1.26,54274740.00
2007-11-08,28.37,87055016,2469750803.92,2.47,-4.80,85850457.00
2007-11-09,28.13,87055016,2448857600.08,2.45,-0.85,48605827.00
2007-11-12,28.17,87055016,2452339800.72,2.45,0.14,40297185.00
2007-11-13,28.87,87055016,2513278311.92,2.51,2.48,43209729.00
2007-11-14,28.27,87055016,2461045302.32,2.46,-2.08,56548481.00
2007-11-15,27.94,87055016,2432317147.04,2.43,-1.17,42614088.00
2007-11-16,28.00,87055016,2437540448.00,2.44,0.21,33642000.00
2007-11-19,27.73,87055016,2414035593.68,2.41,-0.96,43891044.00
2007-11-20,27.67,87055016,2408812292.72,2.41,-0.22,41565874.00
2007-11-21,26.98,87055016,2348744331.68,2.35,-2.49,48110736.00
2007-11-23,27.00,87055016,2350485432.00,2.35,0.07,9938700.00
2007-11-26,26.57,87055016,2313051775.12,2.31,-1.59,36828677.00
2007-11-27,26.91,87055016,2342650480.56,2.34,1.28,37208457.00
2007-11-28,28.25,87055016,2459304202.00,2.46,4.98,53200400.00
2007-11-29,28.25,87055016,2459304202.00,2.46,0.00,42222450.00
2007-11-30,28.80,87055016,2507184460.80,2.51,1.95,49991040.00
2007-12-03,28.88,87055016,2514148862.08,2.51,0.28,32085680.00
2007-12-04,28.11,87055016,2447116499.76,2.45,-2.67,49470789.00
2007-12-05,28.23,87055016,2457563101.68,2.46,0.43,38011695.00
2007-12-06,28.42,87055016,2474103554.72,2.47,0.67,14042322.00
2007-12-07,28.11,87055016,2447116499.76,2.45,-1.09,34108674.00
2007-12-10,28.29,87055016,2462786402.64,2.46,0.64,24564207.00
2007-12-11,27.53,87055016,2396624590.48,2.40,-2.69,23992395.00
2007-12-12,27.42,87055016,2387048538.72,2.39,-0.40,42462612.00
2007-12-13,27.33,87055016,2379213587.28,2.38,-0.33,27417456.00
2007-12-14,26.73,87055016,2326980577.68,2.33,-2.20,42522084.00
2007-12-17,26.32,87055016,2291288021.12,2.29,-1.53,29436288.00
2007-12-18,26.84,87055016,2336556629.44,2.34,1.98,26880260.00
2007-12-19,26.75,87055016,2328721678.00,2.33,-0.34,24949725.00
2007-12-20,27.00,87055016,2350485432.00,2.35,0.93,21978000.00
2007-12-21,27.18,87055016,2366155334.88,2.37,0.67,31191768.00
2007-12-24,26.86,87055016,2338297729.76,2.34,-1.18,8638176.00
2007-12-26,26.83,87055016,2335686079.28,2.34,-0.11,7413129.00
2007-12-27,26.15,87055016,2276488668.40,2.28,-2.53,28388440.00
2007-12-28,26.17,87055016,2278229768.72,2.28,0.08,18784826.00
2007-12-31,26.61,87055016,2316533975.76,2.32,1.68,25636074.00
2008-01-02,26.36,87055016,2294770221.76,2.29,-0.94,36666760.00
2008-01-03,26.03,87055016,2266042066.48,2.27,-1.25,36322262.00
2008-01-04,25.35,87055016,2206844655.60,2.21,-2.61,47120580.00
2008-01-07,25.15,87055016,2189433652.40,2.19,-0.79,29322385.00
2008-01-08,24.43,87055016,2126754040.88,2.13,-2.86,39764711.00
2008-01-09,23.75,87055016,2067556630.00,2.07,-2.78,85578375.00
2008-01-10,24.00,87055016,2089320384.00,2.09,1.05,41880000.00
2008-01-11,23.88,87055016,2078873782.08,2.08,-0.50,30155664.00
2008-01-14,23.92,87055016,2082355982.72,2.08,0.17,32906744.00
2008-01-15,23.41,87055016,2037957924.56,2.04,-2.13,56013107.00
2008-01-16,23.40,87055016,2037087374.40,2.04,-0.04,65349180.00
2008-01-17,23.31,87055016,2029252422.96,2.03,-0.38,42745878.00
2008-01-18,23.02,87055016,2004006468.32,2.00,-1.24,65537940.00
2008-01-22,22.52,87055016,1960478960.32,1.96,-2.17,49679120.00
2008-01-23,23.15,87055016,2015323620.40,2.02,2.80,91518895.00
2008-01-24,23.43,87055016,2039699024.88,2.04,1.21,56283546.00
2008-01-25,23.41,87055016,2037957924.56,2.04,-0.09,26366683.00
2008-01-28,23.66,87055016,2059721678.56,2.06,1.07,25782302.00
2008-01-29,23.92,87055016,2082355982.72,2.08,1.10,23020608.00
2008-01-30,23.46,87055016,2042310675.36,2.04,-1.92,29151396.00
2008-01-31,23.87,87055016,2078003231.92,2.08,1.75,36945986.00
2008-02-01,24.47,87055016,2130236241.52,2.13,2.51,27237557.00
2008-02-04,24.52,87055016,2134588992.32,2.13,0.20,15003788.00
2008-02-05,23.70,87055016,2063203879.20,2.06,-3.34,29293200.00
2008-02-06,23.07,87055016,2008359219.12,2.01,-2.66,38942160.00
2008-02-07,23.40,87055016,2037087374.40,2.04,1.43,35446320.00
2008-02-08,23.23,87055016,2022288021.68,2.02,-0.73,28707634.00
2008-02-11,23.10,87055016,2010970869.60,2.01,-0.56,14767830.00
2008-02-12,23.11,87055016,2011841419.76,2.01,0.04,27373795.00
2008-02-13,23.76,87055016,2068427180.16,2.07,2.81,26242920.00
2008-02-14,23.54,87055016,2049275076.64,2.05,-0.93,16998234.00
2008-02-15,23.08,87055016,2009229769.28,2.01,-1.95,35967872.00
2008-02-19,22.92,87055016,1995300966.72,2.00,-0.69,27703404.00
2008-02-20,22.33,87055016,1943938507.28,1.94,-2.57,50988322.00
2008-02-21,22.10,87055016,1923915853.60,1.92,-1.03,45786780.00
2008-02-22,22.27,87055016,1938715206.32,1.94,0.77,36754408.00
2008-02-25,22.59,87055016,1966572811.44,1.97,1.44,36096561.00
2008-02-26,23.65,87055016,2058851128.40,2.06,4.69,59247980.00
2008-02-27,21.95,87055016,1910857601.20,1.91,-7.19,203880380.00
2008-02-28,21.51,87055016,1872553394.16,1.87,-2.00,76420728.00
2008-02-29,21.10,87055016,1836860837.60,1.84,-1.91,57410990.00
2008-03-03,20.87,87055016,1816838183.92,1.82,-1.09,52022649.00
2008-03-04,20.18,87055016,1756770222.88,1.76,-3.31,99610498.00
2008-03-05,19.93,87055016,1735006468.88,1.74,-1.24,52256460.00
2008-03-06,19.86,87055016,1728912617.76,1.73,-0.35,39416142.00
2008-03-07,19.58,87055016,1704537213.28,1.70,-1.41,59587814.00
2008-03-10,19.16,87055016,1667974106.56,1.67,-2.15,50793160.00
2008-03-11,19.06,87055016,1659268604.96,1.66,-0.52,71232938.00
2008-03-12,18.86,87055016,1641857601.76,1.64,-1.05,56270696.00
2008-03-13,19.31,87055016,1681032358.96,1.68,2.39,52556027.00
2008-03-14,18.91,87055016,1646210352.56,1.65,-2.07,39949266.00
2008-03-17,18.56,87055016,1615741096.96,1.62,-1.85,42073664.00
2008-03-18,19.27,87055016,1677550158.32,1.68,3.83,53986832.00
2008-03-19,19.27,87055016,1677550158.32,1.68,0.00,73607546.00
2008-03-20,19.67,87055016,1712372164.72,1.71,2.08,51759638.00
2008-03-24,20.74,87055016,1805521031.84,1.81,5.44,46032430.00
2008-03-25,20.35,87055016,1771569575.60,1.77,-1.88,36361380.00
2008-03-26,20.06,87055016,1746323620.96,1.75,-1.43,32816154.00
2008-03-27,19.82,87055016,1725430417.12,1.73,-1.20,27726198.00
2008-03-28,19.40,87055016,1688867310.40,1.69,-2.12,23563240.00
2008-03-31,19.89,87055016,1731524268.24,1.73,2.53,30700215.00
2008-04-01,20.55,87055016,1788980578.80,1.79,3.32,34484955.00
2008-04-02,20.32,87055016,1768957925.12,1.77,-1.12,32434784.00
2008-04-03,20.12,87055016,1751546921.92,1.75,-0.98,66899000.00
2008-04-04,19.80,87055016,1723689316.80,1.72,-1.59,30608820.00
2008-04-07,20.01,87055016,1741970870.16,1.74,1.06,25880934.00
2008-04-08,19.43,87055016,1691478960.88,1.69,-2.90,34678664.00
2008-04-09,19.22,87055016,1673197407.52,1.67,-1.08,28951086.00
2008-04-10,19.41,87055016,1689737860.56,1.69,0.99,39377067.00
2008-04-11,19.35,87055016,1684514559.60,1.68,-0.31,27573750.00
2008-04-14,18.99,87055016,1653174753.84,1.65,-1.86,20963061.00
2008-04-15,19.07,87055016,1660139155.12,1.66,0.42,17075278.00
2008-04-16,19.72,87055016,1716724915.52,1.72,3.41,29152076.00
2008-04-17,19.69,87055016,1714113265.04,1.71,-0.15,14458367.00
2008-04-18,20.42,87055016,1777663426.72,1.78,3.71,25147230.00
2008-04-21,20.50,87055016,1784627828.00,1.78,0.39,17550050.00
2008-04-22,20.36,87055016,1772440125.76,1.77,-0.68,25533476.00
2008-04-23,20.75,87055016,1806391582.00,1.81,1.92,19982250.00
2008-04-24,21.29,87055016,1853401290.64,1.85,2.60,39978362.00
2008-04-25,21.04,87055016,1831637536.64,1.83,-1.17,16907744.00
2008-04-28,21.87,87055016,1903893199.92,1.90,3.94,25454493.00
2008-04-29,21.91,87055016,1907375400.56,1.91,0.18,26697335.00
2008-04-30,21.89,87055016,1905634300.24,1.91,-0.09,34533664.00
2008-05-01,23.00,87055016,2002265368.00,2.00,5.07,47290300.00
2008-05-02,22.58,87055016,1965702261.28,1.97,-1.83,36051228.00
2008-05-05,22.13,87055016,1926527504.08,1.93,-1.99,43536349.00
2008-05-06,22.16,87055016,1929139154.56,1.93,0.14,43005912.00
2008-05-07,21.99,87055016,1914339801.84,1.91,-0.77,100463514.00
2008-05-08,21.58,87055016,1878647245.28,1.88,-1.86,54862834.00
2008-05-09,21.45,87055016,1867330093.20,1.87,-0.60,26469300.00
2008-05-12,21.94,87055016,1909987051.04,1.91,2.28,20461244.00
2008-05-13,22.24,87055016,1936103555.84,1.94,1.37,21054608.00
2008-05-14,22.64,87055016,1970925562.24,1.97,1.80,32490664.00
2008-05-15,22.63,87055016,1970055012.08,1.97,-0.04,15605648.00
2008-05-16,22.64,87055016,1970925562.24,1.97,0.04,19909616.00
2008-05-19,22.72,87055016,1977889963.52,1.98,0.35,22488256.00
2008-05-20,22.74,87055016,1979631063.84,1.98,0.09,29748468.00
2008-05-21,22.25,87055016,1936974106.00,1.94,-2.15,35844750.00
2008-05-22,22.34,87055016,1944809057.44,1.94,0.40,29432950.00
2008-05-23,21.50,87055016,1871682844.00,1.87,-3.76,31665200.00
2008-05-27,21.86,87055016,1903022649.76,1.90,1.67,27556716.00
2008-05-28,21.83,87055016,1900410999.28,1.90,-0.14,16793819.00
2008-05-29,22.49,87055016,1957867309.84,1.96,3.02,28730975.00
2008-05-30,23.17,87055016,2017064720.72,2.02,3.02,47218143.00
2008-06-02,22.10,87055016,1923915853.60,1.92,-4.62,53307410.00
2008-06-03,21.91,87055016,1907375400.56,1.91,-0.86,24999310.00
2008-06-04,22.20,87055016,1932621355.20,1.93,1.32,24875100.00
2008-06-05,22.42,87055016,1951773458.72,1.95,0.99,30379100.00
2008-06-06,21.84,87055016,1901281549.44,1.90,-2.59,44099328.00
2008-06-09,20.93,87055016,1822061484.88,1.82,-4.17,72128966.00
2008-06-10,20.26,87055016,1763734624.16,1.76,-3.20,80683424.00
2008-06-11,19.59,87055016,1705407763.44,1.71,-3.31,53251497.00
2008-06-12,19.38,87055016,1687126210.08,1.69,-1.07,53758182.00
2008-06-13,19.61,87055016,1707148863.76,1.71,1.19,25116488.00
2008-06-16,19.70,87055016,1714983815.20,1.71,0.46,28919600.00
2008-06-17,19.85,87055016,1728042067.60,1.73,0.76,34926075.00
2008-06-18,19.14,87055016,1666233006.24,1.67,-3.58,38842716.00
2008-06-19,19.08,87055016,1661009705.28,1.66,-0.31,28772640.00
2008-06-20,18.79,87055016,1635763750.64,1.64,-1.52,41503352.00
2008-06-23,18.57,87055016,1616611647.12,1.62,-1.17,21023097.00
2008-06-24,18.60,87055016,1619223297.60,1.62,0.16,32890380.00
2008-06-25,19.36,87055016,1685385109.76,1.69,4.09,41141936.00
2008-06-26,19.40,87055016,1688867310.40,1.69,0.21,49631020.00
2008-06-27,19.47,87055016,1694961161.52,1.69,0.36,43630323.00
2008-06-30,19.95,87055016,1736747569.20,1.74,2.47,40488525.00
2008-07-01,19.43,87055016,1691478960.88,1.69,-2.61,45347677.00
2008-07-02,19.44,87055016,1692349511.04,1.69,0.05,41864040.00
2008-07-03,19.66,87055016,1711501614.56,1.71,1.13,14701748.00
2008-07-07,19.00,87055016,1654045304.00,1.65,-3.36,36554100.00
2008-07-08,19.24,87055016,1674938507.84,1.67,1.26,45156280.00
2008-07-09,18.75,87055016,1632281550.00,1.63,-2.55,26456250.00
2008-07-10,18.80,87055016,1636634300.80,1.64,0.27,22309960.00
2008-07-11,18.30,87055016,1593106792.80,1.59,-2.66,30890400.00
2008-07-14,17.67,87055016,1538262132.72,1.54,-3.44,37873878.00
2008-07-15,17.31,87055016,1506922326.96,1.51,-2.04,31140690.00
2008-07-16,18.52,87055016,1612258896.32,1.61,6.99,30411692.00
2008-07-17,19.72,87055016,1716724915.52,1.72,6.48,36791604.00
2008-07-18,19.52,87055016,1699313912.32,1.70,-1.01,17829568.00
2008-07-21,19.01,87055016,1654915854.16,1.65,-2.61,34489843.00
2008-07-22,20.14,87055016,1753288022.24,1.75,5.94,29913942.00
2008-07-23,21.23,87055016,1848177989.68,1.85,5.41,54372153.00
2008-07-24,20.03,87055016,1743711970.48,1.74,-5.65,28895278.00
2008-07-25,20.53,87055016,1787239478.48,1.79,2.50,24636000.00
2008-07-28,19.86,87055016,1728912617.76,1.73,-3.26,12360864.00
2008-07-29,20.86,87055016,1815967633.76,1.82,5.04,16055942.00
2008-07-30,20.90,87055016,1819449834.40,1.82,0.19,18026250.00
2008-07-31,21.03,87055016,1830766986.48,1.83,0.62,19185669.00
2008-08-01,20.78,87055016,1809003232.48,1.81,-1.19,20931694.00
2008-08-04,20.81,87055016,1811614882.96,1.81,0.14,24959514.00
2008-08-05,21.85,87055016,1902152099.60,1.90,5.00,56488805.00
2008-08-06,20.18,87055016,1756770222.88,1.76,-7.64,103999648.00
2008-08-07,19.13,87055016,1665362456.08,1.67,-5.20,38422605.00
2008-08-08,20.17,87055016,1755899672.72,1.76,5.44,37927668.00
2008-08-11,20.86,87055016,1815967633.76,1.82,3.42,51069452.00
2008-08-12,20.57,87055016,1790721679.12,1.79,-1.39,20016667.00
2008-08-13,20.21,87055016,1759381873.36,1.76,-1.75,18197084.00
2008-08-14,21.75,87055016,1893446598.00,1.89,7.62,66385350.00
2008-08-15,22.12,87055016,1925656953.92,1.93,1.70,56352912.00
2008-08-18,22.01,87055016,1916080902.16,1.92,-0.50,41099273.00
2008-08-19,21.20,87055016,1845566339.20,1.85,-3.68,32287600.00
2008-08-20,20.98,87055016,1826414235.68,1.83,-1.04,32506412.00
2008-08-21,21.12,87055016,1838601937.92,1.84,0.67,23671296.00
2008-08-22,21.33,87055016,1856883491.28,1.86,0.99,13350447.00
2008-08-25,20.66,87055016,1798556630.56,1.80,-3.14,15137582.00
2008-08-26,20.40,87055016,1775922326.40,1.78,-1.26,14025000.00
2008-08-27,20.52,87055016,1786368928.32,1.79,0.59,15289452.00
2008-08-28,20.76,87055016,1807262132.16,1.81,1.17,15026088.00
2008-08-29,20.57,87055016,1790721679.12,1.79,-0.92,17381650.00
2008-09-02,20.87,87055016,1816838183.92,1.82,1.46,24298941.00
2008-09-03,21.11,87055016,1837731387.76,1.84,1.15,16828892.00
2008-09-04,20.96,87055016,1824673135.36,1.82,-0.71,19750608.00
2008-09-05,20.85,87055016,1815097083.60,1.82,-0.52,26158410.00
2008-09-08,21.81,87055016,1898669898.96,1.90,4.60,42784677.00
2008-09-09,20.82,87055016,1812485433.12,1.81,-4.54,19593702.00
2008-09-10,20.19,87055016,1757640773.04,1.76,-3.03,28263981.00
2008-09-11,20.65,87055016,1797686080.40,1.80,2.28,25882710.00
2008-09-12,20.57,87055016,1790721679.12,1.79,-0.39,20864151.00
2008-09-15,19.77,87055016,1721077666.32,1.72,-3.89,29409852.00
2008-09-16,19.87,87055016,1729783167.92,1.73,0.51,43541131.00
2008-09-17,19.29,87055016,1679291258.64,1.68,-2.92,48961878.00
2008-09-18,19.86,87055016,1728912617.76,1.73,2.95,88722564.00
2008-09-19,20.88,87055016,1817708734.08,1.82,5.14,84720600.00
2008-09-22,20.48,87055016,1782886727.68,1.78,-1.92,20860928.00
2008-09-23,19.72,87055016,1716724915.52,1.72,-3.71,27130776.00
2008-09-24,18.82,87055016,1638375401.12,1.64,-4.56,31348474.00
2008-09-25,18.72,87055016,1629669899.52,1.63,-0.53,18087264.00
2008-09-26,18.24,87055016,1587883491.84,1.59,-2.56,22632192.00
2008-09-29,16.44,87055016,1431184463.04,1.43,-9.87,45584832.00
2008-09-30,17.10,87055016,1488640773.60,1.49,4.01,32071050.00
2008-10-01,16.66,87055016,1450336566.56,1.45,-2.57,27244098.00
2008-10-02,15.89,87055016,1383304204.24,1.38,-4.62,25560654.00
2008-10-03,15.47,87055016,1346741097.52,1.35,-2.64,35843990.00
2008-10-06,14.94,87055016,1300601939.04,1.30,-3.43,44867808.00
2008-10-07,14.25,87055016,1240533978.00,1.24,-4.62,27293025.00
2008-10-08,15.17,87055016,1320624592.72,1.32,6.46,45300654.00
2008-10-09,14.28,87055016,1243145628.48,1.24,-5.87,26535096.00
2008-10-10,12.45,87055016,1083834949.20,1.08,-12.82,57689565.00
2008-10-13,12.68,87055016,1103857602.88,1.10,1.85,30486524.00
2008-10-14,11.64,87055016,1013320386.24,1.01,-8.20,38804268.00
2008-10-15,10.18,87055016,886220062.88,0.89,-12.54,25163942.00
2008-10-16,9.97,87055016,867938509.52,0.87,-2.06,48761276.00
2008-10-17,10.02,87055016,872291260.32,0.87,0.50,26389674.00
2008-10-20,9.92,87055016,863585758.72,0.86,-1.00,21531360.00
2008-10-21,9.83,87055016,855750807.28,0.86,-0.91,30498558.00
2008-10-22,8.89,87055016,773919092.24,0.77,-9.56,23343362.00
2008-10-23,8.32,87055016,724297733.12,0.72,-6.41,23042240.00
2008-10-24,7.66,87055016,666841422.56,0.67,-7.93,19457932.00
2008-10-27,7.21,87055016,627666665.36,0.63,-5.87,13240444.00
2008-10-28,7.39,87055016,643336568.24,0.64,2.50,28177331.00
2008-10-29,8.58,87055016,746932037.28,0.75,16.10,40546506.00
2008-10-30,8.28,87055016,720815532.48,0.72,-3.50,25492464.00
2008-10-31,8.40,87055016,731262134.40,0.73,1.45,13359360.00
2008-11-03,8.86,87055016,771307441.76,0.77,5.48,16426440.00
2008-11-04,8.91,87055016,775660192.56,0.78,0.56,15556860.00
2008-11-05,8.48,87055016,738226535.68,0.74,-4.83,16222240.00
2008-11-06,8.10,87055016,705145629.60,0.71,-4.48,32274450.00
2008-11-07,8.60,87055016,748673137.60,0.75,6.17,11740720.00
2008-11-10,7.52,87055016,654653720.32,0.65,-12.56,9884288.00
2008-11-11,7.42,87055016,645948218.72,0.65,-1.33,10901464.00
2008-11-12,6.98,87055016,607644011.68,0.61,-5.93,14461862.00
2008-11-13,7.92,87055016,689475726.72,0.69,13.47,16355592.00
2008-11-14,8.24,87055016,717333331.84,0.72,4.04,14306288.00
2008-11-17,7.26,87055016,632019416.16,0.63,-11.89,9084438.00
2008-11-18,7.25,87055016,631148866.00,0.63,-0.14,14426050.00
2008-11-19,6.51,87055016,566728154.16,0.57,-10.21,11213475.00
2008-11-20,5.75,87055016,500566342.00,0.50,-11.67,11040575.00
2008-11-21,6.10,87055016,531035597.60,0.53,6.09,24281050.00
2008-11-24,6.29,87055016,547576050.64,0.55,3.11,13709684.00
2008-11-25,7.30,87055016,635501616.80,0.64,16.06,16237390.00
2008-11-26,7.81,87055016,679899674.96,0.68,6.99,19428937.00
2008-11-28,8.23,87055016,716462781.68,0.72,5.38,5440853.00
2008-12-01,7.43,87055016,646818768.88,0.65,-9.72,9405637.00
2008-12-02,7.58,87055016,659877021.28,0.66,2.02,10994032.00
2008-12-03,7.87,87055016,685122975.92,0.69,3.83,11324143.00
2008-12-04,7.93,87055016,690346276.88,0.69,0.76,10955295.00
2008-12-05,7.98,87055016,694699027.68,0.69,0.63,10368414.00
2008-12-08,8.17,87055016,711239480.72,0.71,2.38,10274592.00
2008-12-09,8.28,87055016,720815532.48,0.72,1.35,7674732.00
2008-12-10,8.29,87055016,721686082.64,0.72,0.12,5986209.00
2008-12-11,7.59,87055016,660747571.44,0.66,-8.44,6797604.00
2008-12-12,7.54,87055016,656394820.64,0.66,-0.66,7301736.00
2008-12-15,6.95,87055016,605032361.20,0.61,-7.82,6691460.00
2008-12-16,7.49,87055016,652042069.84,0.65,7.77,10866492.00
2008-12-17,7.81,87055016,679899674.96,0.68,4.27,13802613.00
2008-12-18,7.51,87055016,653783170.16,0.65,-3.84,8357128.00
2008-12-19,7.68,87055016,668582522.88,0.67,2.26,24229632.00
2008-12-22,7.29,87055016,634631066.64,0.63,-5.08,6057990.00
2008-12-23,7.21,87055016,627666665.36,0.63,-1.10,5527186.00
2008-12-24,7.09,87055016,617220063.44,0.62,-1.66,2004343.00
2008-12-26,7.12,87055016,619831713.92,0.62,0.42,1703816.00
2008-12-29,6.72,87055016,585009707.52,0.59,-5.62,3834432.00
2008-12-30,6.81,87055016,592844658.96,0.59,1.34,6765735.00
2008-12-31,6.95,87055016,605032361.20,0.61,2.06,11210350.00
2009-01-02,7.78,87055016,677288024.48,0.68,11.94,10895112.00
2009-01-05,8.17,87055016,711239480.72,0.71,5.01,11254992.00
2009-01-06,9.16,87055016,797423946.56,0.80,12.12,14470968.00
2009-01-07,8.48,87055016,738226535.68,0.74,-7.42,10112400.00
2009-01-08,7.90,87055016,687734626.40,0.69,-6.84,12376140.00
2009-01-09,7.92,87055016,689475726.72,0.69,0.25,14362920.00
2009-01-12,7.75,87055016,674676374.00,0.67,-2.15,10401275.00
2009-01-13,7.50,87055016,652912620.00,0.65,-3.23,9402000.00
2009-01-14,6.65,87055016,578915856.40,0.58,-11.33,11890200.00
2009-01-15,6.48,87055016,564116503.68,0.56,-2.56,12229056.00
2009-01-16,6.54,87055016,569339804.64,0.57,0.93,9264564.00
2009-01-20,5.80,87055016,504919092.80,0.50,-11.31,11330300.00
2009-01-21,6.23,87055016,542352749.68,0.54,7.41,7902132.00
2009-01-22,5.99,87055016,521459545.84,0.52,-3.85,4536227.00
2009-01-23,5.82,87055016,506660193.12,0.51,-2.84,5110542.00
2009-01-26,5.92,87055016,515365694.72,0.52,1.72,3953968.00
2009-01-27,5.71,87055016,497084141.36,0.50,-3.55,4797542.00
2009-01-28,6.04,87055016,525812296.64,0.53,5.78,5278356.00
2009-01-29,5.40,87055016,470097086.40,0.47,-10.60,4540320.00
2009-01-30,4.99,87055016,434404529.84,0.43,-7.59,6291891.00
2009-02-02,4.88,87055016,424828478.08,0.42,-2.20,5124976.00
2009-02-03,4.73,87055016,411770225.68,0.41,-3.07,5745531.00
2009-02-04,4.67,87055016,406546924.72,0.41,-1.27,6463280.00
2009-02-05,5.00,87055016,435275080.00,0.44,7.07,6892500.00
2009-02-06,5.40,87055016,470097086.40,0.47,8.00,7814340.00
2009-02-09,5.30,87055016,461391584.80,0.46,-1.85,3422740.00
2009-02-10,4.80,87055016,417864076.80,0.42,-9.43,6109440.00
2009-02-11,4.76,87055016,414381876.16,0.41,-0.83,4645284.00
2009-02-12,4.66,87055016,405676374.56,0.41,-2.10,5009966.00
2009-02-13,4.60,87055016,400453073.60,0.40,-1.29,7546760.00
2009-02-17,4.18,87055016,363889966.88,0.36,-9.13,9729786.00
2009-02-18,4.24,87055016,369113267.84,0.37,1.44,4505424.00
2009-02-19,3.88,87055016,337773462.08,0.34,-8.49,9876152.00
2009-02-20,3.68,87055016,320362458.88,0.32,-5.15,10607600.00
2009-02-23,3.47,87055016,302080905.52,0.30,-5.71,7269997.00
2009-02-24,3.68,87055016,320362458.88,0.32,6.05,10015120.00
2009-02-25,3.36,87055016,292504853.76,0.29,-8.70,8712480.00
2009-02-26,3.54,87055016,308174756.64,0.31,5.36,14821272.00
2009-02-27,3.83,87055016,333420711.28,0.33,8.19,24567918.00
2009-03-02,3.58,87055016,311656957.28,0.31,-6.53,10605392.00
2009-03-03,3.39,87055016,295116504.24,0.30,-5.31,6969840.00
2009-03-04,3.54,87055016,308174756.64,0.31,4.42,7056636.00
2009-03-05,3.21,87055016,279446601.36,0.28,-9.32,8346321.00
2009-03-06,3.09,87055016,268999999.44,0.27,-3.74,5851533.00
2009-03-09,3.01,87055016,262035598.16,0.26,-2.59,4766034.00
2009-03-10,3.44,87055016,299469255.04,0.30,14.29,7762704.00
2009-03-11,3.67,87055016,319491908.72,0.32,6.69,8409805.00
2009-03-12,4.04,87055016,351702264.64,0.35,10.08,11649340.00
2009-03-13,4.07,87055016,354313915.12,0.35,0.74,6999179.00
2009-03-16,3.72,87055016,323844659.52,0.32,-8.60,7007364.00
2009-03-17,3.96,87055016,344737863.36,0.34,6.45,6191460.00
2009-03-18,3.99,87055016,347349513.84,0.35,0.76,5235678.00
2009-03-19,4.86,87055016,423087377.76,0.42,21.80,17614098.00
2009-03-20,4.60,87055016,400453073.60,0.40,-5.35,15777540.00
2009-03-23,5.02,87055016,437016180.32,0.44,9.13,8603276.00
2009-03-24,5.09,87055016,443110031.44,0.44,1.39,5644810.00
2009-03-25,5.33,87055016,464003235.28,0.46,4.72,10575786.00
2009-03-26,6.16,87055016,536258898.56,0.54,15.57,20419784.00
2009-03-27,5.81,87055016,505789642.96,0.51,-5.68,9617293.00
2009-03-30,5.34,87055016,464873785.44,0.46,-8.09,7186038.00
2009-03-31,5.40,87055016,470097086.40,0.47,1.12,7001100.00
2009-04-01,5.71,87055016,497084141.36,0.50,5.74,6094283.00
2009-04-02,6.64,87055016,578045306.24,0.58,16.29,17109288.00
2009-04-03,7.03,87055016,611996762.48,0.61,5.87,6506968.00
2009-04-06,7.76,87055016,675546924.16,0.68,10.38,11440568.00
2009-04-07,7.29,87055016,634631066.64,0.63,-6.06,13502538.00
2009-04-08,7.20,87055016,626796115.20,0.63,-1.23,12857040.00
2009-04-09,7.56,87055016,658135920.96,0.66,5.00,16549596.00
2009-04-13,7.94,87055016,691216827.04,0.69,5.03,26580738.00
2009-04-14,7.82,87055016,680770225.12,0.68,-1.51,12644158.00
2009-04-15,7.78,87055016,677288024.48,0.68,-0.51,11672334.00
2009-04-16,8.81,87055016,766954690.96,0.77,13.24,14806086.00
2009-04-17,9.67,87055016,841822004.72,0.84,9.76,40096655.00
2009-04-20,8.08,87055016,703404529.28,0.70,-16.44,13118688.00
2009-04-21,8.86,87055016,771307441.76,0.77,9.65,14122840.00
2009-04-22,8.74,87055016,760860839.84,0.76,-1.35,13533016.00
2009-04-23,9.20,87055016,800906147.20,0.80,5.26,7918440.00
2009-04-24,9.40,87055016,818317150.40,0.82,2.17,12690000.00
2009-04-27,8.73,87055016,759990289.68,0.76,-7.13,7319232.00
2009-04-28,8.13,87055016,707757280.08,0.71,-6.87,12524265.00
2009-04-29,8.64,87055016,752155338.24,0.75,6.27,17476128.00
2009-04-30,9.36,87055016,814834949.76,0.81,8.33,21495240.00
2009-05-01,9.30,87055016,809611648.80,0.81,-0.64,9689670.00
2009-05-04,9.70,87055016,844433655.20,0.84,4.30,12884510.00
2009-05-05,9.83,87055016,855750807.28,0.86,1.34,19982424.00
2009-05-06,10.24,87055016,891443363.84,0.89,4.17,20264960.00
2009-05-07,12.25,87055016,1066423946.00,1.07,19.63,56265475.00
2009-05-08,12.39,87055016,1078611648.24,1.08,1.14,21336819.00
2009-05-11,12.31,87055016,1071647246.96,1.07,-0.65,16215963.00
2009-05-12,10.97,87055016,954993525.52,0.95,-10.89,22899875.00
2009-05-13,9.78,87055016,851398056.48,0.85,-10.85,22981044.00
2009-05-14,10.49,87055016,913207117.84,0.91,7.26,16594131.00
2009-05-15,9.93,87055016,864456308.88,0.86,-5.34,8269704.00
2009-05-18,10.81,87055016,941064722.96,0.94,8.86,10899723.00
2009-05-19,10.57,87055016,920171519.12,0.92,-2.22,13841415.00
2009-05-20,10.23,87055016,890572813.68,0.89,-3.22,16204320.00
2009-05-21,9.74,87055016,847915855.84,0.85,-4.79,14191180.00
2009-05-22,9.82,87055016,854880257.12,0.85,0.82,6227844.00
2009-05-26,10.24,87055016,891443363.84,0.89,4.28,9413632.00
2009-05-27,10.15,87055016,883608412.40,0.88,-0.88,8504685.00
2009-05-28,10.10,87055016,879255661.60,0.88,-0.49,9005160.00
2009-05-29,10.26,87055016,893184464.16,0.89,1.58,6030828.00
2009-06-01,10.82,87055016,941935273.12,0.94,5.46,15894580.00
2009-06-02,10.75,87055016,935841422.00,0.94,-0.65,14312550.00
2009-06-03,10.04,87055016,874032360.64,0.87,-6.60,14071060.00
2009-06-04,10.06,87055016,875773460.96,0.88,0.20,10924154.00
2009-06-05,9.89,87055016,860974108.24,0.86,-1.69,6779595.00
2009-06-08,9.68,87055016,842692554.88,0.84,-2.12,11394328.00
2009-06-09,9.92,87055016,863585758.72,0.86,2.48,11018144.00
2009-06-10,9.83,87055016,855750807.28,0.86,-0.91,22014285.00
2009-06-11,10.07,87055016,876644011.12,0.88,2.44,9777970.00
2009-06-12,9.84,87055016,856621357.44,0.86,-2.28,13700232.00
2009-06-15,9.32,87055016,811352749.12,0.81,-5.28,12878376.00
2009-06-16,9.18,87055016,799165046.88,0.80,-1.50,9068004.00
2009-06-17,8.76,87055016,762601940.16,0.76,-4.58,14325228.00
2009-06-18,8.66,87055016,753896438.56,0.75,-1.14,6581600.00
2009-06-19,8.79,87055016,765213590.64,0.77,1.50,6492294.00
2009-06-22,8.07,87055016,702533979.12,0.70,-8.19,8846334.00
2009-06-23,8.13,87055016,707757280.08,0.71,0.74,7626753.00
2009-06-24,8.12,87055016,706886729.92,0.71,-0.12,8331120.00
2009-06-25,8.52,87055016,741708736.32,0.74,4.93,11297520.00
2009-06-26,8.47,87055016,737355985.52,0.74,-0.59,29115625.00
2009-06-29,8.61,87055016,749543687.76,0.75,1.65,6205227.00
2009-06-30,8.45,87055016,735614885.20,0.74,-1.86,13296920.00
2009-07-01,9.05,87055016,787847894.80,0.79,7.10,12128810.00
2009-07-02,8.68,87055016,755637538.88,0.76,-4.09,8141840.00
2009-07-06,8.53,87055016,742579286.48,0.74,-1.73,9890535.00
2009-07-07,8.30,87055016,722556632.80,0.72,-2.70,9305130.00
2009-07-08,8.09,87055016,704275079.44,0.70,-2.53,13576638.00
2009-07-09,8.28,87055016,720815532.48,0.72,2.35,8448912.00
2009-07-10,8.44,87055016,734744335.04,0.73,1.93,7038116.00
2009-07-13,8.55,87055016,744320386.80,0.74,1.30,4729860.00
2009-07-14,8.66,87055016,753896438.56,0.75,1.29,9604806.00
2009-07-15,9.05,87055016,787847894.80,0.79,4.50,13422055.00
2009-07-16,9.37,87055016,815705499.92,0.82,3.54,12377770.00
2009-07-17,9.20,87055016,800906147.20,0.80,-1.81,7147480.00
2009-07-20,9.30,87055016,809611648.80,0.81,1.09,11420400.00
2009-07-21,9.38,87055016,816576050.08,0.82,0.86,9180206.00
2009-07-22,9.68,87055016,842692554.88,0.84,3.20,11811536.00
2009-07-23,10.55,87055016,918430418.80,0.92,8.99,17855875.00
2009-07-24,10.13,87055016,881867312.08,0.88,-3.98,11971634.00
2009-07-27,10.47,87055016,911466017.52,0.91,3.36,10690917.00
2009-07-28,10.77,87055016,937582522.32,0.94,2.87,6823872.00
2009-07-29,10.41,87055016,906242716.56,0.91,-3.34,9392943.00
2009-07-30,10.94,87055016,952381875.04,0.95,5.09,8947826.00
2009-07-31,11.65,87055016,1014190936.40,1.01,6.49,29077235.00
2009-08-03,12.07,87055016,1050754043.12,1.05,3.61,16014476.00
2009-08-04,12.20,87055016,1062071195.20,1.06,1.08,32600840.00
2009-08-05,12.12,87055016,1055106793.92,1.06,-0.66,28920744.00
2009-08-06,11.31,87055016,984592230.96,0.98,-6.68,35429706.00
2009-08-07,12.22,87055016,1063812295.52,1.06,8.05,30070976.00
2009-08-10,13.07,87055016,1137809059.12,1.14,6.96,23417519.00
2009-08-11,12.20,87055016,1062071195.20,1.06,-6.66,18036480.00
2009-08-12,12.00,87055016,1044660192.00,1.04,-1.64,16000800.00
2009-08-13,12.68,87055016,1103857602.88,1.10,5.67,20511168.00
2009-08-14,12.78,87055016,1112563104.48,1.11,0.79,12943584.00
2009-08-17,12.21,87055016,1062941745.36,1.06,-4.46,15506700.00
2009-08-18,12.35,87055016,1075129447.60,1.08,1.15,11990615.00
2009-08-19,12.56,87055016,1093411000.96,1.09,1.70,5006416.00
2009-08-20,12.71,87055016,1106469253.36,1.11,1.19,7154459.00
2009-08-21,12.89,87055016,1122139156.24,1.12,1.42,12584507.00
2009-08-24,13.27,87055016,1155220062.32,1.16,2.95,16326081.00
2009-08-25,13.67,87055016,1190042068.72,1.19,3.01,14298820.00
2009-08-26,13.49,87055016,1174372165.84,1.17,-1.32,14281863.00
2009-08-27,13.27,87055016,1155220062.32,1.16,-1.63,10820358.00
2009-08-28,12.96,87055016,1128233007.36,1.13,-2.34,12267936.00
2009-08-31,12.67,87055016,1102987052.72,1.10,-2.24,9783774.00
2009-09-01,11.69,87055016,1017673137.04,1.02,-7.73,28301490.00
2009-09-02,11.43,87055016,995038832.88,1.00,-2.22,28180665.00
2009-09-03,11.87,87055016,1033343039.92,1.03,3.85,10856302.00
2009-09-04,12.19,87055016,1061200645.04,1.06,2.70,7979574.00
2009-09-08,12.47,87055016,1085576049.52,1.09,2.30,12231823.00
2009-09-09,12.65,87055016,1101245952.40,1.10,1.44,11617760.00
2009-09-10,12.69,87055016,1104728153.04,1.10,0.32,6655905.00
2009-09-11,12.95,87055016,1127362457.20,1.13,2.05,18769730.00
2009-09-14,13.02,87055016,1133456308.32,1.13,0.54,10460268.00
2009-09-15,12.70,87055016,1105598703.20,1.11,-2.46,22315170.00
2009-09-16,13.54,87055016,1178724916.64,1.18,6.61,31343746.00
2009-09-17,14.33,87055016,1247498379.28,1.25,5.83,56841378.00
2009-09-18,14.02,87055016,1220511324.32,1.22,-2.16,72685288.00
2009-09-21,14.06,87055016,1223993524.96,1.22,0.29,16589394.00
2009-09-22,14.53,87055016,1264909382.48,1.26,3.34,14380341.00
2009-09-23,14.35,87055016,1249239479.60,1.25,-1.24,17188430.00
2009-09-24,13.85,87055016,1205711971.60,1.21,-3.48,18643485.00
2009-09-25,13.58,87055016,1182207117.28,1.18,-1.95,11336584.00
2009-09-28,14.10,87055016,1227475725.60,1.23,3.83,7161390.00
2009-09-29,15.04,87055016,1309307440.64,1.31,6.67,30959840.00
2009-09-30,15.19,87055016,1322365693.04,1.32,1.00,21047264.00
2009-10-01,14.19,87055016,1235310677.04,1.24,-6.58,26535300.00
2009-10-02,14.05,87055016,1223122974.80,1.22,-0.99,15676990.00
2009-10-05,14.44,87055016,1257074431.04,1.26,2.78,10467556.00
2009-10-06,14.97,87055016,1303213589.52,1.30,3.67,12140670.00
2009-10-07,15.06,87055016,1311048540.96,1.31,0.60,11055546.00
2009-10-08,15.73,87055016,1369375401.68,1.37,4.45,21646053.00
2009-10-09,15.73,87055016,1369375401.68,1.37,0.00,11341330.00
2009-10-12,15.62,87055016,1359799349.92,1.36,-0.70,12003970.00
2009-10-13,15.65,87055016,1362411000.40,1.36,0.19,13075575.00
2009-10-14,15.78,87055016,1373728152.48,1.37,0.83,24326448.00
2009-10-15,15.92,87055016,1385915854.72,1.39,0.89,8369144.00
2009-10-16,15.39,87055016,1339776696.24,1.34,-3.33,18112491.00
2009-10-19,15.93,87055016,1386786404.88,1.39,3.51,18117189.00
2009-10-20,16.21,87055016,1411161809.36,1.41,1.76,21218890.00
2009-10-21,16.35,87055016,1423349511.60,1.42,0.86,26782935.00
2009-10-22,16.70,87055016,1453818767.20,1.45,2.14,15514300.00
2009-10-23,16.37,87055016,1425090611.92,1.43,-1.98,30274678.00
2009-10-26,15.96,87055016,1389398055.36,1.39,-2.50,17308620.00
2009-10-27,15.15,87055016,1318883492.40,1.32,-5.08,21208485.00
2009-10-28,13.94,87055016,1213546923.04,1.21,-7.99,24167778.00
2009-10-29,14.47,87055016,1259686081.52,1.26,3.80,28462490.00
2009-10-30,13.45,87055016,1170889965.20,1.17,-7.05,19654485.00
2009-11-02,13.53,87055016,1177854366.48,1.18,0.59,11301609.00
2009-11-03,13.80,87055016,1201359220.80,1.20,2.00,17252760.00
2009-11-04,13.87,87055016,1207453071.92,1.21,0.51,11108483.00
2009-11-05,15.94,87055016,1387656955.04,1.39,14.92,51962806.00
2009-11-06,16.09,87055016,1400715207.44,1.40,0.94,19641063.00
2009-11-09,16.61,87055016,1445983815.76,1.45,3.23,12925902.00
2009-11-10,16.70,87055016,1453818767.20,1.45,0.54,14926460.00
2009-11-11,16.80,87055016,1462524268.80,1.46,0.60,14656320.00
2009-11-12,16.50,87055016,1436407764.00,1.44,-1.79,15514950.00
2009-11-13,16.54,87055016,1439889964.64,1.44,0.24,9477420.00
2009-11-16,16.61,87055016,1445983815.76,1.45,0.42,24370192.00
2009-11-17,16.53,87055016,1439019414.48,1.44,-0.48,13516581.00
2009-11-18,16.52,87055016,1438148864.32,1.44,-0.06,12203324.00
2009-11-19,16.10,87055016,1401585757.60,1.40,-2.54,16591050.00
2009-11-20,15.84,87055016,1378951453.44,1.38,-1.61,9817632.00
2009-11-23,15.88,87055016,1382433654.08,1.38,0.25,6888744.00
2009-11-24,16.06,87055016,1398103556.96,1.40,1.13,12289112.00
2009-11-25,16.16,87055016,1406809058.56,1.41,0.62,5214832.00
2009-11-27,15.69,87055016,1365893201.04,1.37,-2.91,4739949.00
2009-11-30,15.32,87055016,1333682845.12,1.33,-2.36,14664304.00
2009-12-01,15.66,87055016,1363281550.56,1.36,2.22,15046128.00
2009-12-02,15.76,87055016,1371987052.16,1.37,0.64,11373992.00
2009-12-03,15.26,87055016,1328459544.16,1.33,-3.17,12069134.00
2009-12-04,15.54,87055016,1352834948.64,1.35,1.83,17675196.00
2009-12-07,15.46,87055016,1345870547.36,1.35,-0.51,8370044.00
2009-12-08,15.31,87055016,1332812294.96,1.33,-0.97,13711636.00
2009-12-09,15.07,87055016,1311919091.12,1.31,-1.57,13653420.00
2009-12-10,15.32,87055016,1333682845.12,1.33,1.66,12430648.00
2009-12-11,15.71,87055016,1367634301.36,1.37,2.55,14784681.00
2009-12-14,16.11,87055016,1402456307.76,1.40,2.55,12325761.00
2009-12-15,15.97,87055016,1390268605.52,1.39,-0.87,11341894.00
2009-12-16,16.21,87055016,1411161809.36,1.41,1.50,4691174.00
2009-12-17,16.14,87055016,1405067958.24,1.41,-0.43,16446660.00
2009-12-18,16.81,87055016,1463394818.96,1.46,4.15,27449049.00
2009-12-21,17.25,87055016,1501699026.00,1.50,2.62,12875400.00
2009-12-22,17.38,87055016,1513016178.08,1.51,0.75,8363256.00
2009-12-23,17.74,87055016,1544355983.84,1.54,2.07,11110562.00
2009-12-24,17.49,87055016,1522592229.84,1.52,-1.41,3024021.00
2009-12-28,17.39,87055016,1513886728.24,1.51,-0.57,15028438.00
2009-12-29,17.62,87055016,1533909381.92,1.53,1.32,9653998.00
2009-12-30,17.45,87055016,1519110029.20,1.52,-0.96,7231280.00
2009-12-31,17.21,87055016,1498216825.36,1.50,-1.38,8049117.00
2010-01-04,17.90,87055016,1558284786.40,1.56,4.01,10752530.00
2010-01-05,18.34,87055016,1596588993.44,1.60,2.46,14151144.00
2010-01-06,18.71,87055016,1628799349.36,1.63,2.02,20979523.00
2010-01-07,18.36,87055016,1598330093.76,1.60,-1.87,18785952.00
2010-01-08,18.34,87055016,1596588993.44,1.60,-0.11,14668332.00
2010-01-11,18.30,87055016,1593106792.80,1.59,-0.22,10577400.00
2010-01-12,17.79,87055016,1548708734.64,1.55,-2.79,10044234.00
2010-01-13,17.93,87055016,1560896436.88,1.56,0.79,9262638.00
2010-01-14,17.83,87055016,1552190935.28,1.55,-0.56,14374546.00
2010-01-15,17.30,87055016,1506051776.80,1.51,-2.97,12642840.00
2010-01-19,17.68,87055016,1539132682.88,1.54,2.20,10959832.00
2010-01-20,17.47,87055016,1520851129.52,1.52,-1.19,10214709.00
2010-01-21,16.95,87055016,1475582521.20,1.48,-2.98,15180420.00
2010-01-22,16.74,87055016,1457300967.84,1.46,-1.24,16678062.00
2010-01-25,16.53,87055016,1439019414.48,1.44,-1.25,10810620.00
2010-01-26,16.50,87055016,1436407764.00,1.44,-0.18,7771500.00
2010-01-27,16.26,87055016,1415514560.16,1.42,-1.45,13126698.00
2010-01-28,15.89,87055016,1383304204.24,1.38,-2.28,11191327.00
2010-01-29,15.83,87055016,1378080903.28,1.38,-0.38,15969304.00
2010-02-01,16.18,87055016,1408550158.88,1.41,2.21,12379318.00
2010-02-02,16.75,87055016,1458171518.00,1.46,3.52,8215875.00
2010-02-03,16.27,87055016,1416385110.32,1.42,-2.87,15737971.00
2010-02-04,15.29,87055016,1331071194.64,1.33,-6.02,15475009.00
2010-02-05,15.19,87055016,1322365693.04,1.32,-0.65,13961129.00
2010-02-08,15.06,87055016,1311048540.96,1.31,-0.86,11424516.00
2010-02-09,15.61,87055016,1358928799.76,1.36,3.65,18771025.00
2010-02-10,15.62,87055016,1359799349.92,1.36,0.06,5399834.00
2010-02-11,16.22,87055016,1412032359.52,1.41,3.84,6546392.00
2010-02-12,16.17,87055016,1407679608.72,1.41,-0.31,9946167.00
2010-02-16,16.53,87055016,1439019414.48,1.44,2.23,6504555.00
2010-02-17,16.61,87055016,1445983815.76,1.45,0.48,8713606.00
2010-02-18,16.92,87055016,1472970870.72,1.47,1.87,7678296.00
2010-02-19,17.14,87055016,1492122974.24,1.49,1.30,13280072.00
2010-02-22,16.83,87055016,1465135919.28,1.47,-1.81,9453411.00
2010-02-23,16.49,87055016,1435537213.84,1.44,-2.02,15800718.00
2010-02-24,16.35,87055016,1423349511.60,1.42,-0.85,24220890.00
2010-02-25,16.11,87055016,1402456307.76,1.40,-1.47,51481116.00
2010-02-26,16.65,87055016,1449466016.40,1.45,3.35,30842460.00
2010-03-01,17.57,87055016,1529556631.12,1.53,5.53,22749636.00
2010-03-02,17.65,87055016,1536521032.40,1.54,0.46,18015355.00
2010-03-03,17.27,87055016,1503440126.32,1.50,-2.15,14137222.00
2010-03-04,17.48,87055016,1521721679.68,1.52,1.22,10839348.00
2010-03-05,18.13,87055016,1578307440.08,1.58,3.72,17567970.00
2010-03-08,18.10,87055016,1575695789.60,1.58,-0.17,7131400.00
2010-03-09,17.74,87055016,1544355983.84,1.54,-1.99,12451706.00
2010-03-10,18.18,87055016,1582660190.88,1.58,2.48,11284326.00
2010-03-11,18.55,87055016,1614870546.80,1.61,2.04,12474875.00
2010-03-12,19.00,87055016,1654045304.00,1.65,2.43,23197100.00
2010-03-15,18.71,87055016,1628799349.36,1.63,-1.53,13648945.00
2010-03-16,18.62,87055016,1620964397.92,1.62,-0.48,26285854.00
2010-03-17,19.76,87055016,1720207116.16,1.72,6.12,44572632.00
2010-03-18,19.60,87055016,1706278313.60,1.71,-0.81,19133520.00
2010-03-19,19.34,87055016,1683644009.44,1.68,-1.33,16667212.00
2010-03-22,19.65,87055016,1710631064.40,1.71,1.60,8488800.00
2010-03-23,19.55,87055016,1701925562.80,1.70,-0.51,17855015.00
2010-03-24,19.22,87055016,1673197407.52,1.67,-1.69,13897982.00
2010-03-25,19.34,87055016,1683644009.44,1.68,0.62,17465954.00
2010-03-26,19.08,87055016,1661009705.28,1.66,-1.34,9587700.00
2010-03-29,19.17,87055016,1668844656.72,1.67,0.47,6421950.00
2010-03-30,19.07,87055016,1660139155.12,1.66,-0.52,8873271.00
2010-03-31,19.02,87055016,1655786404.32,1.66,-0.26,13150428.00
2010-04-01,19.08,87055016,1661009705.28,1.66,0.32,9091620.00
2010-04-05,19.64,87055016,1709760514.24,1.71,2.94,8906740.00
2010-04-06,19.60,87055016,1706278313.60,1.71,-0.20,5337080.00
2010-04-07,19.44,87055016,1692349511.04,1.69,-0.82,13279464.00
2010-04-08,19.70,87055016,1714983815.20,1.71,1.34,14861680.00
2010-04-09,20.19,87055016,1757640773.04,1.76,2.49,13163880.00
2010-04-12,20.42,87055016,1777663426.72,1.78,1.14,9064438.00
2010-04-13,20.27,87055016,1764605174.32,1.76,-0.73,7739086.00
2010-04-14,20.89,87055016,1818579284.24,1.82,3.06,9906038.00
2010-04-15,20.81,87055016,1811614882.96,1.81,-0.38,18235803.00
2010-04-16,20.61,87055016,1794203879.76,1.79,-0.96,24410484.00
2010-04-19,20.38,87055016,1774181226.08,1.77,-1.12,16043136.00
2010-04-20,21.02,87055016,1829896436.32,1.83,3.14,11718650.00
2010-04-21,21.08,87055016,1835119737.28,1.84,0.29,17896920.00
2010-04-22,21.15,87055016,1841213588.40,1.84,0.33,16664085.00
2010-04-23,21.26,87055016,1850789640.16,1.85,0.52,14503572.00
2010-04-26,20.97,87055016,1825543685.52,1.83,-1.36,17071677.00
2010-04-27,19.95,87055016,1736747569.20,1.74,-4.86,13031340.00
2010-04-28,20.31,87055016,1768087374.96,1.77,1.80,10579479.00
2010-04-29,21.04,87055016,1831637536.64,1.83,3.59,14420816.00
2010-04-30,20.61,87055016,1794203879.76,1.79,-2.04,14521806.00
2010-05-03,21.01,87055016,1829025886.16,1.83,1.94,13910721.00
2010-05-04,20.22,87055016,1760252423.52,1.76,-3.76,19397046.00
2010-05-05,19.45,87055016,1693220061.20,1.69,-3.81,18592255.00
2010-05-06,17.50,87055016,1523462780.00,1.52,-10.03,54999000.00
2010-05-07,17.43,87055016,1517368928.88,1.52,-0.40,37092783.00
2010-05-10,18.62,87055016,1620964397.92,1.62,6.83,18994262.00
2010-05-11,18.83,87055016,1639245951.28,1.64,1.13,17374441.00
2010-05-12,19.36,87055016,1685385109.76,1.69,2.81,7846608.00
2010-05-13,18.91,87055016,1646210352.56,1.65,-2.32,10472358.00
2010-05-14,18.79,87055016,1635763750.64,1.64,-0.63,15994048.00
2010-05-17,18.81,87055016,1637504850.96,1.64,0.11,9649530.00
2010-05-18,17.99,87055016,1566119737.84,1.57,-4.36,10939719.00
2010-05-19,17.23,87055016,1499957925.68,1.50,-4.22,26065544.00
2010-05-20,16.06,87055016,1398103556.96,1.40,-6.79,25329832.00
2010-05-21,16.40,87055016,1427702262.40,1.43,2.12,26499120.00
2010-05-24,16.12,87055016,1403326857.92,1.40,-1.71,6180408.00
2010-05-25,16.12,87055016,1403326857.92,1.40,0.00,15467140.00
2010-05-26,16.53,87055016,1439019414.48,1.44,2.54,14842287.00
2010-05-27,16.75,87055016,1458171518.00,1.46,1.33,15356400.00
2010-05-28,16.32,87055016,1420737861.12,1.42,-2.57,11224896.00
2010-06-01,15.49,87055016,1348482197.84,1.35,-5.09,17045196.00
2010-06-02,15.88,87055016,1382433654.08,1.38,2.52,14758872.00
2010-06-03,16.05,87055016,1397233006.80,1.40,1.07,6208140.00
2010-06-04,14.88,87055016,1295378638.08,1.30,-7.29,15951360.00
2010-06-07,14.49,87055016,1261427181.84,1.26,-2.62,11522448.00
2010-06-08,14.72,87055016,1281449835.52,1.28,1.59,15071808.00
2010-06-09,14.95,87055016,1301472489.20,1.30,1.56,15030730.00
2010-06-10,15.87,87055016,1381563103.92,1.38,6.15,20159661.00
2010-06-11,15.97,87055016,1390268605.52,1.39,0.63,6218718.00
2010-06-14,15.87,87055016,1381563103.92,1.38,-0.63,6494004.00
2010-06-15,16.35,87055016,1423349511.60,1.42,3.02,10751760.00
2010-06-16,16.19,87055016,1409420709.04,1.41,-0.98,5473839.00
2010-06-17,15.75,87055016,1371116502.00,1.37,-2.72,11343150.00
2010-06-18,15.43,87055016,1343258896.88,1.34,-2.03,8506559.00
2010-06-21,15.03,87055016,1308436890.48,1.31,-2.59,11762478.00
2010-06-22,14.48,87055016,1260556631.68,1.26,-3.66,13123224.00
2010-06-23,14.68,87055016,1277967634.88,1.28,1.38,13175300.00
2010-06-24,14.12,87055016,1229216825.92,1.23,-3.81,9070688.00
2010-06-25,14.37,87055016,1250980579.92,1.25,1.77,14370000.00
2010-06-28,14.42,87055016,1255333330.72,1.26,0.35,11034184.00
2010-06-29,13.81,87055016,1202229770.96,1.20,-4.23,18603451.00
2010-06-30,13.58,87055016,1182207117.28,1.18,-1.67,16734634.00
2010-07-01,13.71,87055016,1193524269.36,1.19,0.96,15948843.00
2010-07-02,13.45,87055016,1170889965.20,1.17,-1.90,15992050.00
2010-07-06,13.45,87055016,1170889965.20,1.17,0.00,10751930.00
2010-07-07,14.28,87055016,1243145628.48,1.24,6.17,10618608.00
2010-07-08,14.43,87055016,1256203880.88,1.26,1.05,10787868.00
2010-07-09,14.75,87055016,1284061486.00,1.28,2.22,6099125.00
2010-07-12,14.28,87055016,1243145628.48,1.24,-3.19,8780772.00
2010-07-13,15.32,87055016,1333682845.12,1.33,7.28,11473148.00
2010-07-14,15.26,87055016,1328459544.16,1.33,-0.39,7922992.00
2010-07-15,15.14,87055016,1318012942.24,1.32,-0.79,6166522.00
2010-07-16,14.06,87055016,1223993524.96,1.22,-7.13,13813950.00
2010-07-19,14.22,87055016,1237922327.52,1.24,1.14,8822088.00
2010-07-20,14.59,87055016,1270132683.44,1.27,2.60,10784928.00
2010-07-21,14.58,87055016,1269262133.28,1.27,-0.07,12038706.00
2010-07-22,15.24,87055016,1326718443.84,1.33,4.53,11884152.00
2010-07-23,16.19,87055016,1409420709.04,1.41,6.23,14571000.00
2010-07-26,16.50,87055016,1436407764.00,1.44,1.91,10581450.00
2010-07-27,16.20,87055016,1410291259.20,1.41,-1.82,7594560.00
2010-07-28,15.77,87055016,1372857602.32,1.37,-2.65,10349851.00
2010-07-29,15.15,87055016,1318883492.40,1.32,-3.93,15777210.00
2010-07-30,15.14,87055016,1318012942.24,1.32,-0.07,11791032.00
2010-08-02,15.43,87055016,1343258896.88,1.34,1.92,13832995.00
2010-08-03,15.08,87055016,1312789641.28,1.31,-2.27,8152248.00
2010-08-04,15.83,87055016,1378080903.28,1.38,4.97,20270315.00
2010-08-05,17.15,87055016,1492993524.40,1.49,8.34,37381855.00
2010-08-06,17.33,87055016,1508663427.28,1.51,1.05,20246639.00
2010-08-09,17.79,87055016,1548708734.64,1.55,2.65,14032752.00
2010-08-10,17.43,87055016,1517368928.88,1.52,-2.02,14341404.00
2010-08-11,16.23,87055016,1412902909.68,1.41,-6.88,19273125.00
2010-08-12,16.09,87055016,1400715207.44,1.40,-0.86,9092459.00
2010-08-13,15.91,87055016,1385045304.56,1.39,-1.12,6041027.00
2010-08-16,16.04,87055016,1396362456.64,1.40,0.82,10591212.00
2010-08-17,16.48,87055016,1434666663.68,1.43,2.74,5942688.00
2010-08-18,16.45,87055016,1432055013.20,1.43,-0.18,7078435.00
2010-08-19,15.74,87055016,1370245951.84,1.37,-4.32,9070962.00
2010-08-20,15.66,87055016,1363281550.56,1.36,-0.51,11206296.00
2010-08-23,14.81,87055016,1289284786.96,1.29,-5.43,10666162.00
2010-08-24,14.81,87055016,1289284786.96,1.29,0.00,12308591.00
2010-08-25,14.99,87055016,1304954689.84,1.30,1.22,6556626.00
2010-08-26,14.83,87055016,1291025887.28,1.29,-1.07,8021547.00
2010-08-27,14.98,87055016,1304084139.68,1.30,1.01,9372986.00
2010-08-30,14.37,87055016,1250980579.92,1.25,-4.07,7367499.00
2010-08-31,14.51,87055016,1263168282.16,1.26,0.97,8363564.00
2010-09-01,15.63,87055016,1360669900.08,1.36,7.72,10540872.00
2010-09-02,16.45,87055016,1432055013.20,1.43,5.25,11289635.00
2010-09-03,16.61,87055016,1445983815.76,1.45,0.97,5624146.00
2010-09-07,16.01,87055016,1393750806.16,1.39,-3.61,7494281.00
2010-09-08,16.03,87055016,1395491906.48,1.40,0.12,5233795.00
2010-09-09,15.99,87055016,1392009705.84,1.39,-0.25,3333915.00
2010-09-10,16.12,87055016,1403326857.92,1.40,0.81,7553832.00
2010-09-13,16.55,87055016,1440760514.80,1.44,2.67,7290275.00
2010-09-14,16.35,87055016,1423349511.60,1.42,-1.21,7408185.00
2010-09-15,16.17,87055016,1407679608.72,1.41,-1.10,6687912.00
2010-09-16,15.81,87055016,1376339802.96,1.38,-2.23,6804624.00
2010-09-17,16.00,87055016,1392880256.00,1.39,1.20,13216000.00
2010-09-20,16.27,87055016,1416385110.32,1.42,1.69,9018461.00
2010-09-21,15.82,87055016,1377210353.12,1.38,-2.77,7354718.00
2010-09-22,15.64,87055016,1361540450.24,1.36,-1.14,4975084.00
2010-09-23,15.60,87055016,1358058249.60,1.36,-0.26,8174400.00
2010-09-24,17.12,87055016,1490381873.92,1.49,9.74,13815840.00
2010-09-27,17.52,87055016,1525203880.32,1.53,2.34,14496048.00
2010-09-28,17.46,87055016,1519980579.36,1.52,-0.34,8440164.00
2010-09-29,17.48,87055016,1521721679.68,1.52,0.11,6207148.00
2010-09-30,17.62,87055016,1533909381.92,1.53,0.80,8528080.00
2010-10-01,17.48,87055016,1521721679.68,1.52,-0.79,10320192.00
2010-10-04,16.87,87055016,1468618119.92,1.47,-3.49,6935257.00
2010-10-05,17.43,87055016,1517368928.88,1.52,3.32,8033487.00
2010-10-06,18.08,87055016,1573954689.28,1.57,3.73,16998816.00
2010-10-07,18.45,87055016,1606165045.20,1.61,2.05,14732325.00
2010-10-08,18.95,87055016,1649692553.20,1.65,2.71,14917440.00
2010-10-11,18.75,87055016,1632281550.00,1.63,-1.06,6196875.00
2010-10-12,18.76,87055016,1633152100.16,1.63,0.05,6832392.00
2010-10-13,18.86,87055016,1641857601.76,1.64,0.53,9912816.00
2010-10-14,18.61,87055016,1620093847.76,1.62,-1.33,7818061.00
2010-10-15,18.38,87055016,1600071194.08,1.60,-1.24,10794574.00
2010-10-18,18.44,87055016,1605294495.04,1.61,0.33,6112860.00
2010-10-19,18.12,87055016,1577436889.92,1.58,-1.74,9554676.00
2010-10-20,18.62,87055016,1620964397.92,1.62,2.76,6766508.00
2010-10-21,18.72,87055016,1629669899.52,1.63,0.54,7051824.00
2010-10-22,19.00,87055016,1654045304.00,1.65,1.50,4294000.00
2010-10-25,19.21,87055016,1672326857.36,1.67,1.11,11531763.00
2010-10-26,19.57,87055016,1703666663.12,1.70,1.87,9624526.00
2010-10-27,19.14,87055016,1666233006.24,1.67,-2.20,10986360.00
2010-10-28,18.95,87055016,1649692553.20,1.65,-0.99,5535295.00
2010-10-29,18.82,87055016,1638375401.12,1.64,-0.69,6383744.00
2010-11-01,18.74,87055016,1631410999.84,1.63,-0.43,6165460.00
2010-11-02,18.83,87055016,1639245951.28,1.64,0.48,6620628.00
2010-11-03,18.87,87055016,1642728151.92,1.64,0.21,13275045.00
2010-11-04,18.55,87055016,1614870546.80,1.61,-1.70,31898580.00
2010-11-05,18.70,87055016,1627928799.20,1.63,0.81,9342520.00
2010-11-08,18.45,87055016,1606165045.20,1.61,-1.34,11516490.00
2010-11-09,17.80,87055016,1549579284.80,1.55,-3.52,8935600.00
2010-11-10,18.54,87055016,1613999996.64,1.61,4.16,7022952.00
2010-11-11,18.51,87055016,1611388346.16,1.61,-0.16,12070371.00
2010-11-12,18.34,87055016,1596588993.44,1.60,-0.92,6916014.00
2010-11-15,19.02,87055016,1655786404.32,1.66,3.71,12385824.00
2010-11-16,18.97,87055016,1651433653.52,1.65,-0.26,14726411.00
2010-11-17,19.69,87055016,1714113265.04,1.71,3.80,21875590.00
2010-11-18,20.11,87055016,1750676371.76,1.75,2.13,14414848.00
2010-11-19,20.12,87055016,1751546921.92,1.75,0.05,7255272.00
2010-11-22,20.31,87055016,1768087374.96,1.77,0.94,11286267.00
2010-11-23,19.72,87055016,1716724915.52,1.72,-2.90,10595556.00
2010-11-24,20.38,87055016,1774181226.08,1.77,3.35,12327862.00
2010-11-26,20.37,87055016,1773310675.92,1.77,-0.05,3746043.00
2010-11-29,20.34,87055016,1770699025.44,1.77,-0.15,9293346.00
2010-11-30,20.35,87055016,1771569575.60,1.77,0.05,17256800.00
2010-12-01,21.30,87055016,1854271840.80,1.85,4.67,17497950.00
2010-12-02,21.61,87055016,1881258895.76,1.88,1.46,14286371.00
2010-12-03,21.78,87055016,1896058248.48,1.90,0.79,7734078.00
2010-12-06,21.89,87055016,1905634300.24,1.91,0.51,9209123.00
2010-12-07,21.40,87055016,1862977342.40,1.86,-2.24,15497880.00
2010-12-08,21.26,87055016,1850789640.16,1.85,-0.65,14950032.00
2010-12-09,21.26,87055016,1850789640.16,1.85,0.00,11065830.00
2010-12-10,21.45,87055016,1867330093.20,1.87,0.89,8245380.00
2010-12-13,20.85,87055016,1815097083.60,1.82,-2.80,10825320.00
2010-12-14,21.13,87055016,1839472488.08,1.84,1.34,9206341.00
2010-12-15,20.82,87055016,1812485433.12,1.81,-1.47,9589692.00
2010-12-16,21.06,87055016,1833378636.96,1.83,1.15,11321856.00
2010-12-17,21.22,87055016,1847307439.52,1.85,0.76,11477898.00
2010-12-20,21.27,87055016,1851660190.32,1.85,0.24,5494041.00
2010-12-21,21.76,87055016,1894317148.16,1.89,2.30,6397440.00
2010-12-22,21.96,87055016,1911728151.36,1.91,0.92,6150996.00
2010-12-23,22.00,87055016,1915210352.00,1.92,0.18,5599000.00
2010-12-27,21.96,87055016,1911728151.36,1.91,-0.18,4018680.00
2010-12-28,21.84,87055016,1901281549.44,1.90,-0.55,4081896.00
2010-12-29,21.92,87055016,1908245950.72,1.91,0.37,3743936.00
2010-12-30,21.84,87055016,1901281549.44,1.90,-0.36,6213480.00
2010-12-31,22.06,87055016,1920433652.96,1.92,1.01,8475452.00
2011-01-03,22.52,87055016,1960478960.32,1.96,2.09,8884140.00
2011-01-04,22.21,87055016,1933491905.36,1.93,-1.38,14807407.00
2011-01-05,22.72,87055016,1977889963.52,1.98,2.30,14622592.00
2011-01-06,22.00,87055016,1915210352.00,1.92,-3.17,19041000.00
2011-01-07,21.83,87055016,1900410999.28,1.90,-0.77,11609194.00
2011-01-10,21.78,87055016,1896058248.48,1.90,-0.23,8272044.00
2011-01-11,21.93,87055016,1909116500.88,1.91,0.69,5186445.00
2011-01-12,21.71,87055016,1889964397.36,1.89,-1.00,5590325.00
2011-01-13,21.28,87055016,1852530740.48,1.85,-1.98,7192640.00
2011-01-14,21.06,87055016,1833378636.96,1.83,-1.03,9744462.00
2011-01-18,21.59,87055016,1879517795.44,1.88,2.52,9052687.00
2011-01-19,21.23,87055016,1848177989.68,1.85,-1.67,11224301.00
2011-01-20,21.44,87055016,1866459543.04,1.87,0.99,8826848.00
2011-01-21,21.55,87055016,1876035594.80,1.88,0.51,5322850.00
2011-01-24,21.49,87055016,1870812293.84,1.87,-0.28,5159749.00
2011-01-25,21.19,87055016,1844695789.04,1.84,-1.40,8454810.00
2011-01-26,21.14,87055016,1840343038.24,1.84,-0.24,8707566.00
2011-01-27,21.30,87055016,1854271840.80,1.85,0.76,8096130.00
2011-01-28,20.46,87055016,1781145627.36,1.78,-3.94,10203402.00
2011-01-31,20.40,87055016,1775922326.40,1.78,-0.29,12278760.00
2011-02-01,20.61,87055016,1794203879.76,1.79,1.03,12794688.00
2011-02-02,20.82,87055016,1812485433.12,1.81,1.02,8675694.00
2011-02-03,21.19,87055016,1844695789.04,1.84,1.78,16485820.00
2011-02-04,21.56,87055016,1876906144.96,1.88,1.75,10124576.00
2011-02-07,22.23,87055016,1935233005.68,1.94,3.11,13838175.00
2011-02-08,22.12,87055016,1925656953.92,1.93,-0.49,8653344.00
2011-02-09,22.12,87055016,1925656953.92,1.93,0.00,7257572.00
2011-02-10,22.03,87055016,1917822002.48,1.92,-0.41,7223637.00
2011-02-11,22.09,87055016,1923045303.44,1.92,0.27,8325721.00
2011-02-14,22.18,87055016,1930880254.88,1.93,0.41,7838412.00
2011-02-15,22.02,87055016,1916951452.32,1.92,-0.72,8211258.00
2011-02-16,22.87,87055016,1990948215.92,1.99,3.86,13163972.00
2011-02-17,22.65,87055016,1971796112.40,1.97,-0.96,6693075.00
2011-02-18,23.00,87055016,2002265368.00,2.00,1.55,6081200.00
2011-02-22,21.91,87055016,1907375400.56,1.91,-4.74,11958478.00
2011-02-23,20.20,87055016,1758511323.20,1.76,-7.80,28376960.00
2011-02-24,20.97,87055016,1825543685.52,1.83,3.81,22737771.00
2011-02-25,21.19,87055016,1844695789.04,1.84,1.05,16322657.00
2011-02-28,21.46,87055016,1868200643.36,1.87,1.27,10015382.00
2011-03-01,20.77,87055016,1808132682.32,1.81,-3.22,24288438.00
2011-03-02,20.97,87055016,1825543685.52,1.83,0.96,8314605.00
2011-03-03,20.78,87055016,1809003232.48,1.81,-0.91,12939706.00
2011-03-04,20.70,87055016,1802038831.20,1.80,-0.38,6040260.00
2011-03-07,20.43,87055016,1778533976.88,1.78,-1.30,6282225.00
2011-03-08,20.51,87055016,1785498378.16,1.79,0.39,6591914.00
2011-03-09,20.76,87055016,1807262132.16,1.81,1.22,7861812.00
2011-03-10,20.25,87055016,1762864074.00,1.76,-2.46,4789125.00
2011-03-11,20.72,87055016,1803779931.52,1.80,2.32,8499344.00
2011-03-14,20.25,87055016,1762864074.00,1.76,-2.27,4874175.00
2011-03-15,19.73,87055016,1717595465.68,1.72,-2.57,10695633.00
2011-03-16,19.34,87055016,1683644009.44,1.68,-1.98,9099470.00
2011-03-17,19.92,87055016,1734135918.72,1.73,3.00,14296584.00
2011-03-18,20.41,87055016,1776792876.56,1.78,2.46,16232073.00
2011-03-21,20.51,87055016,1785498378.16,1.79,0.49,6554996.00
2011-03-22,20.28,87055016,1765475724.48,1.77,-1.12,7438704.00
2011-03-23,20.16,87055016,1755029122.56,1.76,-0.59,6481440.00
2011-03-24,20.53,87055016,1787239478.48,1.79,1.84,13124829.00
2011-03-25,20.31,87055016,1768087374.96,1.77,-1.07,12159597.00
2011-03-28,20.27,87055016,1764605174.32,1.76,-0.20,12914017.00
2011-03-29,20.45,87055016,1780275077.20,1.78,0.89,5895735.00
2011-03-30,20.37,87055016,1773310675.92,1.77,-0.39,9767415.00
2011-03-31,20.45,87055016,1780275077.20,1.78,0.39,6402895.00
2011-04-01,20.56,87055016,1789851128.96,1.79,0.54,11523880.00
2011-04-04,20.47,87055016,1782016177.52,1.78,-0.44,4843202.00
2011-04-05,18.95,87055016,1649692553.20,1.65,-7.43,51106255.00
2011-04-06,18.81,87055016,1637504850.96,1.64,-0.74,36463185.00
2011-04-07,18.71,87055016,1628799349.36,1.63,-0.53,10346630.00
2011-04-08,18.46,87055016,1607035595.36,1.61,-1.34,9805952.00
2011-04-11,18.44,87055016,1605294495.04,1.61,-0.11,9618304.00
2011-04-12,18.14,87055016,1579177990.24,1.58,-1.63,7335816.00
2011-04-13,18.17,87055016,1581789640.72,1.58,0.17,14910302.00
2011-04-14,17.70,87055016,1540873783.20,1.54,-2.59,13802460.00
2011-04-15,17.84,87055016,1553061485.44,1.55,0.79,7557024.00
2011-04-18,17.42,87055016,1516498378.72,1.52,-2.35,8607222.00
2011-04-19,17.81,87055016,1550449834.96,1.55,2.24,12832105.00
2011-04-20,18.07,87055016,1573084139.12,1.57,1.46,13167609.00
2011-04-21,18.13,87055016,1578307440.08,1.58,0.33,7358967.00
2011-04-25,18.15,87055016,1580048540.40,1.58,0.11,6973230.00
2011-04-26,18.48,87055016,1608776695.68,1.61,1.82,16134888.00
2011-04-27,18.53,87055016,1613129446.48,1.61,0.27,10762224.00
2011-04-28,18.34,87055016,1596588993.44,1.60,-1.03,12403342.00
2011-04-29,18.00,87055016,1566990288.00,1.57,-1.85,13680000.00
2011-05-02,17.72,87055016,1542614883.52,1.54,-1.56,11693428.00
2011-05-03,17.73,87055016,1543485433.68,1.54,0.06,24822000.00
2011-05-04,15.92,87055016,1385915854.72,1.39,-10.21,44569632.00
2011-05-05,16.38,87055016,1425961162.08,1.43,2.89,26208000.00
2011-05-06,16.59,87055016,1444242715.44,1.44,1.28,23685543.00
2011-05-09,16.52,87055016,1438148864.32,1.44,-0.42,10115196.00
2011-05-10,16.62,87055016,1446854365.92,1.45,0.61,11019060.00
2011-05-11,16.63,87055016,1447724916.08,1.45,0.06,8692501.00
2011-05-12,16.61,87055016,1445983815.76,1.45,-0.12,9351430.00
2011-05-13,16.50,87055016,1436407764.00,1.44,-0.66,16049550.00
2011-05-16,16.43,87055016,1430313912.88,1.43,-0.42,18712127.00
2011-05-17,16.33,87055016,1421608411.28,1.42,-0.61,15088920.00
2011-05-18,16.70,87055016,1453818767.20,1.45,2.27,17855640.00
2011-05-19,16.60,87055016,1445113265.60,1.45,-0.60,7714020.00
2011-05-20,16.35,87055016,1423349511.60,1.42,-1.51,8341770.00
2011-05-23,16.09,87055016,1400715207.44,1.40,-1.59,11845458.00
2011-05-24,16.00,87055016,1392880256.00,1.39,-0.56,10260800.00
2011-05-25,15.93,87055016,1386786404.88,1.39,-0.44,9202761.00
2011-05-26,16.06,87055016,1398103556.96,1.40,0.82,8044454.00
2011-05-27,16.06,87055016,1398103556.96,1.40,0.00,5747874.00
2011-05-31,16.08,87055016,1399844657.28,1.40,0.12,12751440.00
2011-06-01,15.68,87055016,1365022650.88,1.37,-2.49,30097760.00
2011-06-02,15.75,87055016,1371116502.00,1.37,0.45,8254575.00
2011-06-03,15.68,87055016,1365022650.88,1.37,-0.44,16529856.00
2011-06-06,15.23,87055016,1325847893.68,1.33,-2.87,21946430.00
2011-06-07,15.20,87055016,1323236243.20,1.32,-0.20,10978960.00
2011-06-08,15.00,87055016,1305825240.00,1.31,-1.32,11484000.00
2011-06-09,15.13,87055016,1317142392.08,1.32,0.87,10872418.00
2011-06-10,14.79,87055016,1287543686.64,1.29,-2.25,8099004.00
2011-06-13,14.93,87055016,1299731388.88,1.30,0.95,12406830.00
2011-06-14,15.14,87055016,1318012942.24,1.32,1.41,8702472.00
2011-06-15,14.87,87055016,1294508087.92,1.29,-1.78,6883323.00
2011-06-16,14.98,87055016,1304084139.68,1.30,0.74,8821722.00
2011-06-17,15.03,87055016,1308436890.48,1.31,0.33,14699340.00
2011-06-20,15.00,87055016,1305825240.00,1.31,-0.20,5979000.00
2011-06-21,15.21,87055016,1324106793.36,1.32,1.40,15140034.00
2011-06-22,14.58,87055016,1269262133.28,1.27,-4.14,22116402.00
2011-06-23,14.73,87055016,1282320385.68,1.28,1.03,7232430.00
2011-06-24,14.44,87055016,1257074431.04,1.26,-1.97,8453176.00
2011-06-27,14.57,87055016,1268391583.12,1.27,0.90,6015953.00
2011-06-28,15.12,87055016,1316271841.92,1.32,3.77,10844064.00
2011-06-29,15.22,87055016,1324977343.52,1.32,0.66,7711974.00
2011-06-30,15.15,87055016,1318883492.40,1.32,-0.46,11926080.00
2011-07-01,15.80,87055016,1375469252.80,1.38,4.29,20795960.00
2011-07-05,15.47,87055016,1346741097.52,1.35,-2.09,10957401.00
2011-07-06,15.36,87055016,1337165045.76,1.34,-0.71,7672320.00
2011-07-07,15.70,87055016,1366763751.20,1.37,2.21,14673220.00
2011-07-08,15.25,87055016,1327588994.00,1.33,-2.87,7689050.00
2011-07-11,14.91,87055016,1297990288.56,1.30,-2.23,10545843.00
2011-07-12,14.67,87055016,1277097084.72,1.28,-1.61,13734054.00
2011-07-13,14.70,87055016,1279708735.20,1.28,0.20,12417090.00
2011-07-14,14.39,87055016,1252721680.24,1.25,-2.11,14079176.00
2011-07-15,14.47,87055016,1259686081.52,1.26,0.56,2912811.00
2011-07-18,14.19,87055016,1235310677.04,1.24,-1.94,7042497.00
2011-07-19,14.44,87055016,1257074431.04,1.26,1.76,6840228.00
2011-07-20,14.44,87055016,1257074431.04,1.26,0.00,3757288.00
2011-07-21,14.89,87055016,1296249188.24,1.30,3.12,6907471.00
2011-07-22,15.06,87055016,1311048540.96,1.31,1.14,8151978.00
2011-07-25,14.81,87055016,1289284786.96,1.29,-1.66,5307904.00
2011-07-26,14.62,87055016,1272744333.92,1.27,-1.28,4064360.00
2011-07-27,14.26,87055016,1241404528.16,1.24,-2.46,4249480.00
2011-07-28,14.12,87055016,1229216825.92,1.23,-0.98,6037712.00
2011-07-29,14.10,87055016,1227475725.60,1.23,-0.14,9267930.00
2011-08-01,14.00,87055016,1218770224.00,1.22,-0.71,11877600.00
2011-08-02,13.54,87055016,1178724916.64,1.18,-3.29,20345204.00
2011-08-03,13.79,87055016,1200488670.64,1.20,1.85,20515383.00
2011-08-04,12.24,87055016,1065553395.84,1.07,-11.24,76723992.00
2011-08-05,11.54,87055016,1004614884.64,1.00,-5.72,22490306.00
2011-08-08,10.52,87055016,915818768.32,0.92,-8.84,14887904.00
2011-08-09,11.18,87055016,973275078.88,0.97,6.27,22195654.00
2011-08-10,10.53,87055016,916689318.48,0.92,-5.81,12493845.00
2011-08-11,11.02,87055016,959346276.32,0.96,4.65,10187990.00
2011-08-12,10.90,87055016,948899674.40,0.95,-1.09,9061170.00
2011-08-15,11.71,87055016,1019414237.36,1.02,7.43,9078763.00
2011-08-16,11.43,87055016,995038832.88,1.00,-2.39,7583805.00
2011-08-17,11.41,87055016,993297732.56,0.99,-0.17,7701750.00
2011-08-18,10.82,87055016,941935273.12,0.94,-5.17,15421746.00
2011-08-19,10.20,87055016,887961163.20,0.89,-5.73,12170640.00
2011-08-22,10.37,87055016,902760515.92,0.90,1.67,12650363.00
2011-08-23,10.72,87055016,933229771.52,0.93,3.38,6315152.00
2011-08-24,11.04,87055016,961087376.64,0.96,2.99,7103136.00
2011-08-25,10.74,87055016,934970871.84,0.93,-2.72,6790902.00
2011-08-26,11.16,87055016,971533978.56,0.97,3.91,12217968.00
2011-08-29,11.69,87055016,1017673137.04,1.02,4.75,13415444.00
2011-08-30,11.71,87055016,1019414237.36,1.02,0.17,12569514.00
2011-08-31,11.58,87055016,1008097085.28,1.01,-1.11,11705064.00
2011-09-01,11.60,87055016,1009838185.60,1.01,0.17,11948000.00
2011-09-02,11.06,87055016,962828476.96,0.96,-4.66,8299424.00
2011-09-06,10.78,87055016,938453072.48,0.94,-2.53,11210122.00
2011-09-07,11.16,87055016,971533978.56,0.97,3.53,7932528.00
2011-09-08,10.77,87055016,937582522.32,0.94,-3.49,8365059.00
2011-09-09,10.39,87055016,904501616.24,0.90,-3.53,13874806.00
2011-09-12,10.11,87055016,880126211.76,0.88,-2.69,14487630.00
2011-09-13,10.35,87055016,901019415.60,0.90,2.37,12373425.00
2011-09-14,10.46,87055016,910595467.36,0.91,1.06,11184878.00
2011-09-15,10.55,87055016,918430418.80,0.92,0.86,15147690.00
2011-09-16,10.77,87055016,937582522.32,0.94,2.09,12021474.00
2011-09-19,10.77,87055016,937582522.32,0.94,0.00,10737690.00
2011-09-20,10.62,87055016,924524269.92,0.92,-1.39,15300234.00
2011-09-21,10.19,87055016,887090613.04,0.89,-4.05,19048167.00
2011-09-22,9.39,87055016,817446600.24,0.82,-7.85,17571507.00
2011-09-23,9.66,87055016,840951454.56,0.84,2.88,7493262.00
2011-09-26,9.99,87055016,869679609.84,0.87,3.42,7508484.00
2011-09-27,10.34,87055016,900148865.44,0.90,3.50,6754088.00
2011-09-28,9.85,87055016,857491907.60,0.86,-4.74,6455690.00
2011-09-29,9.88,87055016,860103558.08,0.86,0.30,9716980.00
2011-09-30,9.43,87055016,820928800.88,0.82,-4.55,9765708.00
2011-10-03,9.36,87055016,814834949.76,0.81,-0.74,20647224.00
2011-10-04,9.99,87055016,869679609.84,0.87,6.73,14981004.00
2011-10-05,9.87,87055016,859233007.92,0.86,-1.20,8643159.00
2011-10-06,10.39,87055016,904501616.24,0.90,5.27,8357716.00
2011-10-07,10.33,87055016,899278315.28,0.90,-0.58,6428359.00
2011-10-10,10.51,87055016,914948218.16,0.91,1.74,8084292.00
2011-10-11,10.51,87055016,914948218.16,0.91,0.00,5693267.00
2011-10-12,10.72,87055016,933229771.52,0.93,2.00,32222176.00
2011-10-13,10.63,87055016,925394820.08,0.93,-0.84,7807735.00
2011-10-14,10.33,87055016,899278315.28,0.90,-2.82,13852530.00
2011-10-17,9.86,87055016,858362457.76,0.86,-4.55,9106696.00
2011-10-18,10.34,87055016,900148865.44,0.90,4.87,8757980.00
2011-10-19,10.24,87055016,891443363.84,0.89,-0.97,5921792.00
2011-10-20,10.47,87055016,911466017.52,0.91,2.25,9644964.00
2011-10-21,10.67,87055016,928877020.72,0.93,1.91,9023619.00
2011-10-24,11.73,87055016,1021155337.68,1.02,9.93,22508697.00
2011-10-25,11.59,87055016,1008967635.44,1.01,-1.19,14628898.00
2011-10-26,11.78,87055016,1025508088.48,1.03,1.64,9710254.00
2011-10-27,12.36,87055016,1075999997.76,1.08,4.92,15098976.00
2011-10-28,12.55,87055016,1092540450.80,1.09,1.54,11958895.00
2011-10-31,12.45,87055016,1083834949.20,1.08,-0.80,15947205.00
2011-11-01,11.49,87055016,1000262133.84,1.00,-7.71,20602719.00
2011-11-02,11.64,87055016,1013320386.24,1.01,1.31,11650476.00
2011-11-03,14.43,87055016,1256203880.88,1.26,23.97,59620431.00
2011-11-04,14.20,87055016,1236181227.20,1.24,-1.59,17772720.00
2011-11-07,14.06,87055016,1223993524.96,1.22,-0.99,14206224.00
2011-11-08,14.19,87055016,1235310677.04,1.24,0.92,15265602.00
2011-11-09,13.32,87055016,1159572813.12,1.16,-6.13,21461184.00
2011-11-10,13.62,87055016,1185689317.92,1.19,2.25,13892400.00
2011-11-11,13.87,87055016,1207453071.92,1.21,1.84,6835136.00
2011-11-14,13.68,87055016,1190912618.88,1.19,-1.37,8975448.00
2011-11-15,13.75,87055016,1197006470.00,1.20,0.51,7642250.00
2011-11-16,13.48,87055016,1173501615.68,1.17,-1.96,7571716.00
2011-11-17,13.36,87055016,1163055013.76,1.16,-0.89,11649920.00
2011-11-18,13.20,87055016,1149126211.20,1.15,-1.20,10991640.00
2011-11-21,13.10,87055016,1140420709.60,1.14,-0.76,13785130.00
2011-11-22,12.65,87055016,1101245952.40,1.10,-3.44,8099795.00
2011-11-23,12.21,87055016,1062941745.36,1.06,-3.48,10366290.00
2011-11-25,12.41,87055016,1080352748.56,1.08,1.64,3837172.00
2011-11-28,12.89,87055016,1122139156.24,1.12,3.87,11215589.00
2011-11-29,12.76,87055016,1110822004.16,1.11,-1.01,7973724.00
2011-11-30,13.45,87055016,1170889965.20,1.17,5.41,10500415.00
2011-12-01,13.37,87055016,1163925563.92,1.16,-0.59,4346587.00
2011-12-02,13.66,87055016,1189171518.56,1.19,2.17,7853134.00
2011-12-05,13.92,87055016,1211805822.72,1.21,1.90,11596752.00
2011-12-06,13.77,87055016,1198747570.32,1.20,-1.08,5806809.00
2011-12-07,13.78,87055016,1199618120.48,1.20,0.07,6115564.00
2011-12-08,13.09,87055016,1139550159.44,1.14,-5.01,12223442.00
2011-12-09,13.45,87055016,1170889965.20,1.17,2.75,6348400.00
2011-12-12,13.25,87055016,1153478962.00,1.15,-1.49,6944325.00
2011-12-13,12.88,87055016,1121268606.08,1.12,-2.79,5561584.00
2011-12-14,12.89,87055016,1122139156.24,1.12,0.08,12753366.00
2011-12-15,13.15,87055016,1144773460.40,1.14,2.02,8970930.00
2011-12-16,13.28,87055016,1156090612.48,1.16,0.99,21188240.00
2011-12-19,13.22,87055016,1150867311.52,1.15,-0.45,11223780.00
2011-12-20,13.91,87055016,1210935272.56,1.21,5.22,11902787.00
2011-12-21,14.06,87055016,1223993524.96,1.22,1.08,13278264.00
2011-12-22,14.84,87055016,1291896437.44,1.29,5.55,19014492.00
2011-12-23,14.64,87055016,1274485434.24,1.27,-1.35,7489824.00
2011-12-27,14.90,87055016,1297119738.40,1.30,1.78,6748210.00
2011-12-28,14.84,87055016,1291896437.44,1.29,-0.40,6406428.00
2011-12-29,15.17,87055016,1320624592.72,1.32,2.22,7372620.00
2011-12-30,15.23,87055016,1325847893.68,1.33,0.40,10190393.00
2012-01-03,15.66,87055016,1363281550.56,1.36,2.82,11361330.00
2012-01-04,15.47,87055016,1346741097.52,1.35,-1.21,14698047.00
2012-01-05,15.26,87055016,1328459544.16,1.33,-1.36,8364006.00
2012-01-06,15.27,87055016,1329330094.32,1.33,0.07,5785803.00
2012-01-09,15.24,87055016,1326718443.84,1.33,-0.20,10671048.00
2012-01-10,15.78,87055016,1373728152.48,1.37,3.54,8716872.00
2012-01-11,16.11,87055016,1402456307.76,1.40,2.09,24715962.00
2012-01-12,16.55,87055016,1440760514.80,1.44,2.73,15457700.00
2012-01-13,16.22,87055016,1412032359.52,1.41,-1.99,13910272.00
2012-01-17,16.16,87055016,1406809058.56,1.41,-0.37,8204432.00
2012-01-18,16.35,87055016,1423349511.60,1.42,1.18,12806955.00
2012-01-19,16.61,87055016,1445983815.76,1.45,1.59,11421036.00
2012-01-20,16.36,87055016,1424220061.76,1.42,-1.51,8891660.00
2012-01-23,16.17,87055016,1407679608.72,1.41,-1.16,11708697.00
2012-01-24,16.85,87055016,1466877019.60,1.47,4.21,18838300.00
2012-01-25,17.11,87055016,1489511323.76,1.49,1.54,11087280.00
2012-01-26,16.85,87055016,1466877019.60,1.47,-1.52,16582085.00
2012-01-27,16.78,87055016,1460783168.48,1.46,-0.42,11455706.00
2012-01-30,16.34,87055016,1422478961.44,1.42,-2.62,11475582.00
2012-01-31,15.82,87055016,1377210353.12,1.38,-3.18,15481452.00
2012-02-01,15.98,87055016,1391139155.68,1.39,1.01,16224494.00
2012-02-02,15.91,87055016,1385045304.56,1.39,-0.44,10895168.00
2012-02-03,16.58,87055016,1443372165.28,1.44,4.21,18989074.00
2012-02-06,16.82,87055016,1464265369.12,1.46,1.45,8458778.00
2012-02-07,16.84,87055016,1466006469.44,1.47,0.12,5986620.00
2012-02-08,17.16,87055016,1493864074.56,1.49,1.90,11205480.00
2012-02-09,17.73,87055016,1543485433.68,1.54,3.32,16744212.00
2012-02-10,17.61,87055016,1533038831.76,1.53,-0.68,12198447.00
2012-02-13,17.87,87055016,1555673135.92,1.56,1.48,7852078.00
2012-02-14,17.63,87055016,1534779932.08,1.53,-1.34,16790812.00
2012-02-15,17.35,87055016,1510404527.60,1.51,-1.59,10937440.00
2012-02-16,17.33,87055016,1508663427.28,1.51,-0.12,13976645.00
2012-02-17,17.45,87055016,1519110029.20,1.52,0.69,12372050.00
2012-02-21,17.43,87055016,1517368928.88,1.52,-0.11,45150672.00
2012-02-22,18.31,87055016,1593977342.96,1.59,5.05,43372728.00
2012-02-23,18.17,87055016,1581789640.72,1.58,-0.76,17537684.00
2012-02-24,17.83,87055016,1552190935.28,1.55,-1.87,10942271.00
2012-02-27,18.12,87055016,1577436889.92,1.58,1.63,10942668.00
2012-02-28,18.41,87055016,1602682844.56,1.60,1.60,15379714.00
2012-02-29,18.10,87055016,1575695789.60,1.58,-1.68,13658260.00
2012-03-01,17.97,87055016,1564378637.52,1.56,-0.72,14334669.00
2012-03-02,18.00,87055016,1566990288.00,1.57,0.17,6379200.00
2012-03-05,17.87,87055016,1555673135.92,1.56,-0.72,4714106.00
2012-03-06,17.14,87055016,1492122974.24,1.49,-4.09,11432380.00
2012-03-07,17.16,87055016,1493864074.56,1.49,0.12,14929200.00
2012-03-08,17.38,87055016,1513016178.08,1.51,1.28,6687824.00
2012-03-09,17.31,87055016,1506922326.96,1.51,-0.40,6283530.00
2012-03-12,17.30,87055016,1506051776.80,1.51,-0.06,7262540.00
2012-03-13,17.86,87055016,1554802585.76,1.55,3.24,8001280.00
2012-03-14,17.69,87055016,1540003233.04,1.54,-0.95,7489946.00
2012-03-15,17.98,87055016,1565249187.68,1.57,1.64,5025410.00
2012-03-16,17.95,87055016,1562637537.20,1.56,-0.17,6243010.00
2012-03-19,18.25,87055016,1588754042.00,1.59,1.67,6037100.00
2012-03-20,18.19,87055016,1583530741.04,1.58,-0.33,7132299.00
2012-03-21,18.27,87055016,1590495142.32,1.59,0.44,7934661.00
2012-03-22,18.38,87055016,1600071194.08,1.60,0.60,6892500.00
2012-03-23,18.26,87055016,1589624592.16,1.59,-0.65,12603052.00
2012-03-26,18.44,87055016,1605294495.04,1.61,0.99,6868900.00
2012-03-27,18.18,87055016,1582660190.88,1.58,-1.41,4185036.00
2012-03-28,17.95,87055016,1562637537.20,1.56,-1.27,8617795.00
2012-03-29,17.43,87055016,1517368928.88,1.52,-2.90,11256294.00
2012-03-30,17.94,87055016,1561766987.04,1.56,2.93,8641698.00
2012-04-02,17.94,87055016,1561766987.04,1.56,0.00,5905848.00
2012-04-03,18.03,87055016,1569601938.48,1.57,0.50,3741225.00
2012-04-04,17.68,87055016,1539132682.88,1.54,-1.94,7427368.00
2012-04-05,17.45,87055016,1519110029.20,1.52,-1.30,4955800.00
2012-04-09,17.04,87055016,1483417472.64,1.48,-2.35,7511232.00
2012-04-10,16.40,87055016,1427702262.40,1.43,-3.76,6884720.00
2012-04-11,16.68,87055016,1452077666.88,1.45,1.71,8014740.00
2012-04-12,17.04,87055016,1483417472.64,1.48,2.16,5919696.00
2012-04-13,16.78,87055016,1460783168.48,1.46,-1.53,4637992.00
2012-04-16,16.57,87055016,1442501615.12,1.44,-1.25,6001654.00
2012-04-17,16.61,87055016,1445983815.76,1.45,0.24,8113985.00
2012-04-18,16.53,87055016,1439019414.48,1.44,-0.48,5843355.00
2012-04-19,16.35,87055016,1423349511.60,1.42,-1.09,7692675.00
2012-04-20,15.99,87055016,1392009705.84,1.39,-2.20,15969213.00
2012-04-23,15.98,87055016,1391139155.68,1.39,-0.06,12221504.00
2012-04-24,16.17,87055016,1407679608.72,1.41,1.19,9234687.00
2012-04-25,16.42,87055016,1429443362.72,1.43,1.55,9313424.00
2012-04-26,17.37,87055016,1512145627.92,1.51,5.79,18608481.00
2012-04-27,17.39,87055016,1513886728.24,1.51,0.12,13558983.00
2012-04-30,17.62,87055016,1533909381.92,1.53,1.32,9694524.00
2012-05-01,17.62,87055016,1533909381.92,1.53,0.00,14769084.00
2012-05-02,17.61,87055016,1533038831.76,1.53,-0.06,19983828.00
2012-05-03,16.00,87055016,1392880256.00,1.39,-9.14,37715200.00
2012-05-04,15.00,87055016,1305825240.00,1.31,-6.25,22915500.00
2012-05-07,15.00,87055016,1305825240.00,1.31,0.00,11797500.00
2012-05-08,14.73,87055016,1282320385.68,1.28,-1.80,15370755.00
2012-05-09,14.80,87055016,1288414236.80,1.29,0.48,10398480.00
2012-05-10,14.43,87055016,1256203880.88,1.26,-2.50,10923510.00
2012-05-11,14.58,87055016,1269262133.28,1.27,1.04,6381666.00
2012-05-14,14.11,87055016,1228346275.76,1.23,-3.22,10874577.00
2012-05-15,14.49,87055016,1261427181.84,1.26,2.69,13574232.00
2012-05-16,13.80,87055016,1201359220.80,1.20,-4.76,15950040.00
2012-05-17,13.55,87055016,1179595466.80,1.18,-1.81,18465940.00
2012-05-18,13.39,87055016,1165666664.24,1.17,-1.18,11307855.00
2012-05-21,13.67,87055016,1190042068.72,1.19,2.09,9212213.00
2012-05-22,13.63,87055016,1186559868.08,1.19,-0.29,9122559.00
2012-05-23,13.90,87055016,1210064722.40,1.21,1.98,9160100.00
2012-05-24,13.96,87055016,1215288023.36,1.22,0.43,4126576.00
2012-05-25,13.84,87055016,1204841421.44,1.20,-0.86,4102176.00
2012-05-29,14.01,87055016,1219640774.16,1.22,1.23,5836566.00
2012-05-30,13.61,87055016,1184818767.76,1.18,-2.86,14121736.00
2012-05-31,13.63,87055016,1186559868.08,1.19,0.15,7114860.00
2012-06-01,13.24,87055016,1152608411.84,1.15,-2.86,10817080.00
2012-06-04,13.20,87055016,1149126211.20,1.15,-0.30,9391800.00
2012-06-05,13.66,87055016,1189171518.56,1.19,3.48,9160396.00
2012-06-06,14.30,87055016,1244886728.80,1.24,4.69,9339330.00
2012-06-07,14.25,87055016,1240533978.00,1.24,-0.35,9157050.00
2012-06-08,14.56,87055016,1267521032.96,1.27,2.18,6878144.00
2012-06-11,14.23,87055016,1238792877.68,1.24,-2.27,7174766.00
2012-06-12,14.70,87055016,1279708735.20,1.28,3.30,9080190.00
2012-06-13,14.79,87055016,1287543686.64,1.29,0.61,18104439.00
2012-06-14,14.80,87055016,1288414236.80,1.29,0.07,8240640.00
2012-06-15,15.14,87055016,1318012942.24,1.32,2.30,11765294.00
2012-06-18,15.19,87055016,1322365693.04,1.32,0.33,8612730.00
2012-06-19,15.59,87055016,1357187699.44,1.36,2.63,11337048.00
2012-06-20,15.88,87055016,1382433654.08,1.38,1.86,15265444.00
2012-06-21,15.50,87055016,1349352748.00,1.35,-2.39,14965250.00
2012-06-22,15.66,87055016,1363281550.56,1.36,1.03,40867902.00
2012-06-25,15.06,87055016,1311048540.96,1.31,-3.83,8028486.00
2012-06-26,15.07,87055016,1311919091.12,1.31,0.07,14287867.00
2012-06-27,15.14,87055016,1318012942.24,1.32,0.46,11547278.00
2012-06-28,15.18,87055016,1321495142.88,1.32,0.26,10462056.00
2012-06-29,15.83,87055016,1378080903.28,1.38,4.28,12512032.00
2012-07-02,15.93,87055016,1386786404.88,1.39,0.63,8425377.00
2012-07-03,16.08,87055016,1399844657.28,1.40,0.94,4065024.00
2012-07-05,15.83,87055016,1378080903.28,1.38,-1.55,7823186.00
2012-07-06,15.58,87055016,1356317149.28,1.36,-1.58,5987394.00
2012-07-09,15.45,87055016,1344999997.20,1.34,-0.83,6944775.00
2012-07-10,14.91,87055016,1297990288.56,1.30,-3.50,7927647.00
2012-07-11,14.78,87055016,1286673136.48,1.29,-0.87,11191416.00
2012-07-12,14.65,87055016,1275355984.40,1.28,-0.88,7575515.00
2012-07-13,14.90,87055016,1297119738.40,1.30,1.71,4204780.00
2012-07-16,14.93,87055016,1299731388.88,1.30,0.20,5265811.00
2012-07-17,16.38,87055016,1425961162.08,1.43,9.71,53949168.00
2012-07-18,16.36,87055016,1424220061.76,1.42,-0.12,11178788.00
2012-07-19,16.66,87055016,1450336566.56,1.45,1.83,12206782.00
2012-07-20,16.76,87055016,1459042068.16,1.46,0.60,8924700.00
2012-07-23,16.48,87055016,1434666663.68,1.43,-1.67,7834592.00
2012-07-24,16.43,87055016,1430313912.88,1.43,-0.30,7817394.00
2012-07-25,16.33,87055016,1421608411.28,1.42,-0.61,18590072.00
2012-07-26,16.79,87055016,1461653718.64,1.46,2.82,9442696.00
2012-07-27,17.35,87055016,1510404527.60,1.51,3.34,10763940.00
2012-07-30,16.90,87055016,1471229770.40,1.47,-2.59,13979680.00
2012-07-31,16.80,87055016,1462524268.80,1.46,-0.59,12047280.00
2012-08-01,16.57,87055016,1442501615.12,1.44,-1.37,7554263.00
2012-08-02,16.53,87055016,1439019414.48,1.44,-0.24,5087934.00
2012-08-03,17.15,87055016,1492993524.40,1.49,3.75,9122085.00
2012-08-06,17.29,87055016,1505181226.64,1.51,0.82,12694318.00
2012-08-07,17.44,87055016,1518239479.04,1.52,0.87,18870080.00
2012-08-08,19.05,87055016,1658398054.80,1.66,9.23,139432665.00
2012-08-09,18.63,87055016,1621834948.08,1.62,-2.20,66069432.00
2012-08-10,18.27,87055016,1590495142.32,1.59,-1.93,35093016.00
2012-08-13,17.92,87055016,1560025886.72,1.56,-1.92,36977920.00
2012-08-14,17.76,87055016,1546097084.16,1.55,-0.89,19575072.00
2012-08-15,17.82,87055016,1551320385.12,1.55,0.34,19846134.00
2012-08-16,18.02,87055016,1568731388.32,1.57,1.12,10622790.00
2012-08-17,17.87,87055016,1555673135.92,1.56,-0.83,11737016.00
2012-08-20,18.11,87055016,1576566339.76,1.58,1.34,12595505.00
2012-08-21,18.18,87055016,1582660190.88,1.58,0.39,16102026.00
2012-08-22,18.45,87055016,1606165045.20,1.61,1.49,13970340.00
2012-08-23,18.12,87055016,1577436889.92,1.58,-1.79,14622840.00
2012-08-24,18.15,87055016,1580048540.40,1.58,0.17,9120375.00
2012-08-27,18.28,87055016,1591365692.48,1.59,0.72,7527704.00
2012-08-28,18.18,87055016,1582660190.88,1.58,-0.55,6292098.00
2012-08-29,18.33,87055016,1595718443.28,1.60,0.83,6201039.00
2012-08-30,18.15,87055016,1580048540.40,1.58,-0.98,5844300.00
2012-08-31,18.34,87055016,1596588993.44,1.60,1.05,7651448.00
2012-09-04,18.38,87055016,1600071194.08,1.60,0.22,16751532.00
2012-09-05,18.15,87055016,1580048540.40,1.58,-1.25,18467625.00
2012-09-06,18.30,87055016,1593106792.80,1.59,0.83,33633570.00
2012-09-07,18.19,87055016,1583530741.04,1.58,-0.60,14088155.00
2012-09-10,17.76,87055016,1546097084.16,1.55,-2.36,13238304.00
2012-09-11,17.59,87055016,1531297731.44,1.53,-0.96,23079839.00
2012-09-12,17.46,87055016,1519980579.36,1.52,-0.74,11307096.00
2012-09-13,17.96,87055016,1563508087.36,1.56,2.86,19932008.00
2012-09-14,18.23,87055016,1587012941.68,1.59,1.50,13207635.00
2012-09-17,18.08,87055016,1573954689.28,1.57,-0.82,13243600.00
2012-09-18,18.52,87055016,1612258896.32,1.61,2.43,37171492.00
2012-09-19,18.41,87055016,1602682844.56,1.60,-0.59,20788572.00
2012-09-20,19.52,87055016,1699313912.32,1.70,6.03,66520256.00
2012-09-21,20.22,87055016,1760252423.52,1.76,3.59,57331788.00
2012-09-24,20.34,87055016,1770699025.44,1.77,0.59,79478550.00
2012-09-25,20.49,87055016,1783757277.84,1.78,0.74,31650903.00
2012-09-26,20.04,87055016,1744582520.64,1.74,-2.20,25655208.00
2012-09-27,20.48,87055016,1782886727.68,1.78,2.20,18903040.00
2012-09-28,20.51,87055016,1785498378.16,1.79,0.15,20887384.00
2012-10-01,20.72,87055016,1803779931.52,1.80,1.02,18239816.00
2012-10-02,20.71,87055016,1802909381.36,1.80,-0.05,22965319.00
2012-10-03,20.83,87055016,1813355983.28,1.81,0.58,21888164.00
2012-10-04,20.97,87055016,1825543685.52,1.83,0.67,23190723.00
2012-10-05,20.79,87055016,1809873782.64,1.81,-0.86,31700592.00
2012-10-08,20.96,87055016,1824673135.36,1.82,0.82,12427184.00
2012-10-09,21.04,87055016,1831637536.64,1.83,0.38,30792040.00
2012-10-10,20.68,87055016,1800297730.88,1.80,-1.71,24191464.00
2012-10-11,20.70,87055016,1802038831.20,1.80,0.10,21136770.00
2012-10-12,20.87,87055016,1816838183.92,1.82,0.82,11743549.00
2012-10-15,21.24,87055016,1849048539.84,1.85,1.77,23984208.00
2012-10-16,21.60,87055016,1880388345.60,1.88,1.69,16463520.00
2012-10-17,21.69,87055016,1888223297.04,1.89,0.42,15766461.00
2012-10-18,21.94,87055016,1909987051.04,1.91,1.15,19781104.00
2012-10-19,21.62,87055016,1882129445.92,1.88,-1.46,25574298.00
2012-10-22,21.82,87055016,1899540449.12,1.90,0.93,16358454.00
2012-10-23,21.71,87055016,1889964397.36,1.89,-0.50,11727742.00
2012-10-24,21.77,87055016,1895187698.32,1.90,0.28,12064934.00
2012-10-25,21.72,87055016,1890834947.52,1.89,-0.23,19721760.00
2012-10-26,21.74,87055016,1892576047.84,1.89,0.09,13420102.00
2012-10-31,21.73,87055016,1891705497.68,1.89,-0.05,20843416.00
2012-11-01,21.96,87055016,1911728151.36,1.91,1.06,18769212.00
2012-11-02,21.79,87055016,1896928798.64,1.90,-0.77,23611644.00
2012-11-05,22.01,87055016,1916080902.16,1.92,1.01,12321198.00
2012-11-06,21.96,87055016,1911728151.36,1.91,-0.23,15655284.00
2012-11-07,22.60,87055016,1967443361.60,1.97,2.91,47912000.00
2012-11-08,22.32,87055016,1943067957.12,1.94,-1.24,27453600.00
2012-11-09,22.56,87055016,1963961160.96,1.96,1.08,27863856.00
2012-11-12,22.63,87055016,1970055012.08,1.97,0.31,18178679.00
2012-11-13,22.67,87055016,1973537212.72,1.97,0.18,18097461.00
2012-11-14,22.36,87055016,1946550157.76,1.95,-1.37,21300136.00
2012-11-15,22.28,87055016,1939585756.48,1.94,-0.36,36127020.00
2012-11-16,22.32,87055016,1943067957.12,1.94,0.18,21023208.00
2012-11-19,22.53,87055016,1961349510.48,1.96,0.94,15917445.00
2012-11-20,22.43,87055016,1952644008.88,1.95,-0.44,13323420.00
2012-11-21,22.27,87055016,1938715206.32,1.94,-0.71,20526259.00
2012-11-23,22.26,87055016,1937844656.16,1.94,-0.04,6824916.00
2012-11-26,22.12,87055016,1925656953.92,1.93,-0.63,21456400.00
2012-11-27,21.94,87055016,1909987051.04,1.91,-0.81,20774986.00
2012-11-28,21.88,87055016,1904763750.08,1.90,-0.27,20092404.00
2012-11-29,21.90,87055016,1906504850.40,1.91,0.09,13483830.00
2012-11-30,21.74,87055016,1892576047.84,1.89,-0.73,16752844.00
2012-12-03,21.46,87055016,1868200643.36,1.87,-1.29,23075938.00
2012-12-04,21.42,87055016,1864718442.72,1.86,-0.19,16690464.00
2012-12-05,21.37,87055016,1860365691.92,1.86,-0.23,10257600.00
2012-12-06,21.39,87055016,1862106792.24,1.86,0.09,13907778.00
2012-12-07,21.95,87055016,1910857601.20,1.91,2.62,26814120.00
2012-12-10,21.86,87055016,1903022649.76,1.90,-0.41,8330846.00
2012-12-11,22.05,87055016,1919563102.80,1.92,0.87,25544925.00
2012-12-12,22.11,87055016,1924786403.76,1.92,0.27,20927115.00
2012-12-13,22.00,87055016,1915210352.00,1.92,-0.50,16724400.00
2012-12-14,22.38,87055016,1948291258.08,1.95,1.73,26670246.00
2012-12-17,22.22,87055016,1934362455.52,1.93,-0.71,18275950.00
2012-12-18,22.01,87055016,1916080902.16,1.92,-0.95,37954044.00
2012-12-19,21.92,87055016,1908245950.72,1.91,-0.41,15341808.00
2012-12-20,22.12,87055016,1925656953.92,1.93,0.91,11989040.00
2012-12-21,21.80,87055016,1897799348.80,1.90,-1.45,29637100.00
2012-12-24,21.72,87055016,1890834947.52,1.89,-0.37,3149400.00
2012-12-26,21.45,87055016,1867330093.20,1.87,-1.24,10265970.00
2012-12-27,21.27,87055016,1851660190.32,1.85,-0.84,11273100.00
2012-12-28,21.28,87055016,1852530740.48,1.85,0.05,6492528.00
2012-12-31,21.45,87055016,1867330093.20,1.87,0.80,13052325.00
2013-01-02,22.13,87055016,1926527504.08,1.93,3.17,21547981.00
2013-01-03,21.79,87055016,1896928798.64,1.90,-1.54,15645220.00
2013-01-04,22.14,87055016,1927398054.24,1.93,1.61,18998334.00
2013-01-07,22.04,87055016,1918692552.64,1.92,-0.45,12373256.00
2013-01-08,21.97,87055016,1912598701.52,1.91,-0.32,16958643.00
2013-01-09,22.11,87055016,1924786403.76,1.92,0.64,10840533.00
2013-01-10,22.23,87055016,1935233005.68,1.94,0.54,12637755.00
2013-01-11,22.18,87055016,1930880254.88,1.93,-0.22,10923650.00
2013-01-14,22.83,87055016,1987466015.28,1.99,2.93,21841461.00
2013-01-15,22.68,87055016,1974407762.88,1.97,-0.66,13496868.00
2013-01-16,22.85,87055016,1989207115.60,1.99,0.75,13383245.00
2013-01-17,23.37,87055016,2034475723.92,2.03,2.28,63192480.00
2013-01-18,23.25,87055016,2024029122.00,2.02,-0.51,19581150.00
2013-01-22,23.33,87055016,2030993523.28,2.03,0.34,20133790.00
2013-01-23,23.33,87055016,2030993523.28,2.03,0.00,15624101.00
2013-01-24,23.37,87055016,2034475723.92,2.03,0.17,15190500.00
2013-01-25,23.37,87055016,2034475723.92,2.03,0.00,7480737.00
2013-01-28,23.32,87055016,2030122973.12,2.03,-0.21,15566100.00
2013-01-29,23.38,87055016,2035346274.08,2.04,0.26,11311244.00
2013-01-30,23.28,87055016,2026640772.48,2.03,-0.43,7870968.00
2013-01-31,23.61,87055016,2055368927.76,2.06,1.42,20535978.00
2013-02-01,24.02,87055016,2091061484.32,2.09,1.74,28523750.00
2013-02-04,24.06,87055016,2094543684.96,2.09,0.17,15456144.00
2013-02-05,24.11,87055016,2098896435.76,2.10,0.21,11782557.00
2013-02-06,23.90,87055016,2080614882.40,2.08,-0.87,10308070.00
2013-02-07,23.84,87055016,2075391581.44,2.08,-0.25,14265856.00
2013-02-08,23.78,87055016,2070168280.48,2.07,-0.25,11205136.00
2013-02-11,23.82,87055016,2073650481.12,2.07,0.17,7865364.00
2013-02-12,24.26,87055016,2111954688.16,2.11,1.85,18258076.00
2013-02-13,24.33,87055016,2118048539.28,2.12,0.29,11104212.00
2013-02-14,24.74,87055016,2153741095.84,2.15,1.69,11610482.00
2013-02-15,25.03,87055016,2178987050.48,2.18,1.17,23998764.00
2013-02-19,25.22,87055016,2195527503.52,2.20,0.76,24286860.00
2013-02-20,24.86,87055016,2164187697.76,2.16,-1.43,22858770.00
2013-02-21,24.28,87055016,2113695788.48,2.11,-2.33,17199952.00
2013-02-22,24.19,87055016,2105860837.04,2.11,-0.37,16066998.00
2013-02-25,23.87,87055016,2078003231.92,2.08,-1.32,15384215.00
2013-02-26,24.14,87055016,2101508086.24,2.10,1.13,30196726.00
2013-02-27,25.16,87055016,2190304202.56,2.19,4.23,56129444.00
2013-02-28,25.60,87055016,2228608409.60,2.23,1.75,36707840.00
2013-03-01,25.41,87055016,2212067956.56,2.21,-0.74,39753945.00
2013-03-04,25.54,87055016,2223385108.64,2.22,0.51,18513946.00
2013-03-05,25.66,87055016,2233831710.56,2.23,0.47,14531258.00
2013-03-06,25.90,87055016,2254724914.40,2.25,0.94,28487410.00
2013-03-07,25.79,87055016,2245148862.64,2.25,-0.42,42478709.00
2013-03-08,25.98,87055016,2261689315.68,2.26,0.74,31155216.00
2013-03-11,26.43,87055016,2300864072.88,2.30,1.73,18382065.00
2013-03-12,26.44,87055016,2301734623.04,2.30,0.04,22952564.00
2013-03-13,26.62,87055016,2317404525.92,2.32,0.68,13850386.00
2013-03-14,26.62,87055016,2317404525.92,2.32,0.00,16813192.00
2013-03-15,26.56,87055016,2312181224.96,2.31,-0.23,16307840.00
2013-03-18,26.24,87055016,2284323619.84,2.28,-1.20,12217344.00
2013-03-19,26.16,87055016,2277359218.56,2.28,-0.30,23779440.00
2013-03-20,26.34,87055016,2293029121.44,2.29,0.69,12379800.00
2013-03-21,26.38,87055016,2296511322.08,2.30,0.15,27530168.00
2013-03-22,26.52,87055016,2308699024.32,2.31,0.53,11514984.00
2013-03-25,26.59,87055016,2314792875.44,2.31,0.26,18543866.00
2013-03-26,26.77,87055016,2330462778.32,2.33,0.68,28151332.00
2013-03-27,26.63,87055016,2318275076.08,2.32,-0.52,21386553.00
2013-03-28,26.90,87055016,2341779930.40,2.34,1.01,19779570.00
2013-04-01,26.74,87055016,2327851127.84,2.33,-0.59,19397196.00
2013-04-02,26.69,87055016,2323498377.04,2.32,-0.19,11716910.00
2013-04-03,25.95,87055016,2259077665.20,2.26,-2.77,16530150.00
2013-04-04,25.92,87055016,2256466014.72,2.26,-0.12,39748320.00
2013-04-05,25.84,87055016,2249501613.44,2.25,-0.31,24310272.00
2013-04-08,26.53,87055016,2309569574.48,2.31,2.67,13487852.00
2013-04-09,26.20,87055016,2280841419.20,2.28,-1.24,12340200.00
2013-04-10,26.46,87055016,2303475723.36,2.30,0.99,30616866.00
2013-04-11,26.45,87055016,2302605173.20,2.30,-0.04,26219885.00
2013-04-12,26.33,87055016,2292158571.28,2.29,-0.45,15123952.00
2013-04-15,26.48,87055016,2305216823.68,2.31,0.57,35101888.00
2013-04-16,26.70,87055016,2324368927.20,2.32,0.83,21234510.00
2013-04-17,26.37,87055016,2295640771.92,2.30,-1.24,20101851.00
2013-04-18,25.74,87055016,2240796111.84,2.24,-2.39,23191740.00
2013-04-19,26.41,87055016,2299122972.56,2.30,2.60,15814308.00
2013-04-22,26.61,87055016,2316533975.76,2.32,0.76,11487537.00
2013-04-23,26.72,87055016,2326110027.52,2.33,0.41,14252448.00
2013-04-24,26.29,87055016,2288676370.64,2.29,-1.61,15450633.00
2013-04-25,26.51,87055016,2307828474.16,2.31,0.84,19373508.00
2013-04-26,26.22,87055016,2282582519.52,2.28,-1.09,19478838.00
2013-04-29,25.95,87055016,2259077665.20,2.26,-1.03,10743300.00
2013-04-30,25.92,87055016,2256466014.72,2.26,-0.12,17159040.00
2013-05-01,26.12,87055016,2273877017.92,2.27,0.77,20747116.00
2013-05-02,26.74,87055016,2327851127.84,2.33,2.37,41294582.00
2013-05-03,26.87,87055016,2339168279.92,2.34,0.49,14697890.00
2013-05-06,26.82,87055016,2334815529.12,2.33,-0.19,14917284.00
2013-05-07,26.91,87055016,2342650480.56,2.34,0.34,15750423.00
2013-05-08,26.57,87055016,2313051775.12,2.31,-1.26,62003752.00
2013-05-09,26.57,87055016,2313051775.12,2.31,0.00,20116147.00
2013-05-10,26.85,87055016,2337427179.60,2.34,1.05,17917005.00
2013-05-13,26.55,87055016,2311310674.80,2.31,-1.12,16439760.00
2013-05-14,26.88,87055016,2340038830.08,2.34,1.24,10795008.00
2013-05-15,26.87,87055016,2339168279.92,2.34,-0.04,19101883.00
2013-05-16,26.64,87055016,2319145626.24,2.32,-0.86,47696256.00
2013-05-17,26.95,87055016,2346132681.20,2.35,1.16,14862925.00
2013-05-20,26.92,87055016,2343521030.72,2.34,-0.11,10622632.00
2013-05-21,27.32,87055016,2378343037.12,2.38,1.49,16061428.00
2013-05-22,26.62,87055016,2317404525.92,2.32,-2.56,18572774.00
2013-05-23,26.47,87055016,2304346273.52,2.30,-0.56,16297579.00
2013-05-24,26.44,87055016,2301734623.04,2.30,-0.11,12141248.00
2013-05-28,27.19,87055016,2367025885.04,2.37,2.84,14984409.00
2013-05-29,26.18,87055016,2279100318.88,2.28,-3.71,26664330.00
2013-05-30,26.17,87055016,2278229768.72,2.28,-0.04,14833156.00
2013-05-31,25.87,87055016,2252113263.92,2.25,-1.15,21394490.00
2013-06-03,25.39,87055016,2210326856.24,2.21,-1.86,32009173.00
2013-06-04,24.58,87055016,2139812293.28,2.14,-3.19,38912598.00
2013-06-05,24.07,87055016,2095414235.12,2.10,-2.07,57397322.00
2013-06-06,25.21,87055016,2194656953.36,2.19,4.74,39304911.00
2013-06-07,24.15,87055016,2102378636.40,2.10,-4.20,185880135.00
2013-06-10,23.58,87055016,2052757277.28,2.05,-2.36,69931206.00
2013-06-11,23.59,87055016,2053627827.44,2.05,0.04,43775963.00
2013-06-12,23.54,87055016,2049275076.64,2.05,-0.21,26741440.00
2013-06-13,23.85,87055016,2076262131.60,2.08,1.32,22011165.00
2013-06-14,23.74,87055016,2066686079.84,2.07,-0.46,21249674.00
2013-06-17,24.09,87055016,2097155335.44,2.10,1.47,27987762.00
2013-06-18,24.27,87055016,2112825238.32,2.11,0.75,18481605.00
2013-06-19,24.07,87055016,2095414235.12,2.10,-0.82,21082913.00
2013-06-20,23.50,87055016,2045792876.00,2.05,-2.37,37275700.00
2013-06-21,23.39,87055016,2036216824.24,2.04,-0.47,36764402.00
2013-06-24,23.34,87055016,2031864073.44,2.03,-0.21,23517384.00
2013-06-25,23.44,87055016,2040569575.04,2.04,0.43,16187664.00
2013-06-26,23.77,87055016,2069297730.32,2.07,1.41,13465705.00
2013-06-27,24.22,87055016,2108472487.52,2.11,1.89,30977380.00
2013-06-28,24.02,87055016,2091061484.32,2.09,-0.83,35081210.00
2013-07-01,24.12,87055016,2099766985.92,2.10,0.42,10002564.00
2013-07-02,24.18,87055016,2104990286.88,2.10,0.25,10743174.00
2013-07-03,24.06,87055016,2094543684.96,2.09,-0.50,9787608.00
2013-07-05,24.40,87055016,2124142390.40,2.12,1.41,9303720.00
2013-07-08,24.61,87055016,2142423943.76,2.14,0.86,13892345.00
2013-07-09,24.46,87055016,2129365691.36,2.13,-0.61,22586364.00
2013-07-10,24.10,87055016,2098025885.60,2.10,-1.47,52484980.00
2013-07-11,24.80,87055016,2158964396.80,2.16,2.90,61000560.00
2013-07-12,24.93,87055016,2170281548.88,2.17,0.52,22240053.00
2013-07-15,24.83,87055016,2161576047.28,2.16,-0.40,11699896.00
2013-07-16,24.69,87055016,2149388345.04,2.15,-0.56,36504165.00
2013-07-17,24.76,87055016,2155482196.16,2.16,0.28,10775552.00
2013-07-18,24.87,87055016,2165058247.92,2.17,0.44,18751980.00
2013-07-19,24.86,87055016,2164187697.76,2.16,-0.04,25014132.00
2013-07-22,25.18,87055016,2192045302.88,2.19,1.29,31185430.00
2013-07-23,24.76,87055016,2155482196.16,2.16,-1.67,16249988.00
2013-07-24,24.47,87055016,2130236241.52,2.13,-1.17,11518029.00
2013-07-25,24.53,87055016,2135459542.48,2.14,0.25,16297732.00
2013-07-26,24.32,87055016,2117177989.12,2.12,-0.86,10061184.00
2013-07-29,24.23,87055016,2109343037.68,2.11,-0.37,20597923.00
2013-07-30,24.04,87055016,2092802584.64,2.09,-0.78,25280464.00
2013-07-31,23.99,87055016,2088449833.84,2.09,-0.21,24884827.00
2013-08-01,24.47,87055016,2130236241.52,2.13,2.00,30195980.00
2013-08-02,24.24,87055016,2110213587.84,2.11,-0.94,26312520.00
2013-08-05,24.40,87055016,2124142390.40,2.12,0.66,12648960.00
2013-08-06,24.39,87055016,2123271840.24,2.12,-0.04,9209664.00
2013-08-07,24.38,87055016,2122401290.08,2.12,-0.04,22178486.00
2013-08-08,24.36,87055016,2120660189.76,2.12,-0.08,48086640.00
2013-08-09,24.37,87055016,2121530739.92,2.12,0.04,27979197.00
2013-08-12,24.46,87055016,2129365691.36,2.13,0.37,15933244.00
2013-08-13,24.39,87055016,2123271840.24,2.12,-0.29,20890035.00
2013-08-14,24.45,87055016,2128495141.20,2.13,0.25,25616265.00
2013-08-15,24.07,87055016,2095414235.12,2.10,-1.55,28792534.00
2013-08-16,24.14,87055016,2101508086.24,2.10,0.29,29264922.00
2013-08-19,23.90,87055016,2080614882.40,2.08,-0.99,22489900.00
2013-08-20,23.99,87055016,2088449833.84,2.09,0.38,14864204.00
2013-08-21,23.58,87055016,2052757277.28,2.05,-1.71,33941052.00
2013-08-22,23.86,87055016,2077132681.76,2.08,1.19,7811764.00
2013-08-23,24.18,87055016,2104990286.88,2.10,1.34,19300476.00
2013-08-26,24.19,87055016,2105860837.04,2.11,0.04,8178639.00
2013-08-27,23.65,87055016,2058851128.40,2.06,-2.23,15698870.00
2013-08-28,23.40,87055016,2037087374.40,2.04,-1.06,17091360.00
2013-08-29,23.42,87055016,2038828474.72,2.04,0.09,25553562.00
2013-08-30,23.29,87055016,2027511322.64,2.03,-0.56,13510529.00
2013-09-03,23.15,87055016,2015323620.40,2.02,-0.60,33437860.00
2013-09-04,23.41,87055016,2037957924.56,2.04,1.12,23917997.00
2013-09-05,23.55,87055016,2050145626.80,2.05,0.60,9700245.00
2013-09-06,23.63,87055016,2057110028.08,2.06,0.34,13350950.00
2013-09-09,23.98,87055016,2087579283.68,2.09,1.48,12153064.00
2013-09-10,24.24,87055016,2110213587.84,2.11,1.08,28542600.00
2013-09-11,24.16,87055016,2103249186.56,2.10,-0.33,14950208.00
2013-09-12,24.12,87055016,2099766985.92,2.10,-0.17,21739356.00
2013-09-13,24.03,87055016,2091932034.48,2.09,-0.37,6862968.00
2013-09-16,23.97,87055016,2086708733.52,2.09,-0.25,27726099.00
2013-09-17,24.09,87055016,2097155335.44,2.10,0.50,14323914.00
2013-09-18,24.50,87055016,2132847892.00,2.13,1.70,31747100.00
2013-09-19,25.77,87055016,2243407762.32,2.24,5.18,72328659.00
2013-09-20,25.69,87055016,2236443361.04,2.24,-0.31,89239353.00
2013-09-23,25.25,87055016,2198139154.00,2.20,-1.71,23957200.00
2013-09-24,25.25,87055016,2198139154.00,2.20,0.00,22651775.00
2013-09-25,25.79,87055016,2245148862.64,2.25,2.14,36941596.00
2013-09-26,26.06,87055016,2268653716.96,2.27,1.05,49050132.00
2013-09-27,26.08,87055016,2270394817.28,2.27,0.08,32910352.00
2013-09-30,26.04,87055016,2266912616.64,2.27,-0.15,21321552.00
2013-10-01,26.16,87055016,2277359218.56,2.28,0.46,37346016.00
2013-10-02,26.03,87055016,2266042066.48,2.27,-0.50,40882718.00
2013-10-03,25.82,87055016,2247760513.12,2.25,-0.81,29256642.00
2013-10-04,26.20,87055016,2280841419.20,2.28,1.47,36918420.00
2013-10-07,25.96,87055016,2259948215.36,2.26,-0.92,15822620.00
2013-10-08,25.64,87055016,2232090610.24,2.23,-1.23,20901728.00
2013-10-09,25.50,87055016,2219902908.00,2.22,-0.55,27858750.00
2013-10-10,25.77,87055016,2243407762.32,2.24,1.06,22577097.00
2013-10-11,25.83,87055016,2248631063.28,2.25,0.23,15268113.00
2013-10-14,25.92,87055016,2256466014.72,2.26,0.35,19395936.00
2013-10-15,25.83,87055016,2248631063.28,2.25,-0.35,18347049.00
2013-10-16,25.88,87055016,2252983814.08,2.25,0.19,29389328.00
2013-10-17,26.07,87055016,2269524267.12,2.27,0.73,30627036.00
2013-10-18,26.02,87055016,2265171516.32,2.27,-0.19,27318398.00
2013-10-21,25.86,87055016,2251242713.76,2.25,-0.61,13079988.00
2013-10-22,26.02,87055016,2265171516.32,2.27,0.62,22603574.00
2013-10-23,25.78,87055016,2244278312.48,2.24,-0.92,10832756.00
2013-10-24,25.82,87055016,2247760513.12,2.25,0.16,16369880.00
2013-10-25,25.94,87055016,2258207115.04,2.26,0.46,25818082.00
2013-10-28,25.81,87055016,2246889962.96,2.25,-0.50,44813903.00
2013-10-29,25.82,87055016,2247760513.12,2.25,0.04,32662300.00
2013-10-30,25.52,87055016,2221644008.32,2.22,-1.16,18333568.00
2013-10-31,25.31,87055016,2203362454.96,2.20,-0.82,22196870.00
2013-11-01,26.29,87055016,2288676370.64,2.29,3.87,88118822.00
2013-11-04,26.50,87055016,2306957924.00,2.31,0.80,42646450.00
2013-11-05,26.75,87055016,2328721678.00,2.33,0.94,36893600.00
2013-11-06,26.98,87055016,2348744331.68,2.35,0.86,70169584.00
2013-11-07,26.86,87055016,2338297729.76,2.34,-0.44,38659598.00
2013-11-08,27.06,87055016,2355708732.96,2.36,0.74,31216416.00
2013-11-11,26.65,87055016,2320016176.40,2.32,-1.52,28920580.00
2013-11-12,26.86,87055016,2338297729.76,2.34,0.79,41802218.00
2013-11-13,27.10,87055016,2359190933.60,2.36,0.89,27430620.00
2013-11-14,27.69,87055016,2410553393.04,2.41,2.18,53505387.00
2013-11-15,28.16,87055016,2451469250.56,2.45,1.70,114988544.00
2013-11-18,28.13,87055016,2448857600.08,2.45,-0.11,52574970.00
2013-11-19,27.92,87055016,2430576046.72,2.43,-0.75,29877192.00
2013-11-20,27.98,87055016,2435799347.68,2.44,0.21,23254178.00
2013-11-21,28.23,87055016,2457563101.68,2.46,0.89,22533186.00
2013-11-22,28.14,87055016,2449728150.24,2.45,-0.32,32890032.00
2013-11-25,28.02,87055016,2439281548.32,2.44,-0.43,18515616.00
2013-11-26,27.91,87055016,2429705496.56,2.43,-0.39,30642389.00
2013-11-27,27.68,87055016,2409682842.88,2.41,-0.82,46065056.00
2013-11-29,27.64,87055016,2406200642.24,2.41,-0.14,11700012.00
2013-12-02,27.38,87055016,2383566338.08,2.38,-0.94,28034382.00
2013-12-03,27.32,87055016,2378343037.12,2.38,-0.22,40217772.00
2013-12-04,27.46,87055016,2390530739.36,2.39,0.51,22574866.00
2013-12-05,27.46,87055016,2390530739.36,2.39,0.00,27416064.00
2013-12-06,27.57,87055016,2400106791.12,2.40,0.40,10997673.00
2013-12-09,27.68,87055016,2409682842.88,2.41,0.40,25745168.00
2013-12-10,27.84,87055016,2423611645.44,2.42,0.58,36913056.00
2013-12-11,27.80,87055016,2420129444.80,2.42,-0.14,21389320.00
2013-12-12,27.69,87055016,2410553393.04,2.41,-0.40,18023421.00
2013-12-13,27.94,87055016,2432317147.04,2.43,0.90,9628124.00
2013-12-16,28.01,87055016,2438410998.16,2.44,0.25,22640483.00
2013-12-17,27.96,87055016,2434058247.36,2.43,-0.18,19102272.00
2013-12-18,28.21,87055016,2455822001.36,2.46,0.89,25879854.00
2013-12-19,27.86,87055016,2425352745.76,2.43,-1.24,27258224.00
2013-12-20,27.69,87055016,2410553393.04,2.41,-0.61,62983674.00
2013-12-23,28.42,87055016,2474103554.72,2.47,2.64,36829478.00
2013-12-24,28.63,87055016,2492385108.08,2.49,0.74,12726035.00
2013-12-26,28.78,87055016,2505443360.48,2.51,0.52,10144950.00
2013-12-27,28.72,87055016,2500220059.52,2.50,-0.21,22720392.00
2013-12-30,28.57,87055016,2487161807.12,2.49,-0.52,12885070.00
2013-12-31,28.93,87055016,2518501612.88,2.52,1.26,25007092.00
2014-01-02,28.59,87055016,2488902907.44,2.49,-1.18,160012512.00
2014-01-03,28.58,87055016,2488032357.28,2.49,-0.03,44561936.00
2014-01-06,28.50,87055016,2481067956.00,2.48,-0.28,20366100.00
2014-01-07,28.62,87055016,2491514557.92,2.49,0.42,41579136.00
2014-01-08,28.51,87055016,2481938506.16,2.48,-0.38,32125068.00
2014-01-09,28.25,87055016,2459304202.00,2.46,-0.91,19532050.00
2014-01-10,28.39,87055016,2471491904.24,2.47,0.50,10802395.00
2014-01-13,28.05,87055016,2441893198.80,2.44,-1.20,16712190.00
2014-01-14,28.03,87055016,2440152098.48,2.44,-0.07,18485785.00
2014-01-15,28.09,87055016,2445375399.44,2.45,0.21,21061882.00
2014-01-16,27.98,87055016,2435799347.68,2.44,-0.39,16639706.00
2014-01-17,27.78,87055016,2418388344.48,2.42,-0.71,25513152.00
2014-01-21,27.75,87055016,2415776694.00,2.42,-0.11,21531225.00
2014-01-22,28.28,87055016,2461915852.48,2.46,1.91,17050012.00
2014-01-23,27.76,87055016,2416647244.16,2.42,-1.84,35607752.00
2014-01-24,27.52,87055016,2395754040.32,2.40,-0.86,45339200.00
2014-01-27,27.22,87055016,2369637535.52,2.37,-1.09,32868150.00
2014-01-28,27.21,87055016,2368766985.36,2.37,-0.04,30339150.00
2014-01-29,27.01,87055016,2351355982.16,2.35,-0.74,26772312.00
2014-01-30,27.08,87055016,2357449833.28,2.36,0.26,27180196.00
2014-01-31,26.95,87055016,2346132681.20,2.35,-0.48,19740875.00
2014-02-03,26.07,87055016,2269524267.12,2.27,-3.27,51855837.00
2014-02-04,26.55,87055016,2311310674.80,2.31,1.84,47912130.00
2014-02-05,26.93,87055016,2344391580.88,2.34,1.43,37376147.00
2014-02-06,27.56,87055016,2399236240.96,2.40,2.34,24511864.00
2014-02-07,27.81,87055016,2420999994.96,2.42,0.91,18307323.00
2014-02-10,27.96,87055016,2434058247.36,2.43,0.54,49889028.00
2014-02-11,28.09,87055016,2445375399.44,2.45,0.46,8544978.00
2014-02-12,28.24,87055016,2458433651.84,2.46,0.53,32295264.00
2014-02-13,28.46,87055016,2477585755.36,2.48,0.78,16908086.00
2014-02-14,28.18,87055016,2453210350.88,2.45,-0.98,23338676.00
2014-02-18,28.37,87055016,2469750803.92,2.47,0.67,25376965.00
2014-02-19,28.01,87055016,2438410998.16,2.44,-1.27,19329701.00
2014-02-20,27.77,87055016,2417517794.32,2.42,-0.86,26103800.00
2014-02-21,27.59,87055016,2401847891.44,2.40,-0.65,54283325.00
2014-02-24,27.93,87055016,2431446596.88,2.43,1.23,38213826.00
2014-02-25,27.82,87055016,2421870545.12,2.42,-0.39,32794216.00
2014-02-26,27.72,87055016,2413165043.52,2.41,-0.36,35110152.00
2014-02-27,28.58,87055016,2488032357.28,2.49,3.10,117615274.00
2014-02-28,29.68,87055016,2583792874.88,2.58,3.85,105013776.00
2014-03-03,29.50,87055016,2568122972.00,2.57,-0.61,41559600.00
2014-03-04,29.86,87055016,2599462777.76,2.60,1.22,39277844.00
2014-03-05,29.49,87055016,2567252421.84,2.57,-1.24,69873606.00
2014-03-06,29.60,87055016,2576828473.60,2.58,0.37,53191200.00
2014-03-07,29.68,87055016,2583792874.88,2.58,0.27,48957160.00
2014-03-10,29.42,87055016,2561158570.72,2.56,-0.88,23065280.00
2014-03-11,29.30,87055016,2550711968.80,2.55,-0.41,18614290.00
2014-03-12,29.18,87055016,2540265366.88,2.54,-0.41,25377846.00
2014-03-13,28.75,87055016,2502831710.00,2.50,-1.47,31843500.00
2014-03-14,28.78,87055016,2505443360.48,2.51,0.10,16191628.00
2014-03-17,29.23,87055016,2544618117.68,2.54,1.56,17689996.00
2014-03-18,29.37,87055016,2556805819.92,2.56,0.48,18153597.00
2014-03-19,29.19,87055016,2541135917.04,2.54,-0.61,17657031.00
2014-03-20,29.31,87055016,2551582518.96,2.55,0.41,20206314.00
2014-03-21,29.15,87055016,2537653716.40,2.54,-0.55,35848670.00
2014-03-24,28.93,87055016,2518501612.88,2.52,-0.75,23896180.00
2014-03-25,28.59,87055016,2488902907.44,2.49,-1.18,21625476.00
2014-03-26,28.56,87055016,2486291256.96,2.49,-0.10,40578048.00
2014-03-27,28.74,87055016,2501961159.84,2.50,0.63,24805494.00
2014-03-28,28.60,87055016,2489773457.60,2.49,-0.49,34414380.00
2014-03-31,28.24,87055016,2458433651.84,2.46,-1.26,37971504.00
2014-04-01,28.32,87055016,2465398053.12,2.47,0.28,51341328.00
2014-04-02,28.47,87055016,2478456305.52,2.48,0.53,26633685.00
2014-04-03,28.56,87055016,2486291256.96,2.49,0.32,52527552.00
2014-04-04,28.50,87055016,2481067956.00,2.48,-0.21,39441150.00
2014-04-07,28.19,87055016,2454080901.04,2.45,-1.09,44173730.00
2014-04-08,28.05,87055016,2441893198.80,2.44,-0.50,24714855.00
2014-04-09,28.10,87055016,2446245949.60,2.45,0.18,23204980.00
2014-04-10,27.61,87055016,2403588991.76,2.40,-1.74,30931483.00
2014-04-11,27.53,87055016,2396624590.48,2.40,-0.29,44906936.00
2014-04-14,27.73,87055016,2414035593.68,2.41,0.73,30808030.00
2014-04-15,27.59,87055016,2401847891.44,2.40,-0.50,54407480.00
2014-04-16,29.04,87055016,2528077664.64,2.53,5.26,177838056.00
2014-04-17,28.78,87055016,2505443360.48,2.51,-0.90,64665782.00
2014-04-21,28.82,87055016,2508925561.12,2.51,0.14,20064484.00
2014-04-22,28.82,87055016,2508925561.12,2.51,0.00,16980744.00
2014-04-23,28.32,87055016,2465398053.12,2.47,-1.73,221561520.00
2014-04-24,28.44,87055016,2475844655.04,2.48,0.42,73360980.00
2014-04-25,28.05,87055016,2441893198.80,2.44,-1.37,50916360.00
2014-04-28,27.67,87055016,2408812292.72,2.41,-1.35,50954305.00
2014-04-29,27.60,87055016,2402718441.60,2.40,-0.25,35319720.00
2014-04-30,27.64,87055016,2406200642.24,2.41,0.14,35393020.00
2014-05-01,27.53,87055016,2396624590.48,2.40,-0.40,44361842.00
2014-05-02,27.63,87055016,2405330092.08,2.41,0.36,33023376.00
2014-05-05,27.57,87055016,2400106791.12,2.40,-0.22,18560124.00
2014-05-06,27.51,87055016,2394883490.16,2.39,-0.22,35688723.00
2014-05-07,27.19,87055016,2367025885.04,2.37,-1.16,110124938.00
2014-05-08,27.28,87055016,2374860836.48,2.37,0.33,42474960.00
2014-05-09,27.49,87055016,2393142389.84,2.39,0.77,29384061.00
2014-05-12,27.96,87055016,2434058247.36,2.43,1.71,60662016.00
2014-05-13,28.02,87055016,2439281548.32,2.44,0.21,56922630.00
2014-05-14,27.82,87055016,2421870545.12,2.42,-0.71,50729770.00
2014-05-15,27.60,87055016,2402718441.60,2.40,-0.79,56168760.00
2014-05-16,27.53,87055016,2396624590.48,2.40,-0.25,61981042.00
2014-05-19,27.50,87055016,2394012940.00,2.39,-0.11,23069750.00
2014-05-20,27.31,87055016,2377472486.96,2.38,-0.69,22869394.00
2014-05-21,27.21,87055016,2368766985.36,2.37,-0.37,43397229.00
2014-05-22,27.59,87055016,2401847891.44,2.40,1.40,52765875.00
2014-05-23,27.74,87055016,2414906143.84,2.41,0.54,64018372.00
2014-05-27,28.06,87055016,2442763748.96,2.44,1.15,47766538.00
2014-05-28,28.08,87055016,2444504849.28,2.44,0.07,36989784.00
2014-05-29,27.96,87055016,2434058247.36,2.43,-0.43,43338000.00
2014-05-30,27.77,87055016,2417517794.32,2.42,-0.68,28703072.00
2014-06-02,27.74,87055016,2414906143.84,2.41,-0.11,25631760.00
2014-06-03,27.79,87055016,2419258894.64,2.42,0.18,25727982.00
2014-06-04,27.79,87055016,2419258894.64,2.42,0.00,19855955.00
2014-06-05,28.30,87055016,2463656952.80,2.46,1.84,26675580.00
2014-06-06,28.44,87055016,2475844655.04,2.48,0.49,24594912.00
2014-06-09,28.57,87055016,2487161807.12,2.49,0.46,31755555.00
2014-06-10,28.53,87055016,2483679606.48,2.48,-0.14,22187781.00
2014-06-11,28.42,87055016,2474103554.72,2.47,-0.39,16284660.00
2014-06-12,28.05,87055016,2441893198.80,2.44,-1.30,25629285.00
2014-06-13,28.09,87055016,2445375399.44,2.45,0.14,17997263.00
2014-06-16,28.19,87055016,2454080901.04,2.45,0.36,12665767.00
2014-06-17,28.33,87055016,2466268603.28,2.47,0.50,25417676.00
2014-06-18,28.67,87055016,2495867308.72,2.50,1.20,18219785.00
2014-06-19,28.82,87055016,2508925561.12,2.51,0.52,30990146.00
2014-06-20,28.89,87055016,2515019412.24,2.52,0.24,38108799.00
2014-06-23,29.03,87055016,2527207114.48,2.53,0.48,30568590.00
2014-06-24,29.07,87055016,2530689315.12,2.53,0.14,26910099.00
2014-06-25,29.10,87055016,2533300965.60,2.53,0.10,20009160.00
2014-06-26,29.42,87055016,2561158570.72,2.56,1.10,35309884.00
2014-06-27,29.80,87055016,2594239476.80,2.59,1.29,30521160.00
2014-06-30,29.83,87055016,2596851127.28,2.60,0.10,37693188.00
2014-07-01,29.79,87055016,2593368926.64,2.59,-0.13,25667064.00
2014-07-02,29.94,87055016,2606427179.04,2.61,0.50,34143576.00
2014-07-03,29.94,87055016,2606427179.04,2.61,0.00,20568780.00
2014-07-07,29.84,87055016,2597721677.44,2.60,-0.33,33116432.00
2014-07-08,29.48,87055016,2566381871.68,2.57,-1.21,31705740.00
2014-07-09,29.55,87055016,2572475722.80,2.57,0.24,20617035.00
2014-07-10,29.32,87055016,2552453069.12,2.55,-0.78,24669848.00
2014-07-11,29.44,87055016,2562899671.04,2.56,0.41,13283328.00
2014-07-14,29.75,87055016,2589886726.00,2.59,1.05,25400550.00
2014-07-15,29.63,87055016,2579440124.08,2.58,-0.40,78249867.00
2014-07-16,29.82,87055016,2595980577.12,2.60,0.64,43414938.00
2014-07-17,29.75,87055016,2589886726.00,2.59,-0.23,62617800.00
2014-07-18,29.84,87055016,2597721677.44,2.60,0.30,84166704.00
2014-07-21,29.70,87055016,2585533975.20,2.59,-0.47,35527140.00
2014-07-22,29.22,87055016,2543747567.52,2.54,-1.62,50912928.00
2014-07-23,29.14,87055016,2536783166.24,2.54,-0.27,24078382.00
2014-07-24,29.16,87055016,2538524266.56,2.54,0.07,31116636.00
2014-07-25,29.18,87055016,2540265366.88,2.54,0.07,15897264.00
2014-07-28,29.14,87055016,2536783166.24,2.54,-0.14,22370778.00
2014-07-29,29.10,87055016,2533300965.60,2.53,-0.14,16010820.00
2014-07-30,28.78,87055016,2505443360.48,2.51,-1.10,49714572.00
2014-07-31,28.23,87055016,2457563101.68,2.46,-1.91,37949589.00
2014-08-01,28.32,87055016,2465398053.12,2.47,0.32,50950512.00
2014-08-04,28.66,87055016,2494996758.56,2.49,1.20,36008424.00
2014-08-05,28.55,87055016,2485420706.80,2.49,-0.38,35067965.00
2014-08-06,28.18,87055016,2453210350.88,2.45,-1.30,47426940.00
2014-08-07,27.97,87055016,2434928797.52,2.43,-0.75,90947252.00
2014-08-08,28.42,87055016,2474103554.72,2.47,1.61,78334046.00
2014-08-11,28.68,87055016,2496737858.88,2.50,0.91,44924352.00
2014-08-12,28.56,87055016,2486291256.96,2.49,-0.42,20760264.00
2014-08-13,28.63,87055016,2492385108.08,2.49,0.25,33356813.00
2014-08-14,28.73,87055016,2501090609.68,2.50,0.35,44407961.00
2014-08-15,28.71,87055016,2499349509.36,2.50,-0.07,29083230.00
2014-08-18,28.85,87055016,2511537211.60,2.51,0.49,27228630.00
2014-08-19,28.92,87055016,2517631062.72,2.52,0.24,41809644.00
2014-08-20,28.96,87055016,2521113263.36,2.52,0.14,93752208.00
2014-08-21,29.10,87055016,2533300965.60,2.53,0.48,48890910.00
2014-08-22,29.13,87055016,2535912616.08,2.54,0.10,42270543.00
2014-08-25,29.28,87055016,2548970868.48,2.55,0.51,26902464.00
2014-08-26,29.41,87055016,2560288020.56,2.56,0.44,25904328.00
2014-08-27,29.48,87055016,2566381871.68,2.57,0.24,27849756.00
2014-08-28,29.38,87055016,2557676370.08,2.56,-0.34,13535366.00
2014-08-29,29.54,87055016,2571605172.64,2.57,0.54,13573630.00
2014-09-02,29.67,87055016,2582922324.72,2.58,0.44,35740482.00
2014-09-03,29.62,87055016,2578569573.92,2.58,-0.17,27973128.00
2014-09-04,29.40,87055016,2559417470.40,2.56,-0.74,28591500.00
2014-09-05,29.73,87055016,2588145625.68,2.59,1.12,47493675.00
2014-09-08,29.83,87055016,2596851127.28,2.60,0.34,34829508.00
2014-09-09,29.61,87055016,2577699023.76,2.58,-0.74,19782441.00
2014-09-10,29.04,87055016,2528077664.64,2.53,-1.93,41140968.00
2014-09-11,29.27,87055016,2548100318.32,2.55,0.79,24616070.00
2014-09-12,28.95,87055016,2520242713.20,2.52,-1.09,26191065.00
2014-09-15,28.82,87055016,2508925561.12,2.51,-0.45,26133976.00
2014-09-16,28.85,87055016,2511537211.60,2.51,0.10,21429780.00
2014-09-17,28.87,87055016,2513278311.92,2.51,0.07,25506645.00
2014-09-18,28.87,87055016,2513278311.92,2.51,0.00,20174356.00
2014-09-19,28.78,87055016,2505443360.48,2.51,-0.31,96528120.00
2014-09-22,28.50,87055016,2481067956.00,2.48,-0.97,32737950.00
2014-09-23,28.04,87055016,2441022648.64,2.44,-1.61,53180664.00
2014-09-24,28.11,87055016,2447116499.76,2.45,0.25,26479620.00
2014-09-25,27.90,87055016,2428834946.40,2.43,-0.75,22342320.00
2014-09-26,28.21,87055016,2455822001.36,2.46,1.11,26841815.00
2014-09-29,28.21,87055016,2455822001.36,2.46,0.00,19710327.00
2014-09-30,28.18,87055016,2453210350.88,2.45,-0.11,28149002.00
2014-10-01,27.73,87055016,2414035593.68,2.41,-1.60,26776088.00
2014-10-02,27.63,87055016,2405330092.08,2.41,-0.36,19476387.00
2014-10-03,28.12,87055016,2447987049.92,2.45,1.77,15564420.00
2014-10-06,28.16,87055016,2451469250.56,2.45,0.14,15028992.00
2014-10-07,27.55,87055016,2398365690.80,2.40,-2.17,19326325.00
2014-10-08,27.81,87055016,2420999994.96,2.42,0.94,20910339.00
2014-10-09,27.13,87055016,2361802584.08,2.36,-2.45,17167864.00
2014-10-10,26.69,87055016,2323498377.04,2.32,-1.62,14954407.00
2014-10-13,26.40,87055016,2298252422.40,2.30,-1.09,24034560.00
2014-10-14,26.15,87055016,2276488668.40,2.28,-0.95,25289665.00
2014-10-15,27.20,87055016,2367896435.20,2.37,4.02,106014720.00
2014-10-16,27.68,87055016,2409682842.88,2.41,1.76,67154448.00
2014-10-17,27.80,87055016,2420129444.80,2.42,0.43,36295680.00
2014-10-20,28.02,87055016,2439281548.32,2.44,0.79,27476412.00
2014-10-21,28.47,87055016,2478456305.52,2.48,1.61,36242310.00
2014-10-22,28.23,87055016,2457563101.68,2.46,-0.84,23755545.00
2014-10-23,28.63,87055016,2492385108.08,2.49,1.42,13742400.00
2014-10-24,28.69,87055016,2497608409.04,2.50,0.21,12259237.00
2014-10-27,28.75,87055016,2502831710.00,2.50,0.21,20786250.00
2014-10-28,29.26,87055016,2547229768.16,2.55,1.77,37994110.00
2014-10-29,29.20,87055016,2542006467.20,2.54,-0.21,29115320.00
2014-10-30,29.33,87055016,2553323619.28,2.55,0.45,10444413.00
2014-10-31,29.55,87055016,2572475722.80,2.57,0.75,17263110.00
2014-11-03,29.74,87055016,2589016175.84,2.59,0.64,24868588.00
2014-11-04,28.77,87055016,2504572810.32,2.50,-3.26,49579341.00
2014-11-05,29.40,87055016,2559417470.40,2.56,2.19,35144760.00
2014-11-06,29.38,87055016,2557676370.08,2.56,-0.07,25854400.00
2014-11-07,29.64,87055016,2580310674.24,2.58,0.88,18207852.00
2014-11-10,29.78,87055016,2592498376.48,2.59,0.47,16498120.00
2014-11-11,29.93,87055016,2605556628.88,2.61,0.50,16946366.00
2014-11-12,30.10,87055016,2620355981.60,2.62,0.57,23766960.00
2014-11-13,30.07,87055016,2617744331.12,2.62,-0.10,22660752.00
2014-11-14,30.06,87055016,2616873780.96,2.62,-0.03,18099126.00
2014-11-17,30.18,87055016,2627320382.88,2.63,0.40,24777780.00
2014-11-18,30.32,87055016,2639508085.12,2.64,0.46,54388016.00
2014-11-19,30.41,87055016,2647343036.56,2.65,0.30,16491343.00
2014-11-20,30.44,87055016,2649954687.04,2.65,0.10,13624944.00
2014-11-21,30.56,87055016,2660401288.96,2.66,0.39,24744432.00
2014-11-24,30.47,87055016,2652566337.52,2.65,-0.29,21584948.00
2014-11-25,30.27,87055016,2635155334.32,2.64,-0.66,44944896.00
2014-11-26,30.49,87055016,2654307437.84,2.65,0.73,12189902.00
2014-11-28,30.49,87055016,2654307437.84,2.65,0.00,6631575.00
2014-12-01,30.21,87055016,2629932033.36,2.63,-0.92,12715389.00
2014-12-02,30.43,87055016,2649084136.88,2.65,0.73,17056015.00
2014-12-03,30.64,87055016,2667365690.24,2.67,0.69,14504976.00
2014-12-04,30.52,87055016,2656919088.32,2.66,-0.39,18019008.00
2014-12-05,30.68,87055016,2670847890.88,2.67,0.52,14137344.00
2014-12-08,30.79,87055016,2680423942.64,2.68,0.36,15354973.00
2014-12-09,30.64,87055016,2667365690.24,2.67,-0.49,15850072.00
2014-12-10,30.40,87055016,2646472486.40,2.65,-0.78,15759360.00
2014-12-11,30.92,87055016,2691741094.72,2.69,1.71,28706128.00
2014-12-12,30.30,87055016,2637766984.80,2.64,-2.01,54167310.00
2014-12-15,30.37,87055016,2643860835.92,2.64,0.23,58513879.00
2014-12-16,30.42,87055016,2648213586.72,2.65,0.16,22097088.00
2014-12-17,30.68,87055016,2670847890.88,2.67,0.85,46237828.00
2014-12-18,31.33,87055016,2727433651.28,2.73,2.12,24468730.00
2014-12-19,31.53,87055016,2744844654.48,2.74,0.64,57826020.00
2014-12-22,31.51,87055016,2743103554.16,2.74,-0.06,11066312.00
2014-12-23,31.62,87055016,2752679605.92,2.75,0.35,16603662.00
2014-12-24,31.65,87055016,2755291256.40,2.76,0.09,8605635.00
2014-12-26,31.54,87055016,2745715204.64,2.75,-0.35,4831928.00
2014-12-29,31.59,87055016,2750067955.44,2.75,0.16,17481906.00
2014-12-30,31.21,87055016,2716987049.36,2.72,-1.20,56371502.00
2014-12-31,31.18,87055016,2714375398.88,2.71,-0.10,22642916.00
2015-01-02,31.25,87055016,2720469250.00,2.72,0.22,23934375.00
2015-01-05,30.83,87055016,2683906143.28,2.68,-1.34,24121392.00
2015-01-06,31.07,87055016,2704799347.12,2.70,0.78,33226258.00
2015-01-07,31.54,87055016,2745715204.64,2.75,1.51,21368350.00
2015-01-08,31.85,87055016,2772702259.60,2.77,0.98,30509115.00
2015-01-09,31.79,87055016,2767478958.64,2.77,-0.19,17726104.00
2015-01-12,31.66,87055016,2756161806.56,2.76,-0.41,17773924.00
2015-01-13,31.80,87055016,2768349508.80,2.77,0.44,23261700.00
2015-01-14,31.94,87055016,2780537211.04,2.78,0.44,87474078.00
2015-01-15,31.86,87055016,2773572809.76,2.77,-0.25,29161458.00
2015-01-16,32.03,87055016,2788372162.48,2.79,0.53,19592751.00
2015-01-20,32.22,87055016,2804912615.52,2.80,0.59,32596974.00
2015-01-21,32.30,87055016,2811877016.80,2.81,0.25,30110060.00
2015-01-22,32.58,87055016,2836252421.28,2.84,0.87,40314492.00
2015-01-23,32.57,87055016,2835381871.12,2.84,-0.03,21548312.00
2015-01-26,32.81,87055016,2856275074.96,2.86,0.74,45212180.00
2015-01-27,32.80,87055016,2855404524.80,2.86,-0.03,23481520.00
2015-01-28,32.76,87055016,2851922324.16,2.85,-0.12,31993416.00
2015-01-29,32.84,87055016,2858886725.44,2.86,0.24,23740036.00
2015-01-30,32.56,87055016,2834511320.96,2.83,-0.85,43347128.00
2015-02-02,32.68,87055016,2844957922.88,2.84,0.37,26539428.00
2015-02-03,33.01,87055016,2873686078.16,2.87,1.01,24965463.00
2015-02-04,33.02,87055016,2874556628.32,2.87,0.03,28020772.00
2015-02-05,33.11,87055016,2882391579.76,2.88,0.27,29126867.00
2015-02-06,33.13,87055016,2884132680.08,2.88,0.06,44251741.00
2015-02-09,32.83,87055016,2858016175.28,2.86,-0.91,26359207.00
2015-02-10,33.02,87055016,2874556628.32,2.87,0.58,21921978.00
2015-02-11,32.98,87055016,2871074427.68,2.87,-0.12,14705782.00
2015-02-12,33.36,87055016,2904155333.76,2.90,1.15,27255120.00
2015-02-13,33.45,87055016,2911990285.20,2.91,0.27,21819435.00
2015-02-17,33.48,87055016,2914601935.68,2.91,0.09,11356416.00
2015-02-18,33.80,87055016,2942459540.80,2.94,0.96,35615060.00
2015-02-19,33.84,87055016,2945941741.44,2.95,0.12,32266440.00
2015-02-20,33.85,87055016,2946812291.60,2.95,0.03,29395340.00
2015-02-23,33.82,87055016,2944200641.12,2.94,-0.09,30038924.00
2015-02-24,33.92,87055016,2952906142.72,2.95,0.30,38719680.00
2015-02-25,33.65,87055016,2929401288.40,2.93,-0.80,64530605.00
2015-02-26,34.31,87055016,2986857598.96,2.99,1.96,47859019.00
2015-02-27,33.77,87055016,2939847890.32,2.94,-1.57,35276142.00
2015-03-02,33.87,87055016,2948553391.92,2.95,0.30,26980842.00
2015-03-03,34.22,87055016,2979022647.52,2.98,1.03,35571690.00
2015-03-04,34.23,87055016,2979893197.68,2.98,0.03,29263227.00
2015-03-05,34.34,87055016,2989469249.44,2.99,0.32,27149204.00
2015-03-06,33.48,87055016,2914601935.68,2.91,-2.50,39944988.00
2015-03-09,33.47,87055016,2913731385.52,2.91,-0.03,20714583.00
2015-03-10,33.34,87055016,2902414233.44,2.90,-0.39,15826498.00
2015-03-11,33.53,87055016,2918954686.48,2.92,0.57,24989909.00
2015-03-12,33.91,87055016,2952035592.56,2.95,1.13,26670215.00
2015-03-13,34.04,87055016,2963352744.64,2.96,0.38,37144448.00
2015-03-16,34.37,87055016,2992080899.92,2.99,0.97,23306297.00
2015-03-17,34.42,87055016,2996433650.72,3.00,0.15,17530106.00
2015-03-18,34.73,87055016,3023420705.68,3.02,0.90,28193814.00
2015-03-19,34.55,87055016,3007750802.80,3.01,-0.52,15792805.00
2015-03-20,34.98,87055016,3045184459.68,3.05,1.24,57933876.00
2015-03-23,34.79,87055016,3028644006.64,3.03,-0.54,21034034.00
2015-03-24,34.81,87055016,3030385106.96,3.03,0.06,24614151.00
2015-03-25,34.42,87055016,2996433650.72,3.00,-1.12,14504588.00
2015-03-26,34.16,87055016,2973799346.56,2.97,-0.76,20567736.00
2015-03-27,34.54,87055016,3006880252.64,3.01,1.11,17314902.00
2015-03-30,34.69,87055016,3019938505.04,3.02,0.43,27752000.00
2015-03-31,34.86,87055016,3034737857.76,3.03,0.49,18803484.00
2015-04-01,35.09,87055016,3054760511.44,3.05,0.66,26949120.00
2015-04-02,35.04,87055016,3050407760.64,3.05,-0.14,22733952.00
2015-04-06,35.08,87055016,3053889961.28,3.05,0.11,39089644.00
2015-04-07,34.80,87055016,3029514556.80,3.03,-0.80,14076600.00
2015-04-08,35.29,87055016,3072171514.64,3.07,1.41,22507962.00
2015-04-09,35.23,87055016,3066948213.68,3.07,-0.17,11594193.00
2015-04-10,35.28,87055016,3071300964.48,3.07,0.14,15082200.00
2015-04-13,35.06,87055016,3052148860.96,3.05,-0.62,15738434.00
2015-04-14,35.23,87055016,3066948213.68,3.07,0.48,22888931.00
2015-04-15,35.18,87055016,3062595462.88,3.06,-0.14,15380696.00
2015-04-16,35.46,87055016,3086970867.36,3.09,0.80,18885996.00
2015-04-17,35.08,87055016,3053889961.28,3.05,-1.07,12625292.00
2015-04-20,34.97,87055016,3044313909.52,3.04,-0.31,20118241.00
2015-04-21,35.13,87055016,3058242712.08,3.06,0.46,16117644.00
2015-04-22,35.51,87055016,3091323618.16,3.09,1.08,19299685.00
2015-04-23,35.57,87055016,3096546919.12,3.10,0.17,14331153.00
2015-04-24,35.53,87055016,3093064718.48,3.09,-0.11,14091198.00
2015-04-27,35.01,87055016,3047796110.16,3.05,-1.46,14420619.00
2015-04-28,34.90,87055016,3038220058.40,3.04,-0.31,16008630.00
2015-04-29,34.61,87055016,3012974103.76,3.01,-0.83,17571497.00
2015-04-30,34.09,87055016,2967705495.44,2.97,-1.50,28707189.00
2015-05-01,34.24,87055016,2980763747.84,2.98,0.44,18215680.00
2015-05-04,34.21,87055016,2978152097.36,2.98,-0.09,24911722.00
2015-05-05,33.76,87055016,2938977340.16,2.94,-1.32,34627632.00
2015-05-06,34.67,87055016,3018197404.72,3.02,2.70,71593550.00
2015-05-07,34.88,87055016,3036478958.08,3.04,0.61,34157984.00
2015-05-08,34.98,87055016,3045184459.68,3.05,0.29,26000634.00
2015-05-11,34.85,87055016,3033867307.60,3.03,-0.37,24384545.00
2015-05-12,34.96,87055016,3043443359.36,3.04,0.32,33813312.00
2015-05-13,35.28,87055016,3071300964.48,3.07,0.92,25002936.00
2015-05-14,35.71,87055016,3108734621.36,3.11,1.22,31824752.00
2015-05-15,35.78,87055016,3114828472.48,3.11,0.20,22866998.00
2015-05-18,36.17,87055016,3148779928.72,3.15,1.09,17611173.00
2015-05-19,36.06,87055016,3139203876.96,3.14,-0.30,21307854.00
2015-05-20,36.06,87055016,3139203876.96,3.14,0.00,16587600.00
2015-05-21,35.64,87055016,3102640770.24,3.10,-1.16,16273224.00
2015-05-22,35.57,87055016,3096546919.12,3.10,-0.20,10660329.00
2015-05-26,35.46,87055016,3086970867.36,3.09,-0.31,13588272.00
2015-05-27,35.93,87055016,3127886724.88,3.13,1.33,16319406.00
2015-05-28,35.94,87055016,3128757275.04,3.13,0.03,15612336.00
2015-05-29,35.65,87055016,3103511320.40,3.10,-0.81,13817940.00
2015-06-01,35.80,87055016,3116569572.80,3.12,0.42,13342660.00
2015-06-02,35.71,87055016,3108734621.36,3.11,-0.25,25514795.00
2015-06-03,35.40,87055016,3081747566.40,3.08,-0.87,19275300.00
2015-06-04,35.22,87055016,3066077663.52,3.07,-0.51,15412272.00
2015-06-05,35.03,87055016,3049537210.48,3.05,-0.54,18057965.00
2015-06-08,34.81,87055016,3030385106.96,3.03,-0.63,19918282.00
2015-06-09,34.45,87055016,2999045301.20,3.00,-1.03,18034575.00
2015-06-10,34.75,87055016,3025161806.00,3.03,0.87,17517475.00
2015-06-11,34.83,87055016,3032126207.28,3.03,0.23,15718779.00
2015-06-12,34.77,87055016,3026902906.32,3.03,-0.17,10125024.00
2015-06-15,34.73,87055016,3023420705.68,3.02,-0.12,25939837.00
2015-06-16,34.84,87055016,3032996757.44,3.03,0.32,17040244.00
2015-06-17,34.99,87055016,3046055009.84,3.05,0.43,38569477.00
2015-06-18,35.24,87055016,3067818763.84,3.07,0.71,19357332.00
2015-06-19,35.22,87055016,3066077663.52,3.07,-0.06,26295252.00
2015-06-22,35.25,87055016,3068689314.00,3.07,0.09,15728550.00
2015-06-23,34.74,87055016,3024291255.84,3.02,-1.45,16928802.00
2015-06-24,34.26,87055016,2982504848.16,2.98,-1.38,12696756.00
2015-06-25,34.55,87055016,3007750802.80,3.01,0.85,27291045.00
2015-06-26,34.82,87055016,3031255657.12,3.03,0.78,43859272.00
2015-06-29,33.97,87055016,2957258893.52,2.96,-2.44,21428276.00
2015-06-30,34.20,87055016,2977281547.20,2.98,0.68,23608260.00
2015-07-01,34.51,87055016,3004268602.16,3.00,0.91,20464430.00
2015-07-02,34.51,87055016,3004268602.16,3.00,0.00,19073677.00
2015-07-06,34.48,87055016,3001656951.68,3.00,-0.09,26484088.00
2015-07-07,34.56,87055016,3008621352.96,3.01,0.23,16640640.00
2015-07-08,34.25,87055016,2981634298.00,2.98,-0.90,25762850.00
2015-07-09,34.34,87055016,2989469249.44,2.99,0.26,18004462.00
2015-07-10,34.94,87055016,3041702259.04,3.04,1.75,16296016.00
2015-07-13,34.99,87055016,3046055009.84,3.05,0.14,14062481.00
2015-07-14,35.31,87055016,3073912614.96,3.07,0.91,11987745.00
2015-07-15,34.98,87055016,3045184459.68,3.05,-0.93,12298968.00
2015-07-16,35.30,87055016,3073042064.80,3.07,0.91,12852730.00
2015-07-17,34.83,87055016,3032126207.28,3.03,-1.33,16645257.00
2015-07-20,34.72,87055016,3022550155.52,3.02,-0.32,8864016.00
2015-07-21,34.50,87055016,3003398052.00,3.00,-0.63,16601400.00
2015-07-22,34.76,87055016,3026032356.16,3.03,0.75,9781464.00
2015-07-23,34.54,87055016,3006880252.64,3.01,-0.63,11353298.00
2015-07-24,34.44,87055016,2998174751.04,3.00,-0.29,9729300.00
2015-07-27,34.46,87055016,2999915851.36,3.00,0.06,12736416.00
2015-07-28,34.90,87055016,3038220058.40,3.04,1.28,19278760.00
2015-07-29,35.12,87055016,3057372161.92,3.06,0.63,10778328.00
2015-07-30,35.28,87055016,3071300964.48,3.07,0.46,10795680.00
2015-07-31,35.73,87055016,3110475721.68,3.11,1.28,21252204.00
2015-08-03,35.89,87055016,3124404524.24,3.12,0.45,16179212.00
2015-08-04,35.86,87055016,3121792873.76,3.12,-0.08,11654500.00
2015-08-05,36.21,87055016,3152262129.36,3.15,0.98,27342171.00
2015-08-06,32.33,87055016,2814488667.28,2.81,-10.72,101231696.00
2015-08-07,32.90,87055016,2864110026.40,2.86,1.76,63947730.00
2015-08-10,33.24,87055016,2893708731.84,2.89,1.03,24198720.00
2015-08-11,33.70,87055016,2933754039.20,2.93,1.38,20112160.00
2015-08-12,33.59,87055016,2924177987.44,2.92,-0.33,21769679.00
2015-08-13,34.27,87055016,2983375398.32,2.98,2.02,47385129.00
2015-08-14,34.06,87055016,2965093844.96,2.97,-0.61,19124690.00
2015-08-17,34.41,87055016,2995563100.56,3.00,1.03,17411460.00
2015-08-18,34.20,87055016,2977281547.20,2.98,-0.61,17312040.00
2015-08-19,33.65,87055016,2929401288.40,2.93,-1.61,22814700.00
2015-08-20,33.30,87055016,2898932032.80,2.90,-1.04,36829800.00
2015-08-21,32.72,87055016,2848440123.52,2.85,-1.74,26140008.00
2015-08-24,31.62,87055016,2752679605.92,2.75,-3.36,35771706.00
2015-08-25,31.15,87055016,2711763748.40,2.71,-1.49,16911335.00
2015-08-26,31.76,87055016,2764867308.16,2.76,1.96,14571488.00
2015-08-27,32.08,87055016,2792724913.28,2.79,1.01,23755240.00
2015-08-28,32.22,87055016,2804912615.52,2.80,0.44,15900570.00
2015-08-31,31.74,87055016,2763126207.84,2.76,-1.49,18678990.00
2015-09-01,30.70,87055016,2672588991.20,2.67,-3.28,22272850.00
2015-09-02,31.08,87055016,2705669897.28,2.71,1.24,19241628.00
2015-09-03,31.35,87055016,2729174751.60,2.73,0.87,14728230.00
2015-09-04,31.14,87055016,2710893198.24,2.71,-0.67,15560658.00
2015-09-08,31.69,87055016,2758773457.04,2.76,1.77,8511934.00
2015-09-09,31.24,87055016,2719598699.84,2.72,-1.42,17666220.00
2015-09-10,31.30,87055016,2724822000.80,2.72,0.19,14454340.00
2015-09-11,31.60,87055016,2750938505.60,2.75,0.96,15322840.00
2015-09-14,31.65,87055016,2755291256.40,2.76,0.16,7545360.00
2015-09-15,31.76,87055016,2764867308.16,2.76,0.35,9420016.00
2015-09-16,32.43,87055016,2823194168.88,2.82,2.11,10922424.00
2015-09-17,32.73,87055016,2849310673.68,2.85,0.93,21385782.00
2015-09-18,32.64,87055016,2841475722.24,2.84,-0.27,26046720.00
2015-09-21,32.82,87055016,2857145625.12,2.86,0.55,25819494.00
2015-09-22,32.45,87055016,2824935269.20,2.82,-1.13,18519215.00
2015-09-23,32.41,87055016,2821453068.56,2.82,-0.12,12782504.00
2015-09-24,32.02,87055016,2787501612.32,2.79,-1.20,15958768.00
2015-09-25,31.96,87055016,2782278311.36,2.78,-0.19,12125624.00
2015-09-28,31.27,87055016,2722210350.32,2.72,-2.16,16276035.00
2015-09-29,31.21,87055016,2716987049.36,2.72,-0.19,28388616.00
2015-09-30,31.46,87055016,2738750803.36,2.74,0.80,29864978.00
2015-10-01,31.37,87055016,2730915851.92,2.73,-0.29,26140621.00
2015-10-02,32.08,87055016,2792724913.28,2.79,2.26,19405192.00
2015-10-05,32.67,87055016,2844087372.72,2.84,1.84,10330254.00
2015-10-06,32.64,87055016,2841475722.24,2.84,-0.09,10767936.00
2015-10-07,33.17,87055016,2887614880.72,2.89,1.62,21553866.00
2015-10-08,33.51,87055016,2917213586.16,2.92,1.03,11996580.00
2015-10-09,33.81,87055016,2943330090.96,2.94,0.90,15305787.00
2015-10-12,33.75,87055016,2938106790.00,2.94,-0.18,31947750.00
2015-10-13,33.39,87055016,2906766984.24,2.91,-1.07,7382529.00
2015-10-14,33.18,87055016,2888485430.88,2.89,-0.63,14721966.00
2015-10-15,33.49,87055016,2915472485.84,2.92,0.93,17953989.00
2015-10-16,33.76,87055016,2938977340.16,2.94,0.81,12167104.00
2015-10-19,33.75,87055016,2938106790.00,2.94,-0.03,14850000.00
2015-10-20,34.02,87055016,2961611644.32,2.96,0.80,15288588.00
2015-10-21,33.91,87055016,2952035592.56,2.95,-0.32,18969254.00
2015-10-22,34.19,87055016,2976410997.04,2.98,0.83,26004914.00
2015-10-23,34.31,87055016,2986857598.96,2.99,0.35,27866582.00
2015-10-26,34.17,87055016,2974669896.72,2.97,-0.41,19398309.00
2015-10-27,34.02,87055016,2961611644.32,2.96,-0.44,13325634.00
2015-10-28,34.08,87055016,2966834945.28,2.97,0.18,30194880.00
2015-10-29,34.09,87055016,2967705495.44,2.97,0.03,12841703.00
2015-10-30,34.02,87055016,2961611644.32,2.96,-0.21,10648260.00
2015-11-02,34.37,87055016,2992080899.92,2.99,1.03,24069311.00
2015-11-03,34.36,87055016,2991210349.76,2.99,-0.03,20540408.00
2015-11-04,34.72,87055016,3022550155.52,3.02,1.05,25692800.00
2015-11-05,35.25,87055016,3068689314.00,3.07,1.53,37301550.00
2015-11-06,35.03,87055016,3049537210.48,3.05,-0.62,35877726.00
2015-11-09,34.57,87055016,3009491903.12,3.01,-1.31,18581375.00
2015-11-10,35.07,87055016,3053019411.12,3.05,1.45,39457257.00
2015-11-11,35.18,87055016,3062595462.88,3.06,0.31,15194242.00
2015-11-12,34.96,87055016,3043443359.36,3.04,-0.63,22877824.00
2015-11-13,34.68,87055016,3019067954.88,3.02,-0.80,11988876.00
2015-11-16,34.81,87055016,3030385106.96,3.03,0.37,13927481.00
2015-11-17,34.83,87055016,3032126207.28,3.03,0.06,25464213.00
2015-11-18,35.28,87055016,3071300964.48,3.07,1.29,11642400.00
2015-11-19,35.18,87055016,3062595462.88,3.06,-0.28,15232940.00
2015-11-20,35.35,87055016,3077394815.60,3.08,0.48,17685605.00
2015-11-23,35.38,87055016,3080006466.08,3.08,0.08,15574276.00
2015-11-24,35.25,87055016,3068689314.00,3.07,-0.37,9873525.00
2015-11-25,35.28,87055016,3071300964.48,3.07,0.09,9934848.00
2015-11-27,35.24,87055016,3067818763.84,3.07,-0.11,7019808.00
2015-11-30,35.21,87055016,3065207113.36,3.07,-0.09,17453597.00
2015-12-01,35.43,87055016,3084359216.88,3.08,0.62,16138365.00
2015-12-02,35.22,87055016,3066077663.52,3.07,-0.59,14979066.00
2015-12-03,34.75,87055016,3025161806.00,3.03,-1.33,16843325.00
2015-12-04,34.82,87055016,3031255657.12,3.03,0.20,16132106.00
2015-12-07,35.26,87055016,3069559864.16,3.07,1.26,24198938.00
2015-12-08,35.41,87055016,3082618116.56,3.08,0.43,29648793.00
2015-12-09,35.34,87055016,3076524265.44,3.08,-0.20,27480384.00
2015-12-10,35.00,87055016,3046925560.00,3.05,-0.96,16121000.00
2015-12-11,34.72,87055016,3022550155.52,3.02,-0.80,17960656.00
2015-12-14,34.66,87055016,3017326854.56,3.02,-0.17,13243586.00
2015-12-15,35.33,87055016,3075653715.28,3.08,1.93,23526247.00
2015-12-16,35.87,87055016,3122663423.92,3.12,1.53,25248893.00
2015-12-17,35.80,87055016,3116569572.80,3.12,-0.20,22260440.00
2015-12-18,35.41,87055016,3082618116.56,3.08,-1.09,30526961.00
2015-12-21,36.24,87055016,3154873779.84,3.15,2.34,21330864.00
2015-12-22,36.23,87055016,3154003229.68,3.15,-0.03,11941408.00
2015-12-23,36.35,87055016,3164449831.60,3.16,0.33,11501140.00
2015-12-24,36.48,87055016,3175766983.68,3.18,0.36,4902912.00
2015-12-28,36.70,87055016,3194919087.20,3.19,0.60,17549940.00
2015-12-29,36.81,87055016,3204495138.96,3.20,0.30,9728883.00
2015-12-30,36.64,87055016,3189695786.24,3.19,-0.46,11105584.00
2015-12-31,36.58,87055016,3184472485.28,3.18,-0.16,18257078.00
2016-01-04,36.47,87055016,3174896433.52,3.17,-0.30,37582335.00
2016-01-05,36.88,87055016,3210588990.08,3.21,1.12,32045032.00
2016-01-06,37.01,87055016,3221906142.16,3.22,0.35,46628899.00
2016-01-07,36.67,87055016,3192307436.72,3.19,-0.92,33655726.00
2016-01-08,36.85,87055016,3207977339.60,3.21,0.49,36861055.00
2016-01-11,35.42,87055016,3083488666.72,3.08,-3.88,35774200.00
2016-01-12,35.91,87055016,3126145624.56,3.13,1.38,24239250.00
2016-01-13,35.11,87055016,3056501611.76,3.06,-2.23,20251448.00
2016-01-14,35.61,87055016,3100029119.76,3.10,1.42,23171427.00
2016-01-15,33.95,87055016,2955517793.20,2.96,-4.66,33549390.00
2016-01-19,34.00,87055016,2959870544.00,2.96,0.15,43343200.00
2016-01-20,33.22,87055016,2891967631.52,2.89,-2.29,35385944.00
2016-01-21,33.00,87055016,2872815528.00,2.87,-0.66,29350200.00
2016-01-22,34.29,87055016,2985116498.64,2.99,3.91,33144714.00
2016-01-25,33.47,87055016,2913731385.52,2.91,-2.39,28101412.00
2016-01-26,33.98,87055016,2958129443.68,2.96,1.52,25219956.00
2016-01-27,33.61,87055016,2925919087.76,2.93,-1.09,28840741.00
2016-01-28,33.57,87055016,2922436887.12,2.92,-0.12,16002819.00
2016-01-29,34.22,87055016,2979022647.52,2.98,1.94,24504942.00
2016-02-01,34.28,87055016,2984245948.48,2.98,0.18,22288856.00
2016-02-02,33.84,87055016,2945941741.44,2.95,-1.28,15999552.00
2016-02-03,34.00,87055016,2959870544.00,2.96,0.47,29352200.00
2016-02-04,33.88,87055016,2949423942.08,2.95,-0.35,25304972.00
2016-02-05,32.89,87055016,2863239476.24,2.86,-2.92,42441256.00
2016-02-08,31.31,87055016,2725692550.96,2.73,-4.80,37164970.00
2016-02-09,30.58,87055016,2662142389.28,2.66,-2.33,34087526.00
2016-02-10,31.00,87055016,2698705496.00,2.70,1.37,15881300.00
2016-02-11,30.88,87055016,2688258894.08,2.69,-0.39,16137888.00
2016-02-12,31.56,87055016,2747456304.96,2.75,2.20,19996416.00
2016-02-16,32.43,87055016,2823194168.88,2.82,2.76,18076482.00
2016-02-17,33.13,87055016,2884132680.08,2.88,2.16,48280349.00
2016-02-18,33.55,87055016,2920695786.80,2.92,1.27,43326470.00
2016-02-19,33.69,87055016,2932883489.04,2.93,0.42,17795058.00
2016-02-22,34.78,87055016,3027773456.48,3.03,3.24,38414510.00
2016-02-23,33.05,87055016,2877168278.80,2.88,-4.97,45337990.00
2016-02-24,33.09,87055016,2880650479.44,2.88,0.12,48096315.00
2016-02-25,34.02,87055016,2961611644.32,2.96,2.81,22630104.00
2016-02-26,34.17,87055016,2974669896.72,2.97,0.44,17727396.00
2016-02-29,34.84,87055016,3032996757.44,3.03,1.96,33310524.00
2016-03-01,34.99,87055016,3046055009.84,3.05,0.43,23726719.00
2016-03-02,35.62,87055016,3100899669.92,3.10,1.80,21225958.00
2016-03-03,36.20,87055016,3151391579.20,3.15,1.63,32362800.00
2016-03-04,36.30,87055016,3160097080.80,3.16,0.28,21242760.00
2016-03-07,36.53,87055016,3180119734.48,3.18,0.63,20665021.00
2016-03-08,35.57,87055016,3096546919.12,3.10,-2.63,21306430.00
2016-03-09,35.79,87055016,3115699022.64,3.12,0.62,25403742.00
2016-03-10,36.13,87055016,3145297728.08,3.15,0.95,37376485.00
2016-03-11,36.70,87055016,3194919087.20,3.19,1.58,31848260.00
2016-03-14,36.46,87055016,3174025883.36,3.17,-0.65,20464998.00
2016-03-15,36.45,87055016,3173155333.20,3.17,-0.03,16763355.00
2016-03-16,37.00,87055016,3221035592.00,3.22,1.51,11029700.00
2016-03-17,37.06,87055016,3226258892.96,3.23,0.16,16966068.00
2016-03-18,36.87,87055016,3209718439.92,3.21,-0.51,21878658.00
2016-03-21,36.70,87055016,3194919087.20,3.19,-0.46,12393590.00
2016-03-22,36.83,87055016,3206236239.28,3.21,0.35,12680569.00
2016-03-23,36.77,87055016,3201012938.32,3.20,-0.16,28757817.00
2016-03-24,36.96,87055016,3217553391.36,3.22,0.52,18465216.00
2016-03-28,37.00,87055016,3221035592.00,3.22,0.11,24812200.00
2016-03-29,37.57,87055016,3270656951.12,3.27,1.54,21760544.00
2016-03-30,37.32,87055016,3248893197.12,3.25,-0.67,19514628.00
2016-03-31,37.98,87055016,3306349507.68,3.31,1.77,23524812.00
2016-04-01,38.00,87055016,3308090608.00,3.31,0.05,23290200.00
2016-04-04,38.11,87055016,3317666659.76,3.32,0.29,14306494.00
2016-04-05,37.87,87055016,3296773455.92,3.30,-0.63,24289818.00
2016-04-06,38.24,87055016,3328983811.84,3.33,0.98,23441120.00
2016-04-07,37.66,87055016,3278491902.56,3.28,-1.52,15105426.00
2016-04-08,37.80,87055016,3290679604.80,3.29,0.37,10822140.00
2016-04-11,37.80,87055016,3290679604.80,3.29,0.00,18956700.00
2016-04-12,38.19,87055016,3324631061.04,3.32,1.03,32495871.00
2016-04-13,38.21,87055016,3326372161.36,3.33,0.05,23502971.00
2016-04-14,38.28,87055016,3332466012.48,3.33,0.18,19319916.00
2016-04-15,38.27,87055016,3331595462.32,3.33,-0.03,14856414.00
2016-04-18,38.30,87055016,3334207112.80,3.33,0.08,12347920.00
2016-04-19,38.39,87055016,3342042064.24,3.34,0.23,9033167.00
2016-04-20,38.44,87055016,3346394815.04,3.35,0.13,13084976.00
2016-04-21,38.00,87055016,3308090608.00,3.31,-1.14,14082800.00
2016-04-22,38.23,87055016,3328113261.68,3.33,0.61,15016744.00
2016-04-25,38.34,87055016,3337689313.44,3.34,0.29,14082282.00
2016-04-26,38.68,87055016,3367288018.88,3.37,0.89,14450848.00
2016-04-27,38.34,87055016,3337689313.44,3.34,-0.88,18782766.00
2016-04-28,38.38,87055016,3341171514.08,3.34,0.10,13022334.00
2016-04-29,38.32,87055016,3335948213.12,3.34,-0.16,22509168.00
2016-05-02,38.74,87055016,3372511319.84,3.37,1.10,15554110.00
2016-05-03,38.35,87055016,3338559863.60,3.34,-1.01,13736970.00
2016-05-04,39.11,87055016,3404721675.76,3.40,1.98,31686922.00
2016-05-05,39.57,87055016,3444766983.12,3.44,1.18,59465796.00
2016-05-06,39.72,87055016,3457825235.52,3.46,0.38,35235612.00
2016-05-09,39.22,87055016,3414297727.52,3.41,-1.26,27077488.00
2016-05-10,39.43,87055016,3432579280.88,3.43,0.54,23583083.00
2016-05-11,39.43,87055016,3432579280.88,3.43,0.00,25227314.00
2016-05-12,39.50,87055016,3438673132.00,3.44,0.18,16590000.00
2016-05-13,39.08,87055016,3402110025.28,3.40,-1.06,17480484.00
2016-05-16,39.29,87055016,3420391578.64,3.42,0.54,16776830.00
2016-05-17,38.84,87055016,3381216821.44,3.38,-1.15,25824716.00
2016-05-18,38.54,87055016,3355100316.64,3.36,-0.77,18641798.00
2016-05-19,38.45,87055016,3347265365.20,3.35,-0.23,12315535.00
2016-05-20,39.08,87055016,3402110025.28,3.40,1.64,27903120.00
2016-05-23,39.22,87055016,3414297727.52,3.41,0.36,14205484.00
2016-05-24,39.61,87055016,3448249183.76,3.45,0.99,26665452.00
2016-05-25,39.37,87055016,3427355979.92,3.43,-0.61,17570831.00
2016-05-26,39.36,87055016,3426485429.76,3.43,-0.03,17538816.00
2016-05-27,39.91,87055016,3474365688.56,3.47,1.40,13597337.00
2016-05-31,40.18,87055016,3497870542.88,3.50,0.68,16160396.00
2016-06-01,39.71,87055016,3456954685.36,3.46,-1.17,16848953.00
2016-06-02,40.16,87055016,3496129442.56,3.50,1.13,17963568.00
2016-06-03,39.94,87055016,3476977339.04,3.48,-0.55,10743860.00
2016-06-06,39.93,87055016,3476106788.88,3.48,-0.03,12342363.00
2016-06-07,39.96,87055016,3478718439.36,3.48,0.08,10985004.00
2016-06-08,39.85,87055016,3469142387.60,3.47,-0.28,15366160.00
2016-06-09,39.90,87055016,3473495138.40,3.47,0.13,12596430.00
2016-06-10,39.82,87055016,3466530737.12,3.47,-0.20,9126744.00
2016-06-13,39.76,87055016,3461307436.16,3.46,-0.15,13550208.00
2016-06-14,39.33,87055016,3423873779.28,3.42,-1.08,13513788.00
2016-06-15,39.63,87055016,3449990284.08,3.45,0.76,16153188.00
2016-06-16,39.96,87055016,3478718439.36,3.48,0.83,12135852.00
2016-06-17,39.59,87055016,3446508083.44,3.45,-0.93,30262596.00
2016-06-20,39.77,87055016,3462177986.32,3.46,0.45,17801052.00
2016-06-21,39.47,87055016,3436061481.52,3.44,-0.75,40981701.00
2016-06-22,39.48,87055016,3436932031.68,3.44,0.03,23190552.00
2016-06-23,39.69,87055016,3455213585.04,3.46,0.53,22778091.00
2016-06-24,38.87,87055016,3383828471.92,3.38,-2.07,27974739.00
2016-06-27,38.79,87055016,3376864070.64,3.38,-0.21,34949790.00
2016-06-28,39.40,87055016,3429967630.40,3.43,1.57,17726060.00
2016-06-29,40.44,87055016,3520504847.04,3.52,2.64,19067460.00
2016-06-30,41.43,87055016,3606689312.88,3.61,2.45,30024321.00
2016-07-01,41.95,87055016,3651957921.20,3.65,1.26,37087995.00
2016-07-05,41.51,87055016,3613653714.16,3.61,-1.05,24192028.00
2016-07-06,41.44,87055016,3607559863.04,3.61,-0.17,14474992.00
2016-07-07,41.70,87055016,3630194167.20,3.63,0.63,24290250.00
2016-07-08,42.27,87055016,3679815526.32,3.68,1.37,17926707.00
2016-07-11,42.33,87055016,3685038827.28,3.69,0.14,15056781.00
2016-07-12,42.10,87055016,3665016173.60,3.67,-0.54,15088640.00
2016-07-13,41.89,87055016,3646734620.24,3.65,-0.50,23357864.00
2016-07-14,42.04,87055016,3659792872.64,3.66,0.36,24862456.00
2016-07-15,41.95,87055016,3651957921.20,3.65,-0.21,23911500.00
2016-07-18,42.28,87055016,3680686076.48,3.68,0.79,9732856.00
2016-07-19,42.77,87055016,3723343034.32,3.72,1.16,28874027.00
2016-07-20,42.74,87055016,3720731383.84,3.72,-0.07,18113212.00
2016-07-21,42.75,87055016,3721601934.00,3.72,0.02,23371425.00
2016-07-22,43.19,87055016,3759906141.04,3.76,1.03,18023187.00
2016-07-25,42.92,87055016,3736401286.72,3.74,-0.63,13219360.00
2016-07-26,42.82,87055016,3727695785.12,3.73,-0.23,16806850.00
2016-07-27,42.73,87055016,3719860833.68,3.72,-0.21,20557403.00
2016-07-28,42.40,87055016,3691132678.40,3.69,-0.77,31498960.00
2016-07-29,42.41,87055016,3692003228.56,3.69,0.02,14801090.00
2016-08-01,42.54,87055016,3703320380.64,3.70,0.31,14884746.00
2016-08-02,41.86,87055016,3644122969.76,3.64,-1.60,18322122.00
2016-08-03,41.11,87055016,3578831707.76,3.58,-1.79,16583774.00
2016-08-04,40.98,87055016,3567514555.68,3.57,-0.32,13847142.00
2016-08-05,40.97,87055016,3566644005.52,3.57,-0.02,13683980.00
2016-08-08,41.27,87055016,3592760510.32,3.59,0.73,24770254.00
2016-08-09,38.41,87055016,3343783164.56,3.34,-6.93,72276097.00
2016-08-10,39.02,87055016,3396886724.32,3.40,1.59,40061834.00
2016-08-11,39.30,87055016,3421262128.80,3.42,0.72,25898700.00
2016-08-12,39.21,87055016,3413427177.36,3.41,-0.23,16389780.00
2016-08-15,38.96,87055016,3391663423.36,3.39,-0.64,20126736.00
2016-08-16,38.62,87055016,3362064717.92,3.36,-0.87,26230704.00
2016-08-17,38.68,87055016,3367288018.88,3.37,0.16,21699480.00
2016-08-18,38.43,87055016,3345524264.88,3.35,-0.65,12643470.00
2016-08-19,38.45,87055016,3347265365.20,3.35,0.05,27999290.00
2016-08-22,38.76,87055016,3374252420.16,3.37,0.81,17139672.00
2016-08-23,39.32,87055016,3423003229.12,3.42,1.44,27594776.00
2016-08-24,39.26,87055016,3417779928.16,3.42,-0.15,28581280.00
2016-08-25,39.57,87055016,3444766983.12,3.44,0.79,20916702.00
2016-08-26,39.17,87055016,3409944976.72,3.41,-1.01,22887031.00
2016-08-29,39.55,87055016,3443025882.80,3.44,0.97,16796885.00
2016-08-30,39.36,87055016,3426485429.76,3.43,-0.48,18617280.00
2016-08-31,38.95,87055016,3390792873.20,3.39,-1.04,29777275.00
2016-09-01,39.36,87055016,3426485429.76,3.43,1.05,23013792.00
2016-09-02,39.36,87055016,3426485429.76,3.43,0.00,17979648.00
2016-09-06,39.09,87055016,3402980575.44,3.40,-0.69,19318278.00
2016-09-07,39.11,87055016,3404721675.76,3.40,0.05,36407499.00
2016-09-08,38.92,87055016,3388181222.72,3.39,-0.49,16003904.00
2016-09-09,37.65,87055016,3277621352.40,3.28,-3.26,34792365.00
2016-09-12,38.26,87055016,3330724912.16,3.33,1.62,24233884.00
2016-09-13,37.75,87055016,3286326854.00,3.29,-1.33,29022200.00
2016-09-14,37.98,87055016,3306349507.68,3.31,0.61,25169346.00
2016-09-15,38.67,87055016,3366417468.72,3.37,1.82,22621950.00
2016-09-16,38.34,87055016,3337689313.44,3.34,-0.85,31339116.00
2016-09-19,38.64,87055016,3363805818.24,3.36,0.78,19018608.00
2016-09-20,40.27,87055016,3505705494.32,3.51,4.22,80270191.00
2016-09-21,41.02,87055016,3570996756.32,3.57,1.86,53650058.00
2016-09-22,41.46,87055016,3609300963.36,3.61,1.07,38018820.00
2016-09-23,41.50,87055016,3612783164.00,3.61,0.10,17396800.00
2016-09-26,41.31,87055016,3596242710.96,3.60,-0.46,16106769.00
2016-09-27,41.16,87055016,3583184458.56,3.58,-0.36,24519012.00
2016-09-28,41.36,87055016,3600595461.76,3.60,0.49,12428680.00
2016-09-29,41.10,87055016,3577961157.60,3.58,-0.63,22498140.00
2016-09-30,41.33,87055016,3597983811.28,3.60,0.56,22491786.00
2016-10-03,41.65,87055016,3625841416.40,3.63,0.77,30937620.00
2016-10-04,41.31,87055016,3596242710.96,3.60,-0.82,23579748.00
2016-10-05,40.90,87055016,3560550154.40,3.56,-0.99,32879510.00
2016-10-06,40.52,87055016,3527469248.32,3.53,-0.93,28222180.00
2016-10-07,40.45,87055016,3521375397.20,3.52,-0.17,22947285.00
2016-10-10,40.21,87055016,3500482193.36,3.50,-0.59,31794047.00
2016-10-11,39.77,87055016,3462177986.32,3.46,-1.09,21809868.00
2016-10-12,40.95,87055016,3564902905.20,3.56,2.97,60831225.00
2016-10-13,40.81,87055016,3552715202.96,3.55,-0.34,32056255.00
2016-10-14,41.09,87055016,3577090607.44,3.58,0.69,33775980.00
2016-10-17,40.83,87055016,3554456303.28,3.55,-0.63,21921627.00
2016-10-18,40.85,87055016,3556197403.60,3.56,0.05,15988690.00
2016-10-19,40.96,87055016,3565773455.36,3.57,0.27,22077440.00
2016-10-20,41.15,87055016,3582313908.40,3.58,0.46,38713920.00
2016-10-21,41.09,87055016,3577090607.44,3.58,-0.15,29157464.00
2016-10-24,41.08,87055016,3576220057.28,3.58,-0.02,22117472.00
2016-10-25,40.71,87055016,3544009701.36,3.54,-0.90,31310061.00
2016-10-26,40.48,87055016,3523987047.68,3.52,-0.56,13860352.00
2016-10-27,39.69,87055016,3455213585.04,3.46,-1.95,28545048.00
2016-10-28,39.93,87055016,3476106788.88,3.48,0.60,28438146.00
2016-10-31,40.15,87055016,3495258892.40,3.50,0.55,34019095.00
2016-11-01,39.63,87055016,3449990284.08,3.45,-1.30,30273357.00
2016-11-02,39.65,87055016,3451731384.40,3.45,0.05,49086700.00
2016-11-03,38.50,87055016,3351618116.00,3.35,-2.90,72630250.00
2016-11-04,38.46,87055016,3348135915.36,3.35,-0.10,21676056.00
2016-11-07,38.66,87055016,3365546918.56,3.37,0.52,24723070.00
2016-11-08,38.84,87055016,3381216821.44,3.38,0.47,28768788.00
2016-11-09,38.67,87055016,3366417468.72,3.37,-0.44,32498268.00
2016-11-10,37.90,87055016,3299385106.40,3.30,-1.99,29054140.00
2016-11-11,37.53,87055016,3267174750.48,3.27,-0.98,37304820.00
2016-11-14,38.49,87055016,3350747565.84,3.35,2.56,48793773.00
2016-11-15,38.79,87055016,3376864070.64,3.38,0.78,25426845.00
2016-11-16,39.57,87055016,3444766983.12,3.44,2.01,40749186.00
2016-11-17,39.95,87055016,3477847889.20,3.48,0.96,24972745.00
2016-11-18,40.08,87055016,3489165041.28,3.49,0.33,37398648.00
2016-11-21,40.67,87055016,3540527500.72,3.54,1.47,35203952.00
2016-11-22,41.90,87055016,3647605170.40,3.65,3.02,39553600.00
2016-11-23,41.96,87055016,3652828471.36,3.65,0.14,17543476.00
2016-11-25,41.94,87055016,3651087371.04,3.65,-0.05,7079472.00
2016-11-28,42.21,87055016,3674592225.36,3.67,0.64,15655689.00
2016-11-29,42.60,87055016,3708543681.60,3.71,0.92,27268260.00
2016-11-30,41.95,87055016,3651957921.20,3.65,-1.53,28261715.00
2016-12-01,41.60,87055016,3621488665.60,3.62,-0.83,36408320.00
2016-12-02,41.49,87055016,3611912613.84,3.61,-0.26,29316834.00
2016-12-05,41.59,87055016,3620618115.44,3.62,0.24,33014142.00
2016-12-06,41.67,87055016,3627582516.72,3.63,0.19,16888851.00
2016-12-07,42.39,87055016,3690262128.24,3.69,1.73,15069645.00
2016-12-08,42.73,87055016,3719860833.68,3.72,0.80,15416984.00
2016-12-09,42.52,87055016,3701579280.32,3.70,-0.49,16166104.00
2016-12-12,42.34,87055016,3685909377.44,3.69,-0.42,30527140.00
2016-12-13,42.71,87055016,3718119733.36,3.72,0.87,24143963.00
2016-12-14,42.70,87055016,3717249183.20,3.72,-0.02,37191700.00
2016-12-15,42.51,87055016,3700708730.16,3.70,-0.44,22334754.00
2016-12-16,42.67,87055016,3714637532.72,3.71,0.38,43792221.00
2016-12-19,43.38,87055016,3776446594.08,3.78,1.66,18436500.00
2016-12-20,43.75,87055016,3808656950.00,3.81,0.85,17705625.00
2016-12-21,43.65,87055016,3799951448.40,3.80,-0.23,14234265.00
2016-12-22,43.50,87055016,3786893196.00,3.79,-0.34,14046150.00
2016-12-23,43.72,87055016,3806045299.52,3.81,0.51,6098940.00
2016-12-27,43.30,87055016,3769482192.80,3.77,-0.96,18363530.00
2016-12-28,43.17,87055016,3758165040.72,3.76,-0.30,12420009.00
2016-12-29,43.20,87055016,3760776691.20,3.76,0.07,18079200.00
2016-12-30,43.04,87055016,3746847888.64,3.75,-0.37,20353616.00
2017-01-03,43.51,87055016,3787763746.16,3.79,1.09,17382245.00
2017-01-04,44.31,87055016,3857407758.96,3.86,1.84,40171446.00
2017-01-05,44.70,87055016,3891359215.20,3.89,0.88,31915800.00
2017-01-06,44.37,87055016,3862631059.92,3.86,-0.74,40807089.00
2017-01-09,44.29,87055016,3855666658.64,3.86,-0.18,15820388.00
2017-01-10,45.00,87055016,3917475720.00,3.92,1.60,26388000.00
2017-01-11,45.56,87055016,3966226528.96,3.97,1.24,30338404.00
2017-01-12,46.00,87055016,4004530736.00,4.00,0.97,39555400.00
2017-01-13,46.31,87055016,4031517790.96,4.03,0.67,31977055.00
2017-01-17,47.18,87055016,4107255654.88,4.11,1.88,63424074.00
2017-01-18,47.39,87055016,4125537208.24,4.13,0.45,39039882.00
2017-01-19,47.01,87055016,4092456302.16,4.09,-0.80,48260466.00
2017-01-20,47.61,87055016,4144689311.76,4.14,1.28,19543905.00
2017-01-23,47.97,87055016,4176029117.52,4.18,0.76,17667351.00
2017-01-24,48.38,87055016,4211721674.08,4.21,0.85,29676292.00
2017-01-25,48.84,87055016,4251766981.44,4.25,0.95,26471280.00
2017-01-26,48.77,87055016,4245673130.32,4.25,-0.14,46716783.00
2017-01-27,48.69,87055016,4238708729.04,4.24,-0.16,27870156.00
2017-01-30,48.45,87055016,4217815525.20,4.22,-0.49,53261085.00
2017-01-31,48.34,87055016,4208239473.44,4.21,-0.23,32842196.00
2017-02-01,47.96,87055016,4175158567.36,4.18,-0.79,28080580.00
2017-02-02,47.95,87055016,4174288017.20,4.17,-0.02,35804265.00
2017-02-03,48.06,87055016,4183864068.96,4.18,0.23,35237592.00
2017-02-06,48.00,87055016,4178640768.00,4.18,-0.12,30240000.00
2017-02-07,48.38,87055016,4211721674.08,4.21,0.79,21495234.00
2017-02-08,48.56,87055016,4227391576.96,4.23,0.37,12533336.00
2017-02-09,48.45,87055016,4217815525.20,4.22,-0.23,28919805.00
2017-02-10,48.91,87055016,4257860832.56,4.26,0.95,19818332.00
2017-02-13,49.29,87055016,4290941738.64,4.29,0.78,17286003.00
2017-02-14,49.53,87055016,4311834942.48,4.31,0.49,15156180.00
2017-02-15,49.89,87055016,4343174748.24,4.34,0.73,20789163.00
2017-02-16,50.21,87055016,4371032353.36,4.37,0.64,24371934.00
2017-02-17,49.99,87055016,4351880249.84,4.35,-0.44,26254748.00
2017-02-21,50.60,87055016,4404983809.60,4.40,1.22,32692660.00
2017-02-22,49.25,87055016,4287459538.00,4.29,-2.67,67669500.00
2017-02-23,47.67,87055016,4149912612.72,4.15,-3.21,61723116.00
2017-02-24,47.73,87055016,4155135913.68,4.16,0.13,57533742.00
2017-02-27,48.34,87055016,4208239473.44,4.21,1.28,37129954.00
2017-02-28,48.31,87055016,4205627822.96,4.21,-0.06,36184190.00
2017-03-01,48.27,87055016,4202145622.32,4.20,-0.08,27576651.00
2017-03-02,48.73,87055016,4242190929.68,4.24,0.95,42984733.00
2017-03-03,48.61,87055016,4231744327.76,4.23,-0.25,27824364.00
2017-03-06,48.82,87055016,4250025881.12,4.25,0.43,17340864.00
2017-03-07,48.88,87055016,4255249182.08,4.26,0.12,17850976.00
2017-03-08,48.64,87055016,4234355978.24,4.23,-0.49,28434944.00
2017-03-09,48.29,87055016,4203886722.64,4.20,-0.72,26120061.00
2017-03-10,48.47,87055016,4219556625.52,4.22,0.37,17386189.00
2017-03-13,49.04,87055016,4269177984.64,4.27,1.18,17463144.00
2017-03-14,48.77,87055016,4245673130.32,4.25,-0.55,10939111.00
2017-03-15,49.20,87055016,4283106787.20,4.28,0.88,19202760.00
2017-03-16,49.60,87055016,4317928793.60,4.32,0.81,23649280.00
2017-03-17,50.28,87055016,4377126204.48,4.38,1.37,47197836.00
2017-03-20,50.12,87055016,4363197401.92,4.36,-0.32,23516304.00
2017-03-21,49.59,87055016,4317058243.44,4.32,-1.06,38298357.00
2017-03-22,49.16,87055016,4279624586.56,4.28,-0.87,43039580.00
2017-03-23,49.63,87055016,4320540444.08,4.32,0.96,32522539.00
2017-03-24,48.92,87055016,4258731382.72,4.26,-1.43,25095960.00
2017-03-27,48.80,87055016,4248284780.80,4.25,-0.25,24785520.00
2017-03-28,48.59,87055016,4230003227.44,4.23,-0.43,29586451.00
2017-03-29,48.52,87055016,4223909376.32,4.22,-0.14,37821340.00
2017-03-30,48.53,87055016,4224779926.48,4.22,0.02,51553419.00
2017-03-31,48.37,87055016,4210851123.92,4.21,-0.33,30129673.00
2017-04-03,47.61,87055016,4144689311.76,4.14,-1.57,36740637.00
2017-04-04,47.77,87055016,4158618114.32,4.16,0.34,50000859.00
2017-04-05,47.46,87055016,4131631059.36,4.13,-0.65,27659688.00
2017-04-06,47.21,87055016,4109867305.36,4.11,-0.53,33981758.00
2017-04-07,47.13,87055016,4102902904.08,4.10,-0.17,30191478.00
2017-04-10,46.98,87055016,4089844651.68,4.09,-0.32,19867842.00
2017-04-11,47.48,87055016,4133372159.68,4.13,1.06,34954776.00
2017-04-12,47.35,87055016,4122055007.60,4.12,-0.27,20005375.00
2017-04-13,46.67,87055016,4062857596.72,4.06,-1.44,17687930.00
2017-04-17,47.42,87055016,4128148858.72,4.13,1.61,44589026.00
2017-04-18,47.28,87055016,4115961156.48,4.12,-0.30,29767488.00
2017-04-19,47.69,87055016,4151653713.04,4.15,0.87,26687324.00
2017-04-20,47.55,87055016,4139466010.80,4.14,-0.29,19200690.00
2017-04-21,47.24,87055016,4112478955.84,4.11,-0.65,36478728.00
2017-04-24,47.30,87055016,4117702256.80,4.12,0.13,28181340.00
2017-04-25,47.39,87055016,4125537208.24,4.13,0.19,18339930.00
2017-04-26,47.02,87055016,4093326852.32,4.09,-0.78,15102824.00
2017-04-27,47.05,87055016,4095938502.80,4.10,0.06,16420450.00
2017-04-28,46.64,87055016,4060245946.24,4.06,-0.87,27261080.00
2017-05-01,46.39,87055016,4038482192.24,4.04,-0.54,27467519.00
2017-05-02,46.12,87055016,4014977337.92,4.01,-0.58,19951512.00
2017-05-03,45.59,87055016,3968838179.44,3.97,-1.15,30093959.00
2017-05-04,45.29,87055016,3942721674.64,3.94,-0.66,66463075.00
2017-05-05,46.20,87055016,4021941739.20,4.02,2.01,32007360.00
2017-05-08,46.05,87055016,4008883486.80,4.01,-0.32,31479780.00
2017-05-09,45.13,87055016,3928792872.08,3.93,-2.00,21517984.00
2017-05-10,45.52,87055016,3962744328.32,3.96,0.86,16664872.00
2017-05-11,45.11,87055016,3927051771.76,3.93,-0.90,22947457.00
2017-05-12,45.15,87055016,3930533972.40,3.93,0.09,18529560.00
2017-05-15,46.16,87055016,4018459538.56,4.02,2.24,20758152.00
2017-05-16,45.12,87055016,3927922321.92,3.93,-2.25,25037088.00
2017-05-17,44.90,87055016,3908770218.40,3.91,-0.49,25440340.00
2017-05-18,45.21,87055016,3935757273.36,3.94,0.69,23685519.00
2017-05-19,45.79,87055016,3986249182.64,3.99,1.28,16791193.00
2017-05-22,45.90,87055016,3995825234.40,4.00,0.24,12282840.00
2017-05-23,45.46,87055016,3957521027.36,3.96,-0.96,8978350.00
2017-05-24,45.57,87055016,3967097079.12,3.97,0.24,12107949.00
2017-05-25,45.72,87055016,3980155331.52,3.98,0.33,17643348.00
2017-05-26,44.60,87055016,3882653713.60,3.88,-2.45,17501040.00
2017-05-30,45.04,87055016,3920957920.64,3.92,0.99,16052256.00
2017-05-31,45.31,87055016,3944462774.96,3.94,0.60,27666286.00
2017-06-01,45.80,87055016,3987119732.80,3.99,1.08,16231520.00
2017-06-02,46.41,87055016,4040223292.56,4.04,1.33,19779942.00
2017-06-05,45.73,87055016,3981025881.68,3.98,-1.47,14729633.00
2017-06-06,45.06,87055016,3922699020.96,3.92,-1.47,10097946.00
2017-06-07,44.87,87055016,3906158567.92,3.91,-0.42,12294380.00
2017-06-08,45.25,87055016,3939239474.00,3.94,0.85,11312500.00
2017-06-09,45.73,87055016,3981025881.68,3.98,1.06,16627428.00
2017-06-12,46.17,87055016,4019330088.72,4.02,0.96,32619105.00
2017-06-13,46.23,87055016,4024553389.68,4.02,0.13,26836515.00
2017-06-14,46.48,87055016,4046317143.68,4.05,0.54,31936408.00
2017-06-15,47.01,87055016,4092456302.16,4.09,1.14,18098850.00
2017-06-16,48.27,87055016,4202145622.32,4.20,2.68,55877352.00
2017-06-19,49.02,87055016,4267436884.32,4.27,1.55,32696340.00
2017-06-20,48.48,87055016,4220427175.68,4.22,-1.10,23284944.00
2017-06-21,47.50,87055016,4135113260.00,4.14,-2.02,35943250.00
2017-06-22,47.64,87055016,4147300962.24,4.15,0.29,18398568.00
2017-06-23,48.02,87055016,4180381868.32,4.18,0.80,36442378.00
2017-06-26,48.58,87055016,4229132677.28,4.23,1.17,24362870.00
2017-06-27,48.41,87055016,4214333324.56,4.21,-0.35,24795602.00
2017-06-28,48.62,87055016,4232614877.92,4.23,0.43,22292270.00
2017-06-29,47.86,87055016,4166453065.76,4.17,-1.56,28352264.00
2017-06-30,48.17,87055016,4193440120.72,4.19,0.65,28256522.00
2017-07-03,48.64,87055016,4234355978.24,4.23,0.98,9241600.00
2017-07-05,48.11,87055016,4188216819.76,4.19,-1.09,17430253.00
2017-07-06,47.55,87055016,4139466010.80,4.14,-1.16,16238325.00
2017-07-07,47.52,87055016,4136854360.32,4.14,-0.06,15253920.00
2017-07-10,47.28,87055016,4115961156.48,4.12,-0.51,14325840.00
2017-07-11,47.47,87055016,4132501609.52,4.13,0.40,14032132.00
2017-07-12,47.49,87055016,4134242709.84,4.13,0.04,32008260.00
2017-07-13,47.41,87055016,4127278308.56,4.13,-0.17,35936780.00
2017-07-14,47.16,87055016,4105514554.56,4.11,-0.53,22000140.00
2017-07-17,47.19,87055016,4108126205.04,4.11,0.06,31985382.00
2017-07-18,46.57,87055016,4054152095.12,4.05,-1.31,26665982.00
2017-07-19,46.50,87055016,4048058244.00,4.05,-0.15,25161150.00
2017-07-20,46.81,87055016,4075045298.96,4.08,0.67,30749489.00
2017-07-21,47.31,87055016,4118572806.96,4.12,1.07,18900345.00
2017-07-24,47.62,87055016,4145559861.92,4.15,0.66,11795474.00
2017-07-25,47.56,87055016,4140336560.96,4.14,-0.13,27803576.00
2017-07-26,46.72,87055016,4067210347.52,4.07,-1.77,29050496.00
2017-07-27,46.88,87055016,4081139150.08,4.08,0.34,17969104.00
2017-07-28,46.65,87055016,4061116496.40,4.06,-0.49,14872020.00
2017-07-31,46.21,87055016,4022812289.36,4.02,-0.94,21122591.00
2017-08-01,46.56,87055016,4053281544.96,4.05,0.76,21021840.00
2017-08-02,44.81,87055016,3900935266.96,3.90,-3.76,46329059.00
2017-08-03,44.25,87055016,3852184458.00,3.85,-1.25,47586450.00
2017-08-04,44.87,87055016,3906158567.92,3.91,1.40,50034537.00
2017-08-07,44.87,87055016,3906158567.92,3.91,0.00,32095511.00
2017-08-08,42.91,87055016,3735530736.56,3.74,-4.37,106944593.00
2017-08-09,42.65,87055016,3712896432.40,3.71,-0.61,35787615.00
2017-08-10,43.14,87055016,3755553390.24,3.76,1.15,42561924.00
2017-08-11,42.65,87055016,3712896432.40,3.71,-1.14,36606495.00
2017-08-14,42.87,87055016,3732048535.92,3.73,0.52,13941324.00
2017-08-15,42.82,87055016,3727695785.12,3.73,-0.12,13295610.00
2017-08-16,42.94,87055016,3738142387.04,3.74,0.28,18674606.00
2017-08-17,42.27,87055016,3679815526.32,3.68,-1.56,15420096.00
2017-08-18,42.06,87055016,3661533972.96,3.66,-0.50,29845776.00
2017-08-21,42.28,87055016,3680686076.48,3.68,0.52,17533516.00
2017-08-22,42.46,87055016,3696355979.36,3.70,0.43,11345312.00
2017-08-23,42.74,87055016,3720731383.84,3.72,0.66,29152954.00
2017-08-24,42.41,87055016,3692003228.56,3.69,-0.77,16238789.00
2017-08-25,42.98,87055016,3741624587.68,3.74,1.34,27326684.00
2017-08-28,43.31,87055016,3770352742.96,3.77,0.77,25682830.00
2017-08-29,43.03,87055016,3745977338.48,3.75,-0.65,22982323.00
2017-08-30,43.48,87055016,3785152095.68,3.79,1.05,19205116.00
2017-08-31,43.58,87055016,3793857597.28,3.79,0.23,18756832.00
2017-09-01,43.54,87055016,3790375396.64,3.79,-0.09,11681782.00
2017-09-05,42.63,87055016,3711155332.08,3.71,-2.09,21029379.00
2017-09-06,42.61,87055016,3709414231.76,3.71,-0.05,20550803.00
2017-09-07,42.62,87055016,3710284781.92,3.71,0.02,20581198.00
2017-09-08,41.45,87055016,3608430413.20,3.61,-2.75,34751680.00
2017-09-11,41.66,87055016,3626711966.56,3.63,0.51,29953540.00
2017-09-12,41.34,87055016,3598854361.44,3.60,-0.77,36590034.00
2017-09-13,41.96,87055016,3652828471.36,3.65,1.50,44183880.00
2017-09-14,42.32,87055016,3684168277.12,3.68,0.86,39531112.00
2017-09-15,42.42,87055016,3692873778.72,3.69,0.24,39917220.00
2017-09-18,42.05,87055016,3660663422.80,3.66,-0.87,26083615.00
2017-09-19,42.44,87055016,3694614879.04,3.69,0.93,18457156.00
2017-09-20,42.73,87055016,3719860833.68,3.72,0.68,20070281.00
2017-09-21,42.54,87055016,3703320380.64,3.70,-0.44,12906636.00
2017-09-22,42.97,87055016,3740754037.52,3.74,1.01,25141747.00
2017-09-25,43.62,87055016,3797339797.92,3.80,1.51,19463244.00
2017-09-26,43.25,87055016,3765129442.00,3.77,-0.85,13571850.00
2017-09-27,44.45,87055016,3869595461.20,3.87,2.77,33977580.00
2017-09-28,45.10,87055016,3926181221.60,3.93,1.46,39597800.00
2017-09-29,45.46,87055016,3957521027.36,3.96,0.80,28994388.00
2017-10-02,44.77,87055016,3897453066.32,3.90,-1.52,41416727.00
2017-10-03,44.75,87055016,3895711966.00,3.90,-0.04,9925550.00
2017-10-04,45.06,87055016,3922699020.96,3.92,0.69,14063226.00
2017-10-05,45.30,87055016,3943592224.80,3.94,0.53,11950140.00
2017-10-06,44.99,87055016,3916605169.84,3.92,-0.68,13231559.00
2017-10-09,44.88,87055016,3907029118.08,3.91,-0.24,12175944.00
2017-10-10,45.08,87055016,3924440121.28,3.92,0.45,20547464.00
2017-10-11,45.53,87055016,3963614878.48,3.96,1.00,20074177.00
2017-10-12,45.98,87055016,4002789635.68,4.00,0.99,16019432.00
2017-10-13,46.11,87055016,4014106787.76,4.01,0.28,13325790.00
2017-10-16,45.61,87055016,3970579279.76,3.97,-1.08,11443549.00
2017-10-17,45.57,87055016,3967097079.12,3.97,-0.09,10836546.00
2017-10-18,45.45,87055016,3956650477.20,3.96,-0.26,16012035.00
2017-10-19,45.62,87055016,3971449829.92,3.97,0.37,15433246.00
2017-10-20,45.31,87055016,3944462774.96,3.94,-0.68,51141397.00
2017-10-23,44.38,87055016,3863501610.08,3.86,-2.05,24599834.00
2017-10-24,44.90,87055016,3908770218.40,3.91,1.17,22315300.00
2017-10-25,45.08,87055016,3924440121.28,3.92,0.40,18527880.00
2017-10-26,45.55,87055016,3965355978.80,3.97,1.04,29265875.00
2017-10-27,45.59,87055016,3968838179.44,3.97,0.09,21705399.00
2017-10-30,46.29,87055016,4029776690.64,4.03,1.54,29477472.00
2017-10-31,46.73,87055016,4068080897.68,4.07,0.95,25804306.00
2017-11-01,45.93,87055016,3998436884.88,4.00,-1.71,35439588.00
2017-11-02,46.26,87055016,4027165040.16,4.03,0.72,45778896.00
2017-11-03,46.42,87055016,4041093842.72,4.04,0.35,39596260.00
2017-11-06,49.69,87055016,4325763745.04,4.33,7.04,98584960.00
2017-11-07,51.22,87055016,4458957919.52,4.46,3.08,77910742.00
2017-11-08,51.05,87055016,4444158566.80,4.44,-0.33,35592060.00
2017-11-09,50.02,87055016,4354491900.32,4.35,-2.02,46073422.00
2017-11-10,49.77,87055016,4332728146.32,4.33,-0.50,46087020.00
2017-11-13,50.61,87055016,4405854359.76,4.41,1.69,40806843.00
2017-11-14,50.59,87055016,4404113259.44,4.40,-0.04,45920543.00
2017-11-15,50.20,87055016,4370161803.20,4.37,-0.77,36204240.00
2017-11-16,50.72,87055016,4415430411.52,4.42,1.04,26359184.00
2017-11-17,50.79,87055016,4421524262.64,4.42,0.14,27492627.00
2017-11-20,50.78,87055016,4420653712.48,4.42,-0.02,35683106.00
2017-11-21,50.62,87055016,4406724909.92,4.41,-0.32,50184668.00
2017-11-22,50.12,87055016,4363197401.92,4.36,-0.99,30457924.00
2017-11-24,50.21,87055016,4371032353.36,4.37,0.18,8033600.00
2017-11-27,49.71,87055016,4327504845.36,4.33,-1.00,19898913.00
2017-11-28,49.29,87055016,4290941738.64,4.29,-0.84,26808831.00
2017-11-29,49.11,87055016,4275271835.76,4.28,-0.37,32039364.00
2017-11-30,49.91,87055016,4344915848.56,4.34,1.63,21905499.00
2017-12-01,50.29,87055016,4377996754.64,4.38,0.76,17345021.00
2017-12-04,50.51,87055016,4397148858.16,4.40,0.44,24760002.00
2017-12-05,50.69,87055016,4412818761.04,4.41,0.36,27296565.00
2017-12-06,50.45,87055016,4391925557.20,4.39,-0.47,14907975.00
2017-12-07,50.80,87055016,4422394812.80,4.42,0.69,14726920.00
2017-12-08,50.79,87055016,4421524262.64,4.42,-0.02,26121297.00
2017-12-11,51.02,87055016,4441546916.32,4.44,0.45,15178450.00
2017-12-12,51.35,87055016,4470275071.60,4.47,0.65,36997675.00
2017-12-13,51.76,87055016,4505967628.16,4.51,0.80,41444232.00
2017-12-14,52.00,87055016,4526860832.00,4.53,0.46,40289600.00
2017-12-15,51.44,87055016,4478110023.04,4.48,-1.08,56259928.00
2017-12-18,51.52,87055016,4485074424.32,4.49,0.16,31020192.00
2017-12-19,50.99,87055016,4438935265.84,4.44,-1.03,23139262.00
2017-12-20,49.92,87055016,4345786398.72,4.35,-2.10,57627648.00
2017-12-21,49.45,87055016,4304870541.20,4.30,-0.94,25837625.00
2017-12-22,49.54,87055016,4312705492.64,4.31,0.18,15837938.00
2017-12-26,49.51,87055016,4310093842.16,4.31,-0.06,13347896.00
2017-12-27,49.88,87055016,4342304198.08,4.34,0.75,14579924.00
2017-12-28,49.78,87055016,4333598696.48,4.33,-0.20,20165878.00
2017-12-29,49.78,87055016,4333598696.48,4.33,0.00,15611008.00
2018-01-02,48.84,87055016,4251766981.44,4.25,-1.89,29299116.00
2018-01-03,48.45,87055016,4217815525.20,4.22,-0.80,20305395.00
2018-01-04,47.95,87055016,4174288017.20,4.17,-1.03,24746995.00
2018-01-05,48.01,87055016,4179511318.16,4.18,0.13,18815119.00
2018-01-08,49.11,87055016,4275271835.76,4.28,2.29,29917812.00
2018-01-09,48.37,87055016,4210851123.92,4.21,-1.51,15865360.00
2018-01-10,48.18,87055016,4194310670.88,4.19,-0.39,18187950.00
2018-01-11,48.66,87055016,4236097078.56,4.24,1.00,23892060.00
2018-01-12,47.89,87055016,4169064716.24,4.17,-1.58,14266431.00
2018-01-16,48.06,87055016,4183864068.96,4.18,0.35,18253188.00
2018-01-17,48.33,87055016,4207368923.28,4.21,0.56,14774481.00
2018-01-18,48.64,87055016,4234355978.24,4.23,0.64,23960064.00
2018-01-19,49.37,87055016,4297906139.92,4.30,1.50,33724647.00
2018-01-22,48.78,87055016,4246543680.48,4.25,-1.20,31043592.00
2018-01-23,48.98,87055016,4263954683.68,4.26,0.41,22956926.00
2018-01-24,48.61,87055016,4231744327.76,4.23,-0.76,28927811.00
2018-01-25,48.34,87055016,4208239473.44,4.21,-0.56,30401026.00
2018-01-26,48.27,87055016,4202145622.32,4.20,-0.14,26756061.00
2018-01-29,47.86,87055016,4166453065.76,4.17,-0.85,40001388.00
2018-01-30,48.12,87055016,4189087369.92,4.19,0.54,30349284.00
2018-01-31,48.27,87055016,4202145622.32,4.20,0.31,51243432.00
2018-02-01,47.94,87055016,4173417467.04,4.17,-0.68,27081306.00
2018-02-02,46.90,87055016,4082880250.40,4.08,-2.17,32149950.00
2018-02-05,45.83,87055016,3989731383.28,3.99,-2.28,29739087.00
2018-02-06,45.52,87055016,3962744328.32,3.96,-0.68,46239216.00
2018-02-07,45.54,87055016,3964485428.64,3.96,0.04,31563774.00
2018-02-08,44.20,87055016,3847831707.20,3.85,-2.94,33158840.00
2018-02-09,44.66,87055016,3887877014.56,3.89,1.04,42650300.00
2018-02-12,45.03,87055016,3920087370.48,3.92,0.83,34020165.00
2018-02-13,44.95,87055016,3913122969.20,3.91,-0.18,21050085.00
2018-02-14,45.61,87055016,3970579279.76,3.97,1.47,39033038.00
2018-02-15,46.66,87055016,4061987046.56,4.06,2.30,29694424.00
2018-02-16,46.98,87055016,4089844651.68,4.09,0.69,30452436.00
2018-02-20,46.48,87055016,4046317143.68,4.05,-1.06,35064512.00
2018-02-21,45.52,87055016,3962744328.32,3.96,-2.07,34190072.00
2018-02-22,46.39,87055016,4038482192.24,4.04,1.91,28381402.00
2018-02-23,48.19,87055016,4195181221.04,4.20,3.88,48127353.00
2018-02-26,48.70,87055016,4239579279.20,4.24,1.06,58313380.00
2018-02-27,45.69,87055016,3977543681.04,3.98,-6.18,91165257.00
2018-02-28,44.57,87055016,3880042063.12,3.88,-2.45,58939368.00
2018-03-01,44.23,87055016,3850443357.68,3.85,-0.76,26666267.00
2018-03-02,44.35,87055016,3860889959.60,3.86,0.27,29475010.00
2018-03-05,44.68,87055016,3889618114.88,3.89,0.74,30954304.00
2018-03-06,44.11,87055016,3839996755.76,3.84,-1.28,28861173.00
2018-03-07,44.41,87055016,3866113260.56,3.87,0.68,30629577.00
2018-03-08,44.69,87055016,3890488665.04,3.89,0.63,24481182.00
2018-03-09,45.11,87055016,3927051771.76,3.93,0.94,19510075.00
2018-03-12,45.28,87055016,3941851124.48,3.94,0.38,23527488.00
2018-03-13,44.83,87055016,3902676367.28,3.90,-0.99,30300597.00
2018-03-14,44.59,87055016,3881783163.44,3.88,-0.54,20119008.00
2018-03-15,44.57,87055016,3880042063.12,3.88,-0.04,73232967.00
2018-03-16,44.44,87055016,3868724911.04,3.87,-0.29,30090324.00
2018-03-19,44.46,87055016,3870466011.36,3.87,0.05,28427724.00
2018-03-20,43.95,87055016,3826067953.20,3.83,-1.15,18902895.00
2018-03-21,43.58,87055016,3793857597.28,3.79,-0.84,20447736.00
2018-03-22,42.99,87055016,3742495137.84,3.74,-1.35,34955169.00
2018-03-23,42.90,87055016,3734660186.40,3.73,-0.21,28575690.00
2018-03-26,43.36,87055016,3774705493.76,3.77,1.07,22412784.00
2018-03-27,43.02,87055016,3745106788.32,3.75,-0.78,28160892.00
2018-03-28,43.61,87055016,3796469247.76,3.80,1.37,45507035.00
2018-03-29,43.27,87055016,3766870542.32,3.77,-0.78,32699139.00
2018-04-02,42.21,87055016,3674592225.36,3.67,-2.45,26583858.00
2018-04-03,42.66,87055016,3713766982.56,3.71,1.07,28961874.00
2018-04-04,43.68,87055016,3802563098.88,3.80,2.39,23220288.00
2018-04-05,43.80,87055016,3813009700.80,3.81,0.27,23196480.00
2018-04-06,43.44,87055016,3781669895.04,3.78,-0.82,21998016.00
2018-04-09,43.46,87055016,3783410995.36,3.78,0.05,24215912.00
2018-04-10,43.59,87055016,3794728147.44,3.79,0.30,24741684.00
2018-04-11,43.34,87055016,3772964393.44,3.77,-0.57,13626096.00
2018-04-12,43.00,87055016,3743365688.00,3.74,-0.78,30039800.00
2018-04-13,42.80,87055016,3725954684.80,3.73,-0.47,18181440.00
2018-04-16,43.19,87055016,3759906141.04,3.76,0.91,16969351.00
2018-04-17,43.41,87055016,3779058244.56,3.78,0.51,18427545.00
2018-04-18,43.24,87055016,3764258891.84,3.76,-0.39,12418528.00
2018-04-19,43.23,87055016,3763388341.68,3.76,-0.02,13526667.00
2018-04-20,42.41,87055016,3692003228.56,3.69,-1.90,15632326.00
2018-04-23,42.35,87055016,3686779927.60,3.69,-0.14,16194640.00
2018-04-24,42.49,87055016,3698967629.84,3.70,0.33,17777816.00
2018-04-25,42.77,87055016,3723343034.32,3.72,0.66,12360530.00
2018-04-26,43.32,87055016,3771223293.12,3.77,1.29,23444784.00
2018-04-27,43.38,87055016,3776446594.08,3.78,0.14,14783904.00
2018-04-30,43.31,87055016,3770352742.96,3.77,-0.16,24773320.00
2018-05-01,43.97,87055016,3827809053.52,3.83,1.52,32599358.00
2018-05-02,45.53,87055016,3963614878.48,3.96,3.55,50683996.00
2018-05-03,44.95,87055016,3913122969.20,3.91,-1.27,42419315.00
2018-05-04,44.82,87055016,3901805817.12,3.90,-0.29,28913382.00
2018-05-07,45.22,87055016,3936627823.52,3.94,0.89,17427788.00
2018-05-08,44.56,87055016,3879171512.96,3.88,-1.46,26905328.00
2018-05-09,44.93,87055016,3911381868.88,3.91,0.83,25389943.00
2018-05-10,45.23,87055016,3937498373.68,3.94,0.67,11045166.00
2018-05-11,45.46,87055016,3957521027.36,3.96,0.51,13033382.00
2018-05-14,45.59,87055016,3968838179.44,3.97,0.29,24294911.00
2018-05-15,45.87,87055016,3993213583.92,3.99,0.61,38994087.00
2018-05-16,46.12,87055016,4014977337.92,4.01,0.55,17276552.00
2018-05-17,46.11,87055016,4014106787.76,4.01,-0.02,15359241.00
2018-05-18,46.48,87055016,4046317143.68,4.05,0.80,20916000.00
2018-05-21,46.80,87055016,4074174748.80,4.07,0.69,17849520.00
2018-05-22,46.41,87055016,4040223292.56,4.04,-0.83,23998611.00
2018-05-23,46.24,87055016,4025423939.84,4.03,-0.37,14098576.00
2018-05-24,46.07,87055016,4010624587.12,4.01,-0.37,14346198.00
2018-05-25,46.61,87055016,4057634295.76,4.06,1.17,10202929.00
2018-05-29,46.65,87055016,4061116496.40,4.06,0.09,19490370.00
2018-05-30,47.31,87055016,4118572806.96,4.12,1.41,29776914.00
2018-05-31,47.05,87055016,4095938502.80,4.10,-0.55,29330970.00
2018-06-01,47.80,87055016,4161229764.80,4.16,1.59,15855260.00
2018-06-04,47.83,87055016,4163841415.28,4.16,0.06,24637233.00
2018-06-05,48.15,87055016,4191699020.40,4.19,0.67,28211085.00
2018-06-06,48.64,87055016,4234355978.24,4.23,1.02,24966912.00
2018-06-07,48.60,87055016,4230873777.60,4.23,-0.08,15678360.00
2018-06-08,49.34,87055016,4295294489.44,4.30,1.52,16834808.00
2018-06-11,49.24,87055016,4286588987.84,4.29,-0.20,19218372.00
2018-06-12,49.83,87055016,4337951447.28,4.34,1.20,28278525.00
2018-06-13,48.78,87055016,4246543680.48,4.25,-2.11,26468028.00
2018-06-14,48.97,87055016,4263084133.52,4.26,0.39,35635469.00
2018-06-15,48.68,87055016,4237838178.88,4.24,-0.59,41110260.00
2018-06-18,48.20,87055016,4196051771.20,4.20,-0.99,35614980.00
2018-06-19,47.56,87055016,4140336560.96,4.14,-1.33,57576136.00
2018-06-20,47.82,87055016,4162970865.12,4.16,0.55,32570202.00
2018-06-21,47.84,87055016,4164711965.44,4.16,0.04,24522784.00
2018-06-22,47.72,87055016,4154265363.52,4.15,-0.25,30822348.00
2018-06-25,47.18,87055016,4107255654.88,4.11,-1.13,20089244.00
2018-06-26,47.22,87055016,4110737855.52,4.11,0.08,30815772.00
2018-06-27,46.58,87055016,4055022645.28,4.06,-1.36,15646222.00
2018-06-28,47.09,87055016,4099420703.44,4.10,1.09,21567220.00
2018-06-29,47.03,87055016,4094197402.48,4.09,-0.13,26303879.00
2018-07-02,46.97,87055016,4088974101.52,4.09,-0.13,31460506.00
2018-07-03,46.94,87055016,4086362451.04,4.09,-0.06,12016640.00
2018-07-05,47.49,87055016,4134242709.84,4.13,1.17,27938367.00
2018-07-06,47.85,87055016,4165582515.60,4.17,0.76,58606680.00
2018-07-09,47.67,87055016,4149912612.72,4.15,-0.38,27219570.00
2018-07-10,48.04,87055016,4182122968.64,4.18,0.78,28377228.00
2018-07-11,48.11,87055016,4188216819.76,4.19,0.15,16987641.00
2018-07-12,48.51,87055016,4223038826.16,4.22,0.83,13762287.00
2018-07-13,49.10,87055016,4274401285.60,4.27,1.22,19423960.00
2018-07-16,49.39,87055016,4299647240.24,4.30,0.59,17963143.00
2018-07-17,49.68,87055016,4324893194.88,4.32,0.59,25202664.00
2018-07-18,49.10,87055016,4274401285.60,4.27,-1.17,16423950.00
2018-07-19,49.80,87055016,4335339796.80,4.34,1.43,21931920.00
2018-07-20,49.31,87055016,4292682838.96,4.29,-0.98,12899496.00
2018-07-23,49.27,87055016,4289200638.32,4.29,-0.08,10228452.00
2018-07-24,49.20,87055016,4283106787.20,4.28,-0.14,12300000.00
2018-07-25,49.39,87055016,4299647240.24,4.30,0.39,18965760.00
2018-07-26,50.30,87055016,4378867304.80,4.38,1.84,15442100.00
2018-07-27,49.77,87055016,4332728146.32,4.33,-1.05,14552748.00
2018-07-30,50.04,87055016,4356233000.64,4.36,0.54,13000392.00
2018-07-31,50.69,87055016,4412818761.04,4.41,1.30,18800921.00
2018-08-01,50.43,87055016,4390184456.88,4.39,-0.51,19309647.00
2018-08-02,49.70,87055016,4326634295.20,4.33,-1.45,16152500.00
2018-08-03,49.62,87055016,4319669893.92,4.32,-0.16,17962440.00
2018-08-06,49.76,87055016,4331857596.16,4.33,0.28,15231536.00
2018-08-07,50.17,87055016,4367550152.72,4.37,0.82,26951324.00
2018-08-08,50.33,87055016,4381478955.28,4.38,0.32,27485213.00
2018-08-09,50.04,87055016,4356233000.64,4.36,-0.58,22953348.00
2018-08-10,50.15,87055016,4365809052.40,4.37,0.22,16248600.00
2018-08-13,50.63,87055016,4407595460.08,4.41,0.96,17755941.00
2018-08-14,51.64,87055016,4495521026.24,4.50,1.99,32543528.00
2018-08-15,51.88,87055016,4516414230.08,4.52,0.46,22650808.00
2018-08-16,52.15,87055016,4539919084.40,4.54,0.52,18779215.00
2018-08-17,52.09,87055016,4534695783.44,4.53,-0.12,30608084.00
2018-08-20,52.24,87055016,4547754035.84,4.55,0.29,14951088.00
2018-08-21,51.84,87055016,4512932029.44,4.51,-0.77,15826752.00
2018-08-22,52.17,87055016,4541660184.72,4.54,0.64,20831481.00
2018-08-23,51.98,87055016,4525119731.68,4.53,-0.36,11425204.00
2018-08-24,52.73,87055016,4590410993.68,4.59,1.44,15945552.00
2018-08-27,52.42,87055016,4563423938.72,4.56,-0.59,20931306.00
2018-08-28,52.99,87055016,4613045297.84,4.61,1.09,23098341.00
2018-08-29,53.29,87055016,4639161802.64,4.64,0.57,23346349.00
2018-08-30,52.73,87055016,4590410993.68,4.59,-1.05,9396486.00
2018-08-31,53.05,87055016,4618268598.80,4.62,0.61,11750575.00
2018-09-04,53.32,87055016,4641773453.12,4.64,0.51,17110388.00
2018-09-05,53.21,87055016,4632197401.36,4.63,-0.21,27972497.00
2018-09-06,53.29,87055016,4639161802.64,4.64,0.15,15278243.00
2018-09-07,53.43,87055016,4651349504.88,4.65,0.26,13229268.00
2018-09-10,53.79,87055016,4682689310.64,4.68,0.67,19896921.00
2018-09-11,53.37,87055016,4646126203.92,4.65,-0.78,17846928.00
2018-09-12,53.79,87055016,4682689310.64,4.68,0.79,12576102.00
2018-09-13,54.31,87055016,4727957918.96,4.73,0.97,19567893.00
2018-09-14,54.73,87055016,4764521025.68,4.76,0.77,25104651.00
2018-09-17,54.89,87055016,4778449828.24,4.78,0.29,20397124.00
2018-09-18,54.30,87055016,4727087368.80,4.73,-1.07,17310840.00
2018-09-19,53.60,87055016,4666148857.60,4.67,-1.29,20855760.00
2018-09-20,54.18,87055016,4716640766.88,4.72,1.08,16449048.00
2018-09-21,53.58,87055016,4664407757.28,4.66,-1.11,29377914.00
2018-09-24,53.44,87055016,4652220055.04,4.65,-0.26,19217024.00
2018-09-25,53.70,87055016,4674854359.20,4.67,0.49,39378210.00
2018-09-26,53.07,87055016,4620009699.12,4.62,-1.17,16701129.00
2018-09-27,53.66,87055016,4671372158.56,4.67,1.11,18518066.00
2018-09-28,54.20,87055016,4718381867.20,4.72,1.01,15707160.00
2018-10-01,53.70,87055016,4674854359.20,4.67,-0.92,12549690.00
2018-10-02,53.99,87055016,4700100313.84,4.70,0.54,42841065.00
2018-10-03,53.74,87055016,4678336559.84,4.68,-0.46,15665210.00
2018-10-04,52.92,87055016,4606951446.72,4.61,-1.53,33170256.00
2018-10-05,52.96,87055016,4610433647.36,4.61,0.08,18546592.00
2018-10-08,53.18,87055016,4629585750.88,4.63,0.42,19889320.00
2018-10-09,52.88,87055016,4603469246.08,4.60,-0.56,16805264.00
2018-10-10,51.53,87055016,4485944974.48,4.49,-2.55,26440043.00
2018-10-11,50.73,87055016,4416300961.68,4.42,-1.55,30529314.00
2018-10-12,49.84,87055016,4338821997.44,4.34,-1.75,30382464.00
2018-10-15,50.48,87055016,4394537207.68,4.39,1.28,19429752.00
2018-10-16,51.91,87055016,4519025880.56,4.52,2.83,18173691.00
2018-10-17,51.32,87055016,4467663421.12,4.47,-1.14,21261876.00
2018-10-18,51.77,87055016,4506838178.32,4.51,0.88,22235215.00
2018-10-19,52.41,87055016,4562553388.56,4.56,1.24,36582180.00
2018-10-22,51.79,87055016,4508579278.64,4.51,-1.18,15992752.00
2018-10-23,51.34,87055016,4469404521.44,4.47,-0.87,30249528.00
2018-10-24,51.25,87055016,4461569570.00,4.46,-0.18,25476375.00
2018-10-25,51.62,87055016,4493779925.92,4.49,0.72,31111374.00
2018-10-26,50.32,87055016,4380608405.12,4.38,-2.52,21944552.00
2018-10-29,51.54,87055016,4486815524.64,4.49,2.42,22708524.00
2018-10-30,51.35,87055016,4470275071.60,4.47,-0.37,22121580.00
2018-10-31,51.08,87055016,4446770217.28,4.45,-0.53,22863408.00
2018-11-01,51.65,87055016,4496391576.40,4.50,1.12,22183675.00
2018-11-02,52.14,87055016,4539048534.24,4.54,0.95,20819502.00
2018-11-05,52.55,87055016,4574741090.80,4.57,0.79,23468830.00
2018-11-06,54.57,87055016,4750592223.12,4.75,3.84,47061168.00
2018-11-07,56.06,87055016,4880304196.96,4.88,2.73,53531694.00
2018-11-08,51.64,87055016,4495521026.24,4.50,-7.88,93726600.00
2018-11-09,53.03,87055016,4616527498.48,4.62,2.69,33064205.00
2018-11-12,52.37,87055016,4559071187.92,4.56,-1.24,24325865.00
2018-11-13,52.96,87055016,4610433647.36,4.61,1.13,22952864.00
2018-11-14,51.59,87055016,4491168275.44,4.49,-2.59,18216429.00
2018-11-15,52.61,87055016,4579964391.76,4.58,1.98,31844833.00
2018-11-16,53.62,87055016,4667889957.92,4.67,1.92,23045876.00
2018-11-19,53.29,87055016,4639161802.64,4.64,-0.62,25621832.00
2018-11-20,51.45,87055016,4478980573.20,4.48,-3.45,24366720.00
2018-11-21,51.26,87055016,4462440120.16,4.46,-0.37,31068686.00
2018-11-23,51.18,87055016,4455475718.88,4.46,-0.16,7154964.00
2018-11-26,51.79,87055016,4508579278.64,4.51,1.19,25480680.00
2018-11-27,51.80,87055016,4509449828.80,4.51,0.02,9458680.00
2018-11-28,52.71,87055016,4588669893.36,4.59,1.76,21152523.00
2018-11-29,52.47,87055016,4567776689.52,4.57,-0.46,12215016.00
2018-11-30,52.83,87055016,4599116495.28,4.60,0.69,22178034.00
2018-12-03,52.97,87055016,4611304197.52,4.61,0.27,19259892.00
2018-12-04,51.01,87055016,4440676366.16,4.44,-3.70,32478067.00
2018-12-06,52.96,87055016,4610433647.36,4.61,3.82,32972896.00
2018-12-07,51.15,87055016,4452864068.40,4.45,-3.42,32260305.00
2018-12-10,50.45,87055016,4391925557.20,4.39,-1.37,31904580.00
2018-12-11,50.33,87055016,4381478955.28,4.38,-0.24,27339256.00
2018-12-12,49.84,87055016,4338821997.44,4.34,-0.97,17199784.00
2018-12-13,49.91,87055016,4344915848.56,4.34,0.14,19070611.00
2018-12-14,49.89,87055016,4343174748.24,4.34,-0.04,17072358.00
2018-12-17,47.95,87055016,4174288017.20,4.17,-3.89,35837830.00
2018-12-18,48.67,87055016,4236967628.72,4.24,1.50,23210723.00
2018-12-19,46.74,87055016,4068951447.84,4.07,-3.97,30399696.00
2018-12-20,47.31,87055016,4118572806.96,4.12,1.22,57141018.00
2018-12-21,47.60,87055016,4143818761.60,4.14,0.61,83704600.00
2018-12-24,45.91,87055016,3996695784.56,4.00,-3.55,26086062.00
2018-12-26,48.19,87055016,4195181221.04,4.20,4.97,22986630.00
2018-12-27,48.24,87055016,4199533971.84,4.20,0.10,21900960.00
2018-12-28,48.75,87055016,4243932030.00,4.24,1.06,16765125.00
2018-12-31,48.82,87055016,4250025881.12,4.25,0.14,20416524.00
2019-01-02,47.39,87055016,4125537208.24,4.13,-2.93,32367370.00
2019-01-03,47.54,87055016,4138595460.64,4.14,0.32,23546562.00
2019-01-04,48.01,87055016,4179511318.16,4.18,0.99,22185421.00
2019-01-07,48.23,87055016,4198663421.68,4.20,0.46,16600766.00
2019-01-08,49.79,87055016,4334469246.64,4.33,3.23,28310594.00
2019-01-09,50.27,87055016,4376255654.32,4.38,0.96,24526733.00
2019-01-10,50.86,87055016,4427618113.76,4.43,1.17,14001758.00
2019-01-11,51.38,87055016,4472886722.08,4.47,1.02,17577098.00
2019-01-14,50.99,87055016,4438935265.84,4.44,-0.76,14955367.00
2019-01-15,51.06,87055016,4445029116.96,4.45,0.14,13142844.00
2019-01-16,51.94,87055016,4521637531.04,4.52,1.72,18308850.00
2019-01-17,52.82,87055016,4598245945.12,4.60,1.69,25723340.00
2019-01-18,52.33,87055016,4555588987.28,4.56,-0.93,17729404.00
2019-01-22,51.99,87055016,4525990281.84,4.53,-0.65,14811951.00
2019-01-23,51.78,87055016,4507708728.48,4.51,-0.40,14783190.00
2019-01-24,51.53,87055016,4485944974.48,4.49,-0.48,13413259.00
2019-01-25,51.83,87055016,4512061479.28,4.51,0.58,15517902.00
2019-01-28,52.38,87055016,4559941738.08,4.56,1.06,13786416.00
2019-01-29,52.45,87055016,4566035589.20,4.57,0.13,9100075.00
2019-01-30,52.22,87055016,4546012935.52,4.55,-0.44,15759996.00
2019-01-31,52.54,87055016,4573870540.64,4.57,0.61,18431032.00
2019-02-01,52.25,87055016,4548624586.00,4.55,-0.55,24557500.00
2019-02-04,52.86,87055016,4601728145.76,4.60,1.17,19848930.00
2019-02-05,53.64,87055016,4669631058.24,4.67,1.48,19133388.00
2019-02-06,52.74,87055016,4591281543.84,4.59,-1.68,15473916.00
2019-02-07,53.19,87055016,4630456301.04,4.63,0.85,17499510.00
2019-02-08,53.06,87055016,4619139148.96,4.62,-0.24,14304976.00
2019-02-11,53.01,87055016,4614786398.16,4.61,-0.09,15346395.00
2019-02-12,53.01,87055016,4614786398.16,4.61,0.00,24230871.00
2019-02-13,53.70,87055016,4674854359.20,4.67,1.30,14939340.00
2019-02-14,53.99,87055016,4700100313.84,4.70,0.54,19414804.00
2019-02-15,54.78,87055016,4768873776.48,4.77,1.46,28984098.00
2019-02-19,55.20,87055016,4805436883.20,4.81,0.77,26898960.00
2019-02-20,54.81,87055016,4771485426.96,4.77,-0.71,43365672.00
2019-02-21,54.42,87055016,4737533970.72,4.74,-0.71,30698322.00
2019-02-22,54.75,87055016,4766262126.00,4.77,0.61,18779250.00
2019-02-25,55.12,87055016,4798472481.92,4.80,0.68,20328256.00
2019-02-26,55.03,87055016,4790637530.48,4.79,-0.16,20410627.00
2019-02-27,54.01,87055016,4701841414.16,4.70,-1.85,32146752.00
2019-02-28,54.74,87055016,4765391575.84,4.77,1.35,28158256.00
2019-03-01,55.61,87055016,4841129439.76,4.84,1.59,15821045.00
2019-03-04,56.38,87055016,4908161802.08,4.91,1.38,37785876.00
2019-03-05,55.76,87055016,4854187692.16,4.85,-1.10,20246456.00
2019-03-06,55.61,87055016,4841129439.76,4.84,-0.27,12300932.00
2019-03-07,55.04,87055016,4791508080.64,4.79,-1.02,18889728.00
2019-03-08,54.65,87055016,4757556624.40,4.76,-0.71,13219835.00
2019-03-11,55.31,87055016,4815012934.96,4.82,1.21,20890587.00
2019-03-12,55.44,87055016,4826330087.04,4.83,0.24,10688832.00
2019-03-13,55.40,87055016,4822847886.40,4.82,-0.07,27683380.00
2019-03-14,55.94,87055016,4869857595.04,4.87,0.97,17486844.00
2019-03-15,55.57,87055016,4837647239.12,4.84,-0.66,34797934.00
2019-03-18,55.61,87055016,4841129439.76,4.84,0.07,25536112.00
2019-03-19,55.81,87055016,4858540442.96,4.86,0.36,18729836.00
2019-03-20,55.63,87055016,4842870540.08,4.84,-0.32,19693020.00
2019-03-21,57.19,87055016,4978676365.04,4.98,2.80,32169375.00
2019-03-22,54.80,87055016,4770614876.80,4.77,-4.18,25498440.00
2019-03-25,54.65,87055016,4757556624.40,4.76,-0.27,16165470.00
2019-03-26,55.72,87055016,4850705491.52,4.85,1.96,12386556.00
2019-03-27,55.81,87055016,4858540442.96,4.86,0.16,14851041.00
2019-03-28,56.61,87055016,4928184455.76,4.93,1.43,21891087.00
2019-03-29,56.62,87055016,4929055005.92,4.93,0.02,20066128.00
2019-04-01,57.63,87055016,5016980572.08,5.02,1.78,26976603.00
2019-04-02,57.70,87055016,5023074423.20,5.02,0.12,31209930.00
2019-04-03,57.60,87055016,5014368921.60,5.01,-0.17,23448960.00
2019-04-04,57.17,87055016,4976935264.72,4.98,-0.75,26452559.00
2019-04-05,57.87,87055016,5037873775.92,5.04,1.22,21365604.00
2019-04-08,57.75,87055016,5027427174.00,5.03,-0.21,17348100.00
2019-04-09,56.85,87055016,4949077659.60,4.95,-1.56,20153325.00
2019-04-10,57.43,87055016,4999569568.88,5.00,1.02,24625984.00
2019-04-11,57.68,87055016,5021333322.88,5.02,0.44,15129464.00
2019-04-12,58.02,87055016,5050932028.32,5.05,0.59,9289002.00
2019-04-15,57.97,87055016,5046579277.52,5.05,-0.09,10156344.00
2019-04-16,57.89,87055016,5039614876.24,5.04,-0.14,20145720.00
2019-04-17,57.40,87055016,4996957918.40,5.00,-0.85,15084720.00
2019-04-18,57.35,87055016,4992605167.60,4.99,-0.09,12961100.00
2019-04-22,56.50,87055016,4918608404.00,4.92,-1.48,17950050.00
2019-04-23,57.57,87055016,5011757271.12,5.01,1.89,13667118.00
2019-04-24,58.13,87055016,5060508080.08,5.06,0.97,22327733.00
2019-04-25,58.00,87055016,5049190928.00,5.05,-0.22,8369400.00
2019-04-26,58.93,87055016,5130152092.88,5.13,1.60,12446016.00
2019-04-29,58.73,87055016,5112741089.68,5.11,-0.34,22023750.00
2019-04-30,59.06,87055016,5141469244.96,5.14,0.56,17729812.00
2019-05-01,58.44,87055016,5087495135.04,5.09,-1.05,28787544.00
2019-05-02,57.45,87055016,5001310669.20,5.00,-1.69,43426455.00
2019-05-03,58.26,87055016,5071825232.16,5.07,1.41,20775516.00
2019-05-06,58.80,87055016,5118834940.80,5.12,0.93,25730880.00
2019-05-07,57.80,87055016,5031779924.80,5.03,-1.70,17079900.00
2019-05-08,57.25,87055016,4983899666.00,4.98,-0.95,18377250.00
2019-05-09,57.47,87055016,5003051769.52,5.00,0.38,11482506.00
2019-05-10,57.85,87055016,5036132675.60,5.04,0.66,11928670.00
2019-05-13,57.24,87055016,4983029115.84,4.98,-1.05,16416432.00
2019-05-14,57.59,87055016,5013498371.44,5.01,0.61,7250581.00
2019-05-15,58.41,87055016,5084883484.56,5.08,1.42,11775456.00
2019-05-16,59.21,87055016,5154527497.36,5.15,1.37,16957744.00
2019-05-17,58.69,87055016,5109258889.04,5.11,-0.88,16004763.00
2019-05-20,58.32,87055016,5077048533.12,5.08,-0.63,12013920.00
2019-05-21,58.71,87055016,5110999989.36,5.11,0.67,18628683.00
2019-05-22,58.30,87055016,5075307432.80,5.08,-0.70,11286880.00
2019-05-23,57.55,87055016,5010016170.80,5.01,-1.29,14836390.00
2019-05-24,58.09,87055016,5057025879.44,5.06,0.94,8080319.00
2019-05-28,57.33,87055016,4990864067.28,4.99,-1.31,16298919.00
2019-05-29,56.85,87055016,4949077659.60,4.95,-0.84,14257980.00
2019-05-30,56.75,87055016,4940372158.00,4.94,-0.18,10947075.00
2019-05-31,55.87,87055016,4863763743.92,4.86,-1.55,23107832.00
2019-06-03,55.28,87055016,4812401284.48,4.81,-1.06,20121920.00
2019-06-04,56.25,87055016,4896844650.00,4.90,1.75,16891875.00
2019-06-05,57.23,87055016,4982158565.68,4.98,1.74,19463923.00
2019-06-06,56.76,87055016,4941242708.16,4.94,-0.82,32529156.00
2019-06-07,56.72,87055016,4937760507.52,4.94,-0.07,17492448.00
2019-06-10,56.71,87055016,4936889957.36,4.94,-0.02,14347630.00
2019-06-11,56.99,87055016,4961265361.84,4.96,0.49,10543150.00
2019-06-12,57.40,87055016,4996957918.40,5.00,0.72,14964180.00
2019-06-13,57.70,87055016,5023074423.20,5.02,0.52,16017520.00
2019-06-14,57.74,87055016,5026556623.84,5.03,0.07,16906272.00
2019-06-17,58.50,87055016,5092718436.00,5.09,1.32,16450200.00
2019-06-18,58.76,87055016,5115352740.16,5.12,0.44,13391404.00
2019-06-19,59.76,87055016,5202407756.16,5.20,1.70,13505760.00
2019-06-20,61.00,87055016,5310355976.00,5.31,2.07,18781900.00
2019-06-21,60.30,87055016,5249417464.80,5.25,-1.15,38483460.00
2019-06-24,60.14,87055016,5235488662.24,5.24,-0.27,22636696.00
2019-06-25,58.55,87055016,5097071186.80,5.10,-2.64,20334415.00
2019-06-26,57.30,87055016,4988252416.80,4.99,-2.13,28724490.00
2019-06-27,58.00,87055016,5049190928.00,5.05,1.22,17336200.00
2019-06-28,58.36,87055016,5080530733.76,5.08,0.62,37863968.00
2019-07-01,58.58,87055016,5099682837.28,5.10,0.38,17281100.00
2019-07-02,58.59,87055016,5100553387.44,5.10,0.02,17764488.00
2019-07-03,59.80,87055016,5205889956.80,5.21,2.07,19177860.00
2019-07-05,59.70,87055016,5197184455.20,5.20,-0.17,11289270.00
2019-07-08,58.91,87055016,5128410992.56,5.13,-1.32,13490390.00
2019-07-09,58.57,87055016,5098812287.12,5.10,-0.58,15995467.00
2019-07-10,58.18,87055016,5064860830.88,5.06,-0.67,26850070.00
2019-07-11,58.34,87055016,5078789633.44,5.08,0.28,19170524.00
2019-07-12,58.55,87055016,5097071186.80,5.10,0.36,15012220.00
2019-07-15,58.36,87055016,5080530733.76,5.08,-0.32,10557324.00
2019-07-16,57.75,87055016,5027427174.00,5.03,-1.05,11197725.00
2019-07-17,57.87,87055016,5037873775.92,5.04,0.21,12274227.00
2019-07-18,57.85,87055016,5036132675.60,5.04,-0.03,10106395.00
2019-07-19,57.41,87055016,4997828468.56,5.00,-0.76,14272126.00
2019-07-22,57.32,87055016,4989993517.12,4.99,-0.16,12220624.00
2019-07-23,57.84,87055016,5035262125.44,5.04,0.91,14506272.00
2019-07-24,58.13,87055016,5060508080.08,5.06,0.50,11620187.00
2019-07-25,57.28,87055016,4986511316.48,4.99,-1.46,12017344.00
2019-07-26,57.76,87055016,5028297724.16,5.03,0.84,14041456.00
2019-07-29,57.49,87055016,5004792869.84,5.00,-0.47,16884813.00
2019-07-30,58.53,87055016,5095330086.48,5.10,1.81,14527146.00
2019-07-31,58.51,87055016,5093588986.16,5.09,-0.03,20583818.00
2019-08-01,57.71,87055016,5023944973.36,5.02,-1.37,21352700.00
2019-08-02,57.39,87055016,4996087368.24,5.00,-0.55,11277135.00
2019-08-05,56.35,87055016,4905550151.60,4.91,-1.81,26259100.00
2019-08-06,58.05,87055016,5053543678.80,5.05,3.02,32061015.00
2019-08-07,56.35,87055016,4905550151.60,4.91,-2.93,46054855.00
2019-08-08,57.29,87055016,4987381866.64,4.99,1.67,40091542.00
2019-08-09,57.24,87055016,4983029115.84,4.98,-0.09,14144004.00
2019-08-12,56.80,87055016,4944724908.80,4.94,-0.77,16500400.00
2019-08-13,57.06,87055016,4967359212.96,4.97,0.46,10390626.00
2019-08-14,55.12,87055016,4798472481.92,4.80,-3.40,28535624.00
2019-08-15,54.14,87055016,4713158566.24,4.71,-1.78,23431792.00
2019-08-16,54.56,87055016,4749721672.96,4.75,0.78,23695408.00
2019-08-19,56.03,87055016,4877692546.48,4.88,2.69,25538474.00
2019-08-20,54.73,87055016,4764521025.68,4.76,-2.32,18312658.00
2019-08-21,54.91,87055016,4780190928.56,4.78,0.33,21376463.00
2019-08-22,55.13,87055016,4799343032.08,4.80,0.40,10816506.00
2019-08-23,53.91,87055016,4693135912.56,4.69,-2.21,21811986.00
2019-08-26,54.54,87055016,4747980572.64,4.75,1.17,10346238.00
2019-08-27,54.32,87055016,4728828469.12,4.73,-0.40,16980432.00
2019-08-28,54.82,87055016,4772355977.12,4.77,0.92,14291574.00
2019-08-29,55.39,87055016,4821977336.24,4.82,1.04,10706887.00
2019-08-30,55.42,87055016,4824588986.72,4.82,0.05,11854338.00
2019-09-03,54.92,87055016,4781061478.72,4.78,-0.90,12378968.00
2019-09-04,55.33,87055016,4816754035.28,4.82,0.75,14596054.00
2019-09-05,55.18,87055016,4803695782.88,4.80,-0.27,19522684.00
2019-09-06,55.16,87055016,4801954682.56,4.80,-0.04,13464556.00
2019-09-09,55.28,87055016,4812401284.48,4.81,0.22,14754232.00
2019-09-10,55.70,87055016,4848964391.20,4.85,0.76,16147430.00
2019-09-11,57.03,87055016,4964747562.48,4.96,2.39,27910482.00
2019-09-12,57.66,87055016,5019592222.56,5.02,1.10,25693296.00
2019-09-13,57.66,87055016,5019592222.56,5.02,0.00,21714756.00
2019-09-16,58.59,87055016,5100553387.44,5.10,1.61,18116028.00
2019-09-17,58.30,87055016,5075307432.80,5.08,-0.49,18008870.00
2019-09-18,57.83,87055016,5034391575.28,5.03,-0.81,15284469.00
2019-09-19,58.82,87055016,5120576041.12,5.12,1.71,14546186.00
2019-09-20,58.55,87055016,5097071186.80,5.10,-0.46,51143425.00
2019-09-23,58.66,87055016,5106647238.56,5.11,0.19,12242342.00
2019-09-24,59.36,87055016,5167585749.76,5.17,1.19,37313696.00
2019-09-25,59.95,87055016,5218948209.20,5.22,0.99,19699570.00
2019-09-26,59.53,87055016,5182385102.48,5.18,-0.70,23014298.00
2019-09-27,59.65,87055016,5192831704.40,5.19,0.20,11357360.00
2019-09-30,59.96,87055016,5219818759.36,5.22,0.52,17232504.00
2019-10-01,59.38,87055016,5169326850.08,5.17,-0.97,14292766.00
2019-10-02,59.08,87055016,5143210345.28,5.14,-0.51,24476844.00
2019-10-03,59.79,87055016,5205019406.64,5.21,1.20,21578211.00
2019-10-04,60.72,87055016,5285980571.52,5.29,1.56,22284240.00
2019-10-07,60.02,87055016,5225042060.32,5.23,-1.15,16997664.00
2019-10-08,59.71,87055016,5198055005.36,5.20,-0.52,31174591.00
2019-10-09,59.22,87055016,5155398047.52,5.16,-0.82,13786416.00
2019-10-10,59.17,87055016,5151045296.72,5.15,-0.08,12384281.00
2019-10-11,59.98,87055016,5221559859.68,5.22,1.37,13663444.00
2019-10-14,59.90,87055016,5214595458.40,5.21,-0.13,9428260.00
2019-10-15,59.87,87055016,5211983807.92,5.21,-0.05,11890182.00
2019-10-16,59.86,87055016,5211113257.76,5.21,-0.02,13875548.00
2019-10-17,60.41,87055016,5258993516.56,5.26,0.92,10009937.00
2019-10-18,60.57,87055016,5272922319.12,5.27,0.26,9909252.00
2019-10-21,60.62,87055016,5277275069.92,5.28,0.08,12572588.00
2019-10-22,60.91,87055016,5302521024.56,5.30,0.48,9897875.00
2019-10-23,60.39,87055016,5257252416.24,5.26,-0.85,17772777.00
2019-10-24,59.86,87055016,5211113257.76,5.21,-0.88,20591840.00
2019-10-25,59.85,87055016,5210242707.60,5.21,-0.02,17877195.00
2019-10-28,59.32,87055016,5164103549.12,5.16,-0.89,21895012.00
2019-10-29,59.91,87055016,5215466008.56,5.22,0.99,23053368.00
2019-10-30,59.24,87055016,5157139147.84,5.16,-1.12,17043348.00
2019-10-31,58.56,87055016,5097941736.96,5.10,-1.15,34755360.00
2019-11-01,58.75,87055016,5114482190.00,5.11,0.32,60800375.00
2019-11-04,58.71,87055016,5110999989.36,5.11,-0.07,55034754.00
2019-11-05,60.30,87055016,5249417464.80,5.25,2.71,48631950.00
2019-11-06,60.58,87055016,5273792869.28,5.27,0.46,37656528.00
2019-11-07,59.03,87055016,5138857594.48,5.14,-2.56,25843334.00
2019-11-08,59.73,87055016,5199796105.68,5.20,1.19,23939784.00
2019-11-11,60.42,87055016,5259864066.72,5.26,1.16,24645318.00
2019-11-12,60.01,87055016,5224171510.16,5.22,-0.68,21063510.00
2019-11-13,59.79,87055016,5205019406.64,5.21,-0.37,15599211.00
2019-11-14,60.31,87055016,5250288014.96,5.25,0.87,14697547.00
2019-11-15,61.08,87055016,5317320377.28,5.32,1.28,75354396.00
2019-11-18,61.05,87055016,5314708726.80,5.31,-0.05,17893755.00
2019-11-19,60.95,87055016,5306003225.20,5.31,-0.16,14329345.00
2019-11-20,60.71,87055016,5285110021.36,5.29,-0.39,19803602.00
2019-11-21,60.52,87055016,5268569568.32,5.27,-0.31,12551848.00
2019-11-22,60.66,87055016,5280757270.56,5.28,0.23,12326112.00
2019-11-25,60.83,87055016,5295556623.28,5.30,0.28,11271799.00
2019-11-26,61.93,87055016,5391317140.88,5.39,1.81,23031767.00
2019-11-27,62.06,87055016,5402634292.96,5.40,0.21,16315574.00
2019-11-29,61.06,87055016,5315579276.96,5.32,-1.61,6392982.00
2019-12-02,61.42,87055016,5346919082.72,5.35,0.59,29800984.00
2019-12-03,61.29,87055016,5335601930.64,5.34,-0.21,20973438.00
2019-12-04,61.46,87055016,5350401283.36,5.35,0.28,16692536.00
2019-12-05,62.21,87055016,5415692545.36,5.42,1.22,14936621.00
2019-12-06,63.42,87055016,5521029114.72,5.52,1.95,26928132.00
2019-12-09,64.00,87055016,5571521024.00,5.57,0.91,21555200.00
2019-12-10,63.75,87055016,5549757270.00,5.55,-0.39,22019250.00
2019-12-11,63.64,87055016,5540181218.24,5.54,-0.17,24978700.00
2019-12-12,63.24,87055016,5505359211.84,5.51,-0.63,22816992.00
2019-12-13,63.44,87055016,5522770215.04,5.52,0.32,27285544.00
2019-12-16,62.92,87055016,5477501606.72,5.48,-0.82,32265376.00
2019-12-17,62.63,87055016,5452255652.08,5.45,-0.46,29573886.00
2019-12-18,64.20,87055016,5588932027.20,5.59,2.51,28325040.00
2019-12-19,65.16,87055016,5672504842.56,5.67,1.50,16602768.00
2019-12-20,65.42,87055016,5695139146.72,5.70,0.40,53350010.00
2019-12-23,65.45,87055016,5697750797.20,5.70,0.05,17887485.00
2019-12-24,65.87,87055016,5734313903.92,5.73,0.64,11467967.00
2019-12-26,65.73,87055016,5722126201.68,5.72,-0.21,10365621.00
2019-12-27,65.65,87055016,5715161800.40,5.72,-0.12,9991930.00
2019-12-30,66.00,87055016,5745631056.00,5.75,0.53,13648800.00
2019-12-31,66.06,87055016,5750854356.96,5.75,0.09,21489318.00
2020-01-02,65.46,87055016,5698621347.36,5.70,-0.91,28180530.00
2020-01-03,65.88,87055016,5735184454.08,5.74,0.64,16120836.00
2020-01-06,65.47,87055016,5699491897.52,5.70,-0.62,25579129.00
2020-01-07,65.22,87055016,5677728143.52,5.68,-0.38,11198274.00
2020-01-08,65.65,87055016,5715161800.40,5.72,0.66,14567735.00
2020-01-09,65.81,87055016,5729090602.96,5.73,0.24,18282018.00
2020-01-10,66.42,87055016,5782194162.72,5.78,0.93,28633662.00
2020-01-13,66.79,87055016,5814404518.64,5.81,0.56,19215483.00
2020-01-14,66.72,87055016,5808310667.52,5.81,-0.10,15972768.00
2020-01-15,66.96,87055016,5829203871.36,5.83,0.36,19545624.00
2020-01-16,68.40,87055016,5954563094.40,5.95,2.15,21169800.00
2020-01-17,68.15,87055016,5932799340.40,5.93,-0.37,30354010.00
2020-01-21,69.23,87055016,6026818757.68,6.03,1.58,35196532.00
2020-01-22,69.54,87055016,6053805812.64,6.05,0.45,22412742.00
2020-01-23,69.47,87055016,6047711961.52,6.05,-0.10,26120720.00
2020-01-24,69.58,87055016,6057288013.28,6.06,0.16,13964706.00
2020-01-27,69.38,87055016,6039877010.08,6.04,-0.29,17844536.00
2020-01-28,70.20,87055016,6111262123.20,6.11,1.18,21860280.00
2020-01-29,69.77,87055016,6073828466.32,6.07,-0.61,14505183.00
2020-01-30,69.38,87055016,6039877010.08,6.04,-0.56,28383358.00
2020-01-31,68.69,87055016,5979809049.04,5.98,-0.99,35540206.00
2020-02-03,69.08,87055016,6013760505.28,6.01,0.57,29393540.00
2020-02-04,69.68,87055016,6065993514.88,6.07,0.87,17468776.00
2020-02-05,70.43,87055016,6131284776.88,6.13,1.08,18952713.00
2020-02-06,69.94,87055016,6088627819.04,6.09,-0.70,25919764.00
2020-02-07,69.49,87055016,6049453061.84,6.05,-0.64,14655441.00
2020-02-10,69.56,87055016,6055546912.96,6.06,0.10,15755340.00
2020-02-11,69.89,87055016,6084275068.24,6.08,0.47,12971584.00
2020-02-12,70.32,87055016,6121708725.12,6.12,0.62,21060840.00
2020-02-13,70.74,87055016,6158271831.84,6.16,0.60,15053472.00
2020-02-14,70.78,87055016,6161754032.48,6.16,0.06,15727316.00
2020-02-18,70.77,87055016,6160883482.32,6.16,-0.01,17374035.00
2020-02-19,70.46,87055016,6133896427.36,6.13,-0.44,23258846.00
2020-02-20,71.19,87055016,6197446589.04,6.20,1.04,50922207.00
2020-02-21,69.64,87055016,6062511314.24,6.06,-2.18,69479828.00
2020-02-24,67.63,87055016,5887530732.08,5.89,-2.89,32712631.00
2020-02-25,65.64,87055016,5714291250.24,5.71,-2.94,28284276.00
2020-02-26,64.36,87055016,5602860829.76,5.60,-1.95,35410872.00
2020-02-27,63.39,87055016,5518417464.24,5.52,-1.51,64131663.00
2020-02-28,61.98,87055016,5395669891.68,5.40,-2.22,63703044.00
2020-03-02,62.82,87055016,5468796105.12,5.47,1.36,42705036.00
2020-03-03,62.23,87055016,5417433645.68,5.42,-0.94,39590726.00
2020-03-04,65.31,87055016,5685563094.96,5.69,4.95,39708480.00
2020-03-05,63.30,87055016,5510582512.80,5.51,-3.08,62667000.00
2020-03-06,61.55,87055016,5358236234.80,5.36,-2.76,78820930.00
2020-03-09,53.06,87055016,4619139148.96,4.62,-13.79,66701726.00
2020-03-10,55.48,87055016,4829812287.68,4.83,4.56,42198088.00
2020-03-11,50.51,87055016,4397148858.16,4.40,-8.96,45514561.00
2020-03-12,41.91,87055016,3648475720.56,3.65,-17.03,68807838.00
2020-03-13,49.42,87055016,4302258890.72,4.30,17.92,76971650.00
2020-03-16,37.12,87055016,3231482193.92,3.23,-24.89,68928128.00
2020-03-17,36.65,87055016,3190566336.40,3.19,-1.27,95022455.00
2020-03-18,30.53,87055016,2657789638.48,2.66,-16.70,53290115.00
2020-03-19,33.96,87055016,2956388343.36,2.96,11.23,43906884.00
2020-03-20,30.09,87055016,2619485431.44,2.62,-11.40,42396810.00
2020-03-23,24.36,87055016,2120660189.76,2.12,-19.04,76585404.00
2020-03-24,30.76,87055016,2677812292.16,2.68,26.27,104580924.00
2020-03-25,38.42,87055016,3344653714.72,3.34,24.90,82572264.00
2020-03-26,38.90,87055016,3386440122.40,3.39,1.25,57089640.00
2020-03-27,35.64,87055016,3102640770.24,3.10,-8.38,43188552.00
2020-03-30,38.63,87055016,3362935268.08,3.36,8.39,31213040.00
2020-03-31,38.63,87055016,3362935268.08,3.36,0.00,27933353.00
2020-04-01,33.79,87055016,2941588990.64,2.94,-12.53,42294943.00
2020-04-02,29.89,87055016,2602074428.24,2.60,-11.54,87389393.00
2020-04-03,28.68,87055016,2496737858.88,2.50,-4.05,60047316.00
2020-04-06,32.73,87055016,2849310673.68,2.85,14.12,60017001.00
2020-04-07,31.88,87055016,2775313910.08,2.78,-2.60,35877752.00
2020-04-08,36.28,87055016,3158355980.48,3.16,13.80,36798804.00
2020-04-09,38.16,87055016,3322019410.56,3.32,5.18,53202672.00
2020-04-13,35.64,87055016,3102640770.24,3.10,-6.60,48256560.00
2020-04-14,36.89,87055016,3211459540.24,3.21,3.51,38542672.00
2020-04-15,35.52,87055016,3092194168.32,3.09,-3.71,39935136.00
2020-04-16,36.62,87055016,3187954685.92,3.19,3.10,62784990.00
2020-04-17,39.60,87055016,3447378633.60,3.45,8.14,50676120.00
2020-04-20,37.59,87055016,3272398051.44,3.27,-5.08,34206900.00
2020-04-21,36.71,87055016,3195789637.36,3.20,-2.34,34694621.00
2020-04-22,37.32,87055016,3248893197.12,3.25,1.66,22772664.00
2020-04-23,37.91,87055016,3300255656.56,3.30,1.58,38091968.00
2020-04-24,37.31,87055016,3248022646.96,3.25,-1.58,26120731.00
2020-04-27,41.26,87055016,3591889960.16,3.59,10.59,27685460.00
2020-04-28,42.85,87055016,3730307435.60,3.73,3.85,55692145.00
2020-04-29,44.00,87055016,3830420704.00,3.83,2.68,81404400.00
2020-04-30,43.43,87055016,3780799344.88,3.78,-1.30,52254976.00
2020-05-01,40.46,87055016,3522245947.36,3.52,-6.84,32319448.00
2020-05-04,42.04,87055016,3659792872.64,3.66,3.91,30264596.00
2020-05-05,40.94,87055016,3564032355.04,3.56,-2.62,28093028.00
2020-05-06,40.37,87055016,3514410995.92,3.51,-1.39,29542766.00
2020-05-07,47.80,87055016,4161229764.80,4.16,18.40,189522220.00
2020-05-08,51.42,87055016,4476368922.72,4.48,7.57,70604802.00
2020-05-11,50.06,87055016,4357974100.96,4.36,-2.64,52112460.00
2020-05-12,47.21,87055016,4109867305.36,4.11,-5.69,45439625.00
2020-05-13,44.50,87055016,3873948212.00,3.87,-5.74,58704400.00
2020-05-14,45.00,87055016,3917475720.00,3.92,1.12,60133500.00
2020-05-15,44.60,87055016,3882653713.60,3.88,-0.89,73474040.00
2020-05-18,49.20,87055016,4283106787.20,4.28,10.31,55915800.00
2020-05-19,49.97,87055016,4350139149.52,4.35,1.57,43458909.00
2020-05-20,51.67,87055016,4498132676.72,4.50,3.40,52434716.00
2020-05-21,51.51,87055016,4484203874.16,4.48,-0.31,48728460.00
2020-05-22,51.71,87055016,4501614877.36,4.50,0.39,23073002.00
2020-05-26,52.20,87055016,4544271835.20,4.54,0.95,48185820.00
2020-05-27,52.76,87055016,4593022644.16,4.59,1.07,41020900.00
2020-05-28,51.59,87055016,4491168275.44,4.49,-2.22,43727684.00
2020-05-29,49.95,87055016,4348398049.20,4.35,-3.18,64130805.00
2020-06-01,50.64,87055016,4408466010.24,4.41,1.38,40962696.00
2020-06-02,49.60,87055016,4317928793.60,4.32,-2.05,39020320.00
2020-06-03,52.81,87055016,4597375394.96,4.60,6.47,46916404.00
2020-06-04,54.06,87055016,4706194164.96,4.71,2.37,43761570.00
2020-06-05,56.99,87055016,4961265361.84,4.96,5.42,94785768.00
2020-06-08,57.69,87055016,5022203873.04,5.02,1.23,71495217.00
2020-06-09,54.84,87055016,4774097077.44,4.77,-4.94,36704412.00
2020-06-10,53.63,87055016,4668760508.08,4.67,-2.21,48256274.00
2020-06-11,50.14,87055016,4364938502.24,4.36,-6.51,52712182.00
2020-06-12,53.44,87055016,4652220055.04,4.65,6.58,52189504.00
2020-06-15,55.02,87055016,4789766980.32,4.79,2.96,59377584.00
2020-06-16,54.89,87055016,4778449828.24,4.78,-0.24,43708907.00
2020-06-17,55.36,87055016,4819365685.76,4.82,0.86,33204928.00
2020-06-18,55.18,87055016,4803695782.88,4.80,-0.33,32429286.00
2020-06-19,56.41,87055016,4910773452.56,4.91,2.23,88123702.00
2020-06-22,54.25,87055016,4722734618.00,4.72,-3.83,49796075.00
2020-06-23,54.81,87055016,4771485426.96,4.77,1.03,37775052.00
2020-06-24,51.73,87055016,4503355977.68,4.50,-5.62,53462955.00
2020-06-25,50.99,87055016,4438935265.84,4.44,-1.43,35325872.00
2020-06-26,48.67,87055016,4236967628.72,4.24,-4.55,115810265.00
2020-06-29,50.46,87055016,4392796107.36,4.39,3.68,27864012.00
2020-06-30,50.64,87055016,4408466010.24,4.41,0.36,37195080.00
2020-07-01,51.09,87055016,4447640767.44,4.45,0.89,31190445.00
2020-07-02,50.42,87055016,4389313906.72,4.39,-1.31,23218410.00
2020-07-06,49.70,87055016,4326634295.20,4.33,-1.43,27419490.00
2020-07-07,49.00,87055016,4265695784.00,4.27,-1.41,45089800.00
2020-07-08,48.31,87055016,4205627822.96,4.21,-1.41,41604572.00
2020-07-09,47.02,87055016,4093326852.32,4.09,-2.67,31423466.00
2020-07-10,47.35,87055016,4122055007.60,4.12,0.70,22339730.00
2020-07-13,48.03,87055016,4181252418.48,4.18,1.44,51867597.00
2020-07-14,48.12,87055016,4189087369.92,4.19,0.19,23145720.00
2020-07-15,50.12,87055016,4363197401.92,4.36,4.16,33334812.00
2020-07-16,49.23,87055016,4285718437.68,4.29,-1.78,21075363.00
2020-07-17,49.79,87055016,4334469246.64,4.33,1.14,57522387.00
2020-07-20,49.62,87055016,4319669893.92,4.32,-0.34,26462346.00
2020-07-21,50.15,87055016,4365809052.40,4.37,1.07,35165180.00
2020-07-22,51.18,87055016,4455475718.88,4.46,2.05,29116302.00
2020-07-23,50.94,87055016,4434582515.04,4.43,-0.47,42799788.00
2020-07-24,49.16,87055016,4279624586.56,4.28,-3.49,14128584.00
2020-07-27,49.46,87055016,4305741091.36,4.31,0.61,18967910.00
2020-07-28,50.19,87055016,4369291253.04,4.37,1.48,28477806.00
2020-07-29,50.89,87055016,4430229764.24,4.43,1.39,26656182.00
2020-07-30,50.34,87055016,4382349505.44,4.38,-1.08,28296114.00
2020-07-31,49.86,87055016,4340563097.76,4.34,-0.95,31252248.00
2020-08-03,50.35,87055016,4383220055.60,4.38,0.98,25003810.00
2020-08-04,50.48,87055016,4394537207.68,4.39,0.26,28405096.00
2020-08-05,49.66,87055016,4323152094.56,4.32,-1.62,37349286.00
2020-08-06,49.91,87055016,4344915848.56,4.34,0.50,58120195.00
2020-08-07,49.40,87055016,4300517790.40,4.30,-1.02,29970980.00
2020-08-10,49.40,87055016,4300517790.40,4.30,0.00,22481940.00
2020-08-11,52.35,87055016,4557330087.60,4.56,5.97,42806595.00
2020-08-12,51.58,87055016,4490297725.28,4.49,-1.47,27414770.00
2020-08-13,51.48,87055016,4481592223.68,4.48,-0.19,36730980.00
2020-08-14,51.62,87055016,4493779925.92,4.49,0.27,20931910.00
2020-08-17,51.60,87055016,4492038825.60,4.49,-0.04,25629720.00
2020-08-18,51.17,87055016,4454605168.72,4.45,-0.83,21767718.00
2020-08-19,51.49,87055016,4482462773.84,4.48,0.63,20508467.00
2020-08-20,51.10,87055016,4448511317.60,4.45,-0.76,18401110.00
2020-08-21,49.93,87055016,4346656948.88,4.35,-2.29,18883526.00
2020-08-24,52.34,87055016,4556459537.44,4.56,4.83,31037620.00
2020-08-25,52.14,87055016,4539048534.24,4.54,-0.38,27232722.00
2020-08-26,51.28,87055016,4464181220.48,4.46,-1.65,15209648.00
2020-08-27,52.86,87055016,4601728145.76,4.60,3.08,21524592.00
2020-08-28,53.67,87055016,4672242708.72,4.67,1.53,15333519.00
2020-08-31,52.52,87055016,4572129440.32,4.57,-2.14,20913464.00
2020-09-01,51.31,87055016,4466792870.96,4.47,-2.30,12955775.00
2020-09-02,52.15,87055016,4539919084.40,4.54,1.64,23211965.00
2020-09-03,50.42,87055016,4389313906.72,4.39,-3.32,26021762.00
2020-09-04,50.99,87055016,4438935265.84,4.44,1.13,21038474.00
2020-09-08,48.89,87055016,4256119732.24,4.26,-4.12,17659068.00
2020-09-09,49.76,87055016,4331857596.16,4.33,1.78,33319296.00
2020-09-10,48.78,87055016,4246543680.48,4.25,-1.97,28887516.00
2020-09-11,47.74,87055016,4156006463.84,4.16,-2.13,23850904.00
2020-09-14,50.54,87055016,4399760508.64,4.40,5.87,32133332.00
2020-09-15,50.61,87055016,4405854359.76,4.41,0.14,22430352.00
2020-09-16,52.08,87055016,4533825233.28,4.53,2.90,27597192.00
2020-09-17,53.68,87055016,4673113258.88,4.67,3.07,56992056.00
2020-09-18,52.29,87055016,4552106786.64,4.55,-2.59,67511619.00
2020-09-21,50.68,87055016,4411948210.88,4.41,-3.08,44253776.00
2020-09-22,50.19,87055016,4369291253.04,4.37,-0.97,26068686.00
2020-09-23,49.13,87055016,4277012936.08,4.28,-2.11,29045656.00
2020-09-24,48.56,87055016,4227391576.96,4.23,-1.16,28470728.00
2020-09-25,50.89,87055016,4430229764.24,4.43,4.80,35821471.00
2020-09-28,51.54,87055016,4486815524.64,4.49,1.28,17575140.00
2020-09-29,50.63,87055016,4407595460.08,4.41,-1.77,17639492.00
2020-09-30,50.55,87055016,4400631058.80,4.40,-0.16,25340715.00
2020-10-01,52.56,87055016,4575611640.96,4.58,3.98,32744880.00
2020-10-02,53.18,87055016,4629585750.88,4.63,1.18,35258340.00
2020-10-05,55.05,87055016,4792378630.80,4.79,3.52,52374570.00
2020-10-06,54.46,87055016,4741016171.36,4.74,-1.07,47369308.00
2020-10-07,53.34,87055016,4643514553.44,4.64,-2.06,24973788.00
2020-10-08,54.26,87055016,4723605168.16,4.72,1.72,21682296.00
2020-10-09,53.68,87055016,4673113258.88,4.67,-1.07,26131424.00
2020-10-12,52.79,87055016,4595634294.64,4.60,-1.66,26875389.00
2020-10-13,51.38,87055016,4472886722.08,4.47,-2.67,24477432.00
2020-10-14,50.76,87055016,4418912612.16,4.42,-1.21,11106288.00
2020-10-15,50.54,87055016,4399760508.64,4.40,-0.43,13327398.00
2020-10-16,50.12,87055016,4363197401.92,4.36,-0.83,19065648.00
2020-10-19,49.92,87055016,4345786398.72,4.35,-0.40,17307264.00
2020-10-20,50.65,87055016,4409336560.40,4.41,1.46,15037985.00
2020-10-21,50.37,87055016,4384961155.92,4.38,-0.55,25149741.00
2020-10-22,52.53,87055016,4572999990.48,4.57,4.29,24704859.00
2020-10-23,53.06,87055016,4619139148.96,4.62,1.01,18666508.00
2020-10-26,51.70,87055016,4500744327.20,4.50,-2.56,19527090.00
2020-10-27,49.47,87055016,4306611641.52,4.31,-4.31,19397187.00
2020-10-28,46.40,87055016,4039352742.40,4.04,-6.21,59113600.00
2020-10-29,47.07,87055016,4097679603.12,4.10,1.44,30873213.00
2020-10-30,47.34,87055016,4121184457.44,4.12,0.57,33644538.00
2020-11-02,49.94,87055016,4347527499.04,4.35,5.49,43667536.00
2020-11-03,52.76,87055016,4593022644.16,4.59,5.65,44671892.00
2020-11-04,54.23,87055016,4720993517.68,4.72,2.79,84826566.00
2020-11-05,56.34,87055016,4904679601.44,4.90,3.89,55421658.00
2020-11-06,56.38,87055016,4908161802.08,4.91,0.07,23510460.00
2020-11-09,60.22,87055016,5242453063.52,5.24,6.81,112334388.00
2020-11-10,58.67,87055016,5107517788.72,5.11,-2.57,45428181.00
2020-11-11,56.63,87055016,4929925556.08,4.93,-3.48,41237966.00
2020-11-12,56.69,87055016,4935148857.04,4.94,0.11,19529705.00
2020-11-13,58.57,87055016,5098812287.12,5.10,3.32,19087963.00
2020-11-16,58.77,87055016,5116223290.32,5.12,0.34,51993819.00
2020-11-17,59.48,87055016,5178032351.68,5.18,1.21,25600192.00
2020-11-18,58.66,87055016,5106647238.56,5.11,-1.38,26303144.00
2020-11-19,58.74,87055016,5113611639.84,5.11,0.14,21992256.00
2020-11-20,58.24,87055016,5070084131.84,5.07,-0.85,25363520.00
2020-11-23,60.81,87055016,5293815522.96,5.29,4.41,51214182.00
2020-11-24,61.90,87055016,5388705490.40,5.39,1.79,42946220.00
2020-11-25,60.94,87055016,5305132675.04,5.31,-1.55,28635706.00
2020-11-27,60.89,87055016,5300779924.24,5.30,-0.08,9614531.00
2020-11-30,60.82,87055016,5294686073.12,5.29,-0.11,43376824.00
2020-12-01,61.12,87055016,5320802577.92,5.32,0.49,34043840.00
2020-12-02,61.48,87055016,5352142383.68,5.35,0.59,24641184.00
2020-12-03,61.87,87055016,5386093839.92,5.39,0.63,24092178.00
2020-12-04,61.84,87055016,5383482189.44,5.38,-0.05,45044256.00
2020-12-07,61.77,87055016,5377388338.32,5.38,-0.11,21174756.00
2020-12-08,60.92,87055016,5303391574.72,5.30,-1.38,33536460.00
2020-12-09,60.37,87055016,5255511315.92,5.26,-0.90,18889773.00
2020-12-10,60.60,87055016,5275533969.60,5.28,0.38,36693300.00
2020-12-11,60.12,87055016,5233747561.92,5.23,-0.79,23428764.00
2020-12-14,59.96,87055016,5219818759.36,5.22,-0.27,40574932.00
2020-12-15,62.02,87055016,5399152092.32,5.40,3.44,37912826.00
2020-12-16,63.22,87055016,5503618111.52,5.50,1.93,29827196.00
2020-12-17,64.62,87055016,5625495133.92,5.63,2.21,48839796.00
2020-12-18,64.02,87055016,5573262124.32,5.57,-0.93,74532084.00
2020-12-21,62.78,87055016,5465313904.48,5.47,-1.94,41811480.00
2020-12-22,63.16,87055016,5498394810.56,5.50,0.61,22251268.00
2020-12-23,62.50,87055016,5440938500.00,5.44,-1.04,22675000.00
2020-12-24,62.55,87055016,5445291250.80,5.45,0.08,3746745.00
2020-12-28,64.21,87055016,5589802577.36,5.59,2.65,20380254.00
2020-12-29,62.60,87055016,5449644001.60,5.45,-2.51,15549840.00
2020-12-30,63.27,87055016,5507970862.32,5.51,1.07,16304679.00
2020-12-31,63.96,87055016,5568038823.36,5.57,1.09,21899904.00
2021-01-04,61.70,87055016,5371294487.20,5.37,-3.53,49427870.00
2021-01-05,63.43,87055016,5521899664.88,5.52,2.80,34708896.00
2021-01-06,64.69,87055016,5631588985.04,5.63,1.99,40211304.00
2021-01-07,64.18,87055016,5587190926.88,5.59,-0.79,35716170.00
2021-01-08,63.74,87055016,5548886719.84,5.55,-0.69,24565396.00
2021-01-11,63.17,87055016,5499265360.72,5.50,-0.89,28281209.00
2021-01-12,64.07,87055016,5577614875.12,5.58,1.42,30849705.00
2021-01-13,63.19,87055016,5501006461.04,5.50,-1.37,20562026.00
2021-01-14,64.06,87055016,5576744324.96,5.58,1.38,14817078.00
2021-01-15,63.90,87055016,5562815522.40,5.56,-0.25,21291480.00
2021-01-19,63.96,87055016,5568038823.36,5.57,0.09,18542004.00
2021-01-20,64.78,87055016,5639423936.48,5.64,1.28,39386240.00
2021-01-21,64.36,87055016,5602860829.76,5.60,-0.65,23690916.00
2021-01-22,64.30,87055016,5597637528.80,5.60,-0.09,24601180.00
2021-01-25,64.45,87055016,5610695781.20,5.61,0.23,22712180.00
2021-01-26,62.93,87055016,5478372156.88,5.48,-2.36,26134829.00
2021-01-27,60.93,87055016,5304262124.88,5.30,-3.18,40268637.00
2021-01-28,64.38,87055016,5604601930.08,5.60,5.66,32247942.00
2021-01-29,62.08,87055016,5404375393.28,5.40,-3.57,35323520.00
2021-02-01,64.22,87055016,5590673127.52,5.59,3.45,60700744.00
2021-02-02,65.44,87055016,5696880247.04,5.70,1.90,38151520.00
2021-02-03,65.71,87055016,5720385101.36,5.72,0.41,29727204.00
2021-02-04,66.58,87055016,5796122965.28,5.80,1.32,33875904.00
2021-02-05,67.24,87055016,5853579275.84,5.85,0.99,17892564.00
2021-02-08,67.84,87055016,5905812285.44,5.91,0.89,26606848.00
2021-02-09,66.75,87055016,5810922318.00,5.81,-1.61,22868550.00
2021-02-10,66.95,87055016,5828333321.20,5.83,0.30,22367995.00
2021-02-11,66.85,87055016,5819627819.60,5.82,-0.15,37850470.00
2021-02-12,66.26,87055016,5768265360.16,5.77,-0.88,12324360.00
2021-02-16,66.05,87055016,5749983806.80,5.75,-0.32,19260180.00
2021-02-17,65.32,87055016,5686433645.12,5.69,-1.11,24514596.00
2021-02-18,64.80,87055016,5641165036.80,5.64,-0.80,16212960.00
2021-02-19,65.58,87055016,5709067949.28,5.71,1.20,22146366.00
2021-02-22,67.29,87055016,5857932026.64,5.86,2.61,37319034.00
2021-02-23,67.71,87055016,5894495133.36,5.89,0.62,39650976.00
2021-02-24,69.34,87055016,6036394809.44,6.04,2.41,25974764.00
2021-02-25,66.75,87055016,5810922318.00,5.81,-3.74,37339950.00
2021-02-26,66.55,87055016,5793511314.80,5.79,-0.30,49034040.00
2021-03-01,66.48,87055016,5787417463.68,5.79,-0.11,39389400.00
2021-03-02,66.07,87055016,5751724907.12,5.75,-0.62,35889224.00
2021-03-03,70.09,87055016,6101686071.44,6.10,6.08,75150498.00
2021-03-04,70.63,87055016,6148695780.08,6.15,0.77,92186276.00
2021-03-05,71.56,87055016,6229656944.96,6.23,1.32,47680428.00
2021-03-08,73.25,87055016,6376779922.00,6.38,2.36,40141000.00
2021-03-09,73.43,87055016,6392449824.88,6.39,0.25,57745352.00
2021-03-10,72.52,87055016,6313229760.32,6.31,-1.24,63114156.00
2021-03-11,72.47,87055016,6308877009.52,6.31,-0.07,55562749.00
2021-03-12,73.52,87055016,6400284776.32,6.40,1.45,55059128.00
2021-03-15,76.32,87055016,6644038821.12,6.64,3.81,79273584.00
2021-03-16,76.57,87055016,6665802575.12,6.67,0.33,60053851.00
2021-03-17,76.35,87055016,6646650471.60,6.65,-0.29,32586180.00
2021-03-18,74.66,87055016,6499527494.56,6.50,-2.21,31416928.00
2021-03-19,72.29,87055016,6293207106.64,6.29,-3.17,66962227.00
2021-03-22,71.67,87055016,6239232996.72,6.24,-0.86,46241484.00
2021-03-23,71.60,87055016,6233139145.60,6.23,-0.10,37869240.00
2021-03-24,71.14,87055016,6193093838.24,6.19,-0.64,29338136.00
2021-03-25,72.59,87055016,6319323611.44,6.32,2.04,30603944.00
2021-03-26,73.38,87055016,6388097074.08,6.39,1.09,33175098.00
2021-03-29,71.03,87055016,6183517786.48,6.18,-3.20,33135495.00
2021-03-30,72.55,87055016,6315841410.80,6.32,2.14,29150590.00
2021-03-31,72.74,87055016,6332381863.84,6.33,0.26,27801228.00
2021-04-01,73.77,87055016,6422048530.32,6.42,1.42,31809624.00
2021-04-05,74.89,87055016,6519550148.24,6.52,1.52,42193026.00
2021-04-06,75.32,87055016,6556983805.12,6.56,0.57,49937160.00
2021-04-07,75.89,87055016,6606605164.24,6.61,0.76,22941547.00
2021-04-08,74.73,87055016,6505621345.68,6.51,-1.53,23599734.00
2021-04-09,73.86,87055016,6429883481.76,6.43,-1.16,21995508.00
2021-04-12,74.58,87055016,6492563093.28,6.49,0.97,21933978.00
2021-04-13,74.17,87055016,6456870536.72,6.46,-0.55,18268071.00
2021-04-14,73.87,87055016,6430754031.92,6.43,-0.40,20277315.00
2021-04-15,75.13,87055016,6540443352.08,6.54,1.71,15867456.00
2021-04-16,74.96,87055016,6525643999.36,6.53,-0.23,19984336.00
2021-04-19,74.23,87055016,6462093837.68,6.46,-0.97,23397296.00
2021-04-20,74.44,87055016,6480375391.04,6.48,0.28,23493264.00
2021-04-21,75.20,87055016,6546537203.20,6.55,1.02,36171200.00
2021-04-22,76.06,87055016,6621404516.96,6.62,1.14,25951672.00
2021-04-23,76.46,87055016,6656226523.36,6.66,0.53,35255706.00
2021-04-26,77.36,87055016,6734576037.76,6.73,1.18,36204480.00
2021-04-27,76.45,87055016,6655355973.20,6.66,-1.18,17705820.00
2021-04-28,76.44,87055016,6654485423.04,6.65,-0.01,24323208.00
2021-04-29,77.30,87055016,6729352736.80,6.73,1.13,27650210.00
2021-04-30,76.71,87055016,6677990277.36,6.68,-0.76,32992971.00
2021-05-03,78.54,87055016,6837300956.64,6.84,2.39,72602376.00
2021-05-04,79.47,87055016,6918262121.52,6.92,1.18,77260734.00
2021-05-05,77.96,87055016,6786809047.36,6.79,-1.90,39408780.00
2021-05-06,79.93,87055016,6958307428.88,6.96,2.53,49772411.00
2021-05-07,82.08,87055016,7145475713.28,7.15,2.69,52498368.00
2021-05-10,80.46,87055016,7004446587.36,7.00,-1.97,45443808.00
2021-05-11,79.52,87055016,6922614872.32,6.92,-1.17,26321120.00
2021-05-12,77.71,87055016,6765045293.36,6.77,-2.28,43066882.00
2021-05-13,78.73,87055016,6853841409.68,6.85,1.31,40585315.00
2021-05-14,79.22,87055016,6896498367.52,6.90,0.62,21785500.00
2021-05-17,79.52,87055016,6922614872.32,6.92,0.38,19108656.00
2021-05-18,79.28,87055016,6901721668.48,6.90,-0.30,37467728.00
2021-05-19,78.34,87055016,6819889953.44,6.82,-1.19,39679210.00
2021-05-20,79.32,87055016,6905203869.12,6.91,1.25,23304216.00
2021-05-21,79.90,87055016,6955695778.40,6.96,0.73,18400970.00
2021-05-24,80.53,87055016,7010540438.48,7.01,0.79,27412412.00
2021-05-25,80.01,87055016,6965271830.16,6.97,-0.65,21714714.00
2021-05-26,80.69,87055016,7024469241.04,7.02,0.85,18663597.00
2021-05-27,80.87,87055016,7040139143.92,7.04,0.22,18964015.00
2021-05-28,81.18,87055016,7067126198.88,7.07,0.38,22308264.00
2021-06-01,81.36,87055016,7082796101.76,7.08,0.22,33137928.00
2021-06-02,82.29,87055016,7163757266.64,7.16,1.14,37252683.00
2021-06-03,81.02,87055016,7053197396.32,7.05,-1.54,40347960.00
2021-06-04,79.85,87055016,6951343027.60,6.95,-1.44,40939095.00
2021-06-07,81.29,87055016,7076702250.64,7.08,1.80,43929116.00
2021-06-08,83.02,87055016,7227307428.32,7.23,2.13,34818588.00
2021-06-09,82.35,87055016,7168980567.60,7.17,-0.81,26697870.00
2021-06-10,82.00,87055016,7138511312.00,7.14,-0.43,21262600.00
2021-06-11,83.12,87055016,7236012929.92,7.24,1.37,17546632.00
2021-06-14,82.31,87055016,7165498366.96,7.17,-0.97,21211287.00
2021-06-15,82.04,87055016,7141993512.64,7.14,-0.33,33234404.00
2021-06-16,81.33,87055016,7080184451.28,7.08,-0.87,19811988.00
2021-06-17,81.00,87055016,7051456296.00,7.05,-0.41,35931600.00
2021-06-18,79.26,87055016,6899980568.16,6.90,-2.15,58810920.00
2021-06-21,82.21,87055016,7156792865.36,7.16,3.72,27186847.00
2021-06-22,81.13,87055016,7062773448.08,7.06,-1.31,19495539.00
2021-06-23,80.95,87055016,7047103545.20,7.05,-0.22,22002210.00
2021-06-24,80.54,87055016,7011410988.64,7.01,-0.51,32054920.00
2021-06-25,82.46,87055016,7178556619.36,7.18,2.38,184413544.00
2021-06-28,80.35,87055016,6994870535.60,6.99,-2.56,50588360.00
2021-06-29,80.93,87055016,7045362444.88,7.05,0.72,36224268.00
2021-06-30,81.46,87055016,7091501603.36,7.09,0.65,31981196.00
2021-07-01,81.90,87055016,7129805810.40,7.13,0.54,37739520.00
2021-07-02,82.00,87055016,7138511312.00,7.14,0.12,22123600.00
2021-07-06,81.96,87055016,7135029111.36,7.14,-0.05,24719136.00
2021-07-07,82.27,87055016,7162016166.32,7.16,0.38,24088656.00
2021-07-08,81.74,87055016,7115877007.84,7.12,-0.64,28886916.00
2021-07-09,84.52,87055016,7357889952.32,7.36,3.40,25930736.00
2021-07-12,84.68,87055016,7371818754.88,7.37,0.19,32119124.00
2021-07-13,83.06,87055016,7230789628.96,7.23,-1.91,26006086.00
2021-07-14,81.98,87055016,7136770211.68,7.14,-1.30,24446436.00
2021-07-15,81.75,87055016,7116747558.00,7.12,-0.28,34375875.00
2021-07-16,80.94,87055016,7046232995.04,7.05,-0.99,22355628.00
2021-07-19,78.02,87055016,6792032348.32,6.79,-3.61,38003542.00
2021-07-20,80.41,87055016,7000093836.56,7.00,3.06,41588052.00
2021-07-21,81.51,87055016,7095854354.16,7.10,1.37,43241055.00
2021-07-22,79.85,87055016,6951343027.60,6.95,-2.04,16568875.00
2021-07-23,81.14,87055016,7063643998.24,7.06,1.62,33064550.00
2021-07-26,81.52,87055016,7096724904.32,7.10,0.47,40588808.00
2021-07-27,81.50,87055016,7094983804.00,7.09,-0.02,37498150.00
2021-07-28,81.57,87055016,7101077655.12,7.10,0.09,23581887.00
2021-07-29,82.76,87055016,7204673124.16,7.20,1.46,17553396.00
2021-07-30,83.16,87055016,7239495130.56,7.24,0.48,21920976.00
2021-08-02,83.60,87055016,7277799337.60,7.28,0.53,27571280.00
2021-08-03,83.56,87055016,7274317136.96,7.27,-0.05,22694896.00
2021-08-04,82.92,87055016,7218601926.72,7.22,-0.77,30846240.00
2021-08-05,84.76,87055016,7378783156.16,7.38,2.22,60484736.00
2021-08-06,86.41,87055016,7522423932.56,7.52,1.95,23771391.00
2021-08-09,84.65,87055016,7369207104.40,7.37,-2.04,24523105.00
2021-08-10,84.22,87055016,7331773447.52,7.33,-0.51,25013340.00
2021-08-11,85.31,87055016,7426663414.96,7.43,1.29,18324588.00
2021-08-12,85.29,87055016,7424922314.64,7.42,-0.02,16725369.00
2021-08-13,85.28,87055016,7424051764.48,7.42,-0.01,11001120.00
2021-08-16,84.62,87055016,7366595453.92,7.37,-0.77,14596950.00
2021-08-17,84.61,87055016,7365724903.76,7.37,-0.01,30468061.00
2021-08-18,84.70,87055016,7373559855.20,7.37,0.11,25435410.00
2021-08-19,83.84,87055016,7298692541.44,7.30,-1.02,27306688.00
2021-08-20,85.29,87055016,7424922314.64,7.42,1.73,28614795.00
2021-08-23,86.26,87055016,7509365680.16,7.51,1.14,32942694.00
2021-08-24,86.47,87055016,7527647233.52,7.53,0.24,27532048.00
2021-08-25,88.22,87055016,7679993511.52,7.68,2.02,43166046.00
2021-08-26,87.35,87055016,7604255647.60,7.60,-0.99,19225735.00
2021-08-27,88.47,87055016,7701757265.52,7.70,1.28,28018449.00
2021-08-30,89.30,87055016,7774012928.80,7.77,0.94,26673910.00
2021-08-31,88.80,87055016,7730485420.80,7.73,-0.56,29002080.00
2021-09-01,89.78,87055016,7815799336.48,7.82,1.10,25704014.00
2021-09-02,90.69,87055016,7895019401.04,7.90,1.01,30771117.00
2021-09-03,90.44,87055016,7873255647.04,7.87,-0.28,27846476.00
2021-09-07,89.44,87055016,7786200631.04,7.79,-1.11,30677920.00
2021-09-08,88.96,87055016,7744414223.36,7.74,-0.54,31055936.00
2021-09-09,87.22,87055016,7592938495.52,7.59,-1.96,36693454.00
2021-09-10,85.47,87055016,7440592217.52,7.44,-2.01,35991417.00
2021-09-13,86.78,87055016,7554634288.48,7.55,1.53,25140166.00
2021-09-14,85.65,87055016,7456262120.40,7.46,-1.30,35750310.00
2021-09-15,86.53,87055016,7532870534.48,7.53,1.03,53665906.00
2021-09-16,86.25,87055016,7508495130.00,7.51,-0.32,43383750.00
2021-09-17,86.45,87055016,7525906133.20,7.53,0.23,93504320.00
2021-09-20,86.79,87055016,7555504838.64,7.56,0.39,53714331.00
2021-09-21,89.77,87055016,7814928786.32,7.81,3.43,59526487.00
2021-09-22,92.10,87055016,8017766973.60,8.02,2.60,55269210.00
2021-09-23,93.05,87055016,8100469238.80,8.10,1.03,42570375.00
2021-09-24,92.43,87055016,8046495128.88,8.05,-0.67,46325916.00
2021-09-27,91.67,87055016,7980333316.72,7.98,-0.82,37868877.00
2021-09-28,91.32,87055016,7949864061.12,7.95,-0.38,26117520.00
2021-09-29,91.46,87055016,7962051763.36,7.96,0.15,37690666.00
2021-09-30,89.31,87055016,7774883478.96,7.77,-2.35,52219557.00
2021-10-01,91.64,87055016,7977721666.24,7.98,2.61,60060856.00
2021-10-04,92.94,87055016,8090893187.04,8.09,1.42,56098584.00
2021-10-05,90.91,87055016,7914171504.56,7.91,-2.18,34909440.00
2021-10-06,91.91,87055016,8001226520.56,8.00,1.10,40596647.00
2021-10-07,92.61,87055016,8062165031.76,8.06,0.76,37766358.00
2021-10-08,91.99,87055016,8008190921.84,8.01,-0.67,19483482.00
2021-10-11,92.37,87055016,8041271827.92,8.04,0.41,14178795.00
2021-10-12,93.28,87055016,8120491892.48,8.12,0.99,28207872.00
2021-10-13,93.30,87055016,8122232992.80,8.12,0.02,16812660.00
2021-10-14,93.61,87055016,8149220047.76,8.15,0.33,19302382.00
2021-10-15,93.78,87055016,8164019400.48,8.16,0.18,37765206.00
2021-10-18,93.98,87055016,8181430403.68,8.18,0.21,14322552.00
2021-10-19,93.00,87055016,8096116488.00,8.10,-1.04,12517800.00
2021-10-20,93.56,87055016,8144867296.96,8.14,0.60,28881972.00
2021-10-21,93.31,87055016,8123103542.96,8.12,-0.27,13166041.00
2021-10-22,91.22,87055016,7941158559.52,7.94,-2.24,37071808.00
2021-10-25,91.76,87055016,7988168268.16,7.99,0.59,40713912.00
2021-10-26,91.00,87055016,7922006456.00,7.92,-0.83,40940900.00
2021-10-27,88.47,87055016,7701757265.52,7.70,-2.78,71660700.00
2021-10-28,88.56,87055016,7709592216.96,7.71,0.10,89401320.00
2021-10-29,89.11,87055016,7757472475.76,7.76,0.62,50863988.00
2021-11-01,92.12,87055016,8019508073.92,8.02,3.38,41343456.00
2021-11-02,92.83,87055016,8081317135.28,8.08,0.77,55818679.00
2021-11-03,95.65,87055016,8326812280.40,8.33,3.04,73631370.00
2021-11-04,94.27,87055016,8206676358.32,8.21,-1.44,38886375.00
2021-11-05,95.65,87055016,8326812280.40,8.33,1.46,40584295.00
2021-11-08,95.01,87055016,8271097070.16,8.27,-0.67,30270186.00
2021-11-09,95.89,87055016,8347705484.24,8.35,0.93,25199892.00
2021-11-10,94.65,87055016,8239757264.40,8.24,-1.29,22119705.00
2021-11-11,94.30,87055016,8209288008.80,8.21,-0.37,17266330.00
2021-11-12,92.32,87055016,8036919077.12,8.04,-2.10,26181952.00
2021-11-15,92.84,87055016,8082187685.44,8.08,0.56,43597664.00
2021-11-16,91.42,87055016,7958569562.72,7.96,-1.53,28623602.00
2021-11-17,91.95,87055016,8004708721.20,8.00,0.58,24109290.00
2021-11-18,91.61,87055016,7975110015.76,7.98,-0.37,28399100.00
2021-11-19,89.88,87055016,7824504838.08,7.82,-1.89,30550212.00
2021-11-22,89.95,87055016,7830598689.20,7.83,0.08,31554460.00
2021-11-23,89.39,87055016,7781847880.24,7.78,-0.62,24877237.00
2021-11-24,90.47,87055016,7875867297.52,7.88,1.21,35029984.00
2021-11-26,87.64,87055016,7629501602.24,7.63,-3.13,30086812.00
2021-11-29,88.25,87055016,7682605162.00,7.68,0.70,27878175.00
2021-11-30,86.01,87055016,7487601926.16,7.49,-2.54,32546184.00
2021-12-01,83.85,87055016,7299563091.60,7.30,-2.51,25180155.00
2021-12-02,88.25,87055016,7682605162.00,7.68,5.25,36200150.00
2021-12-03,87.51,87055016,7618184450.16,7.62,-0.84,28186971.00
2021-12-06,88.96,87055016,7744414223.36,7.74,1.66,31029248.00
2021-12-07,90.84,87055016,7908077653.44,7.91,2.11,33374616.00
2021-12-08,91.06,87055016,7927229756.96,7.93,0.24,15862652.00
2021-12-09,90.09,87055016,7842786391.44,7.84,-1.07,14756742.00
2021-12-10,91.43,87055016,7959440112.88,7.96,1.49,41088642.00
2021-12-13,90.29,87055016,7860197394.64,7.86,-1.25,29696381.00
2021-12-14,89.51,87055016,7792294482.16,7.79,-0.86,35365401.00
2021-12-15,90.20,87055016,7852362443.20,7.85,0.77,32923000.00
2021-12-16,90.14,87055016,7847139142.24,7.85,-0.07,40860462.00
2021-12-17,91.89,87055016,7999485420.24,8.00,1.94,95675868.00
2021-12-20,90.19,87055016,7851491893.04,7.85,-1.85,23214906.00
2021-12-21,92.54,87055016,8056071180.64,8.06,2.61,29288910.00
2021-12-22,95.73,87055016,8333776681.68,8.33,3.45,33850128.00
2021-12-23,94.39,87055016,8217122960.24,8.22,-1.40,21653066.00
2021-12-27,95.64,87055016,8325941730.24,8.33,1.32,21719844.00
2021-12-28,95.79,87055016,8338999982.64,8.34,0.16,17788203.00
2021-12-29,96.25,87055016,8379045290.00,8.38,0.48,19250000.00
2021-12-30,97.59,87055016,8495699011.44,8.50,1.39,22514013.00
2021-12-31,96.76,87055016,8423443348.16,8.42,-0.85,18026388.00
2022-01-03,97.27,87055016,8467841406.32,8.47,0.53,38353561.00
2022-01-04,96.85,87055016,8431278299.60,8.43,-0.43,33897500.00
2022-01-05,92.69,87055016,8069129433.04,8.07,-4.30,41664155.00
2022-01-06,93.03,87055016,8098728138.48,8.10,0.37,21164325.00
2022-01-07,92.85,87055016,8083058235.60,8.08,-0.19,31884690.00
2022-01-10,91.19,87055016,7938546909.04,7.94,-1.79,22961642.00
2022-01-11,92.22,87055016,8028213575.52,8.03,1.13,25581828.00
2022-01-12,91.63,87055016,7976851116.08,7.98,-0.64,23869615.00
2022-01-13,91.76,87055016,7988168268.16,7.99,0.14,39732080.00
2022-01-14,89.88,87055016,7824504838.08,7.82,-2.05,47645388.00
2022-01-18,88.72,87055016,7723521019.52,7.72,-1.29,26207888.00
2022-01-19,87.33,87055016,7602514547.28,7.60,-1.57,31919115.00
2022-01-20,86.51,87055016,7531129434.16,7.53,-0.94,28020589.00
2022-01-21,85.62,87055016,7453650469.92,7.45,-1.03,52185390.00
2022-01-24,87.08,87055016,7580750793.28,7.58,1.71,62662768.00
2022-01-25,86.42,87055016,7523294482.72,7.52,-0.76,42622344.00
2022-01-26,85.56,87055016,7448427168.96,7.45,-1.00,35207940.00
2022-01-27,83.46,87055016,7265611635.36,7.27,-2.45,34402212.00
2022-01-28,85.54,87055016,7446686068.64,7.45,2.49,43197700.00
2022-01-31,88.35,87055016,7691310663.60,7.69,3.29,38706135.00
2022-02-01,88.14,87055016,7673029110.24,7.67,-0.24,34145436.00
2022-02-02,88.25,87055016,7682605162.00,7.68,0.12,34708725.00
2022-02-03,88.12,87055016,7671288009.92,7.67,-0.15,30004860.00
2022-02-04,87.81,87055016,7644300954.96,7.64,-0.35,32814597.00
2022-02-07,86.90,87055016,7565080890.40,7.57,-1.04,28937700.00
2022-02-08,88.28,87055016,7685216812.48,7.69,1.59,32760708.00
2022-02-09,91.94,87055016,8003838171.04,8.00,4.15,40315690.00
2022-02-10,89.81,87055016,7818410986.96,7.82,-2.32,42102928.00
2022-02-11,88.40,87055016,7695663414.40,7.70,-1.57,30886960.00
2022-02-14,87.26,87055016,7596420696.16,7.60,-1.29,43926684.00
2022-02-15,89.74,87055016,7812317135.84,7.81,2.84,21600418.00
2022-02-16,90.33,87055016,7863679595.28,7.86,0.66,23395470.00
2022-02-17,88.54,87055016,7707851116.64,7.71,-1.98,22799050.00
2022-02-18,88.79,87055016,7729614870.64,7.73,0.28,35214114.00
2022-02-22,87.62,87055016,7627760501.92,7.63,-1.32,35582482.00
2022-02-23,87.28,87055016,7598161796.48,7.60,-0.39,41292168.00
2022-02-24,89.94,87055016,7829728139.04,7.83,3.05,60133884.00
2022-02-25,89.81,87055016,7818410986.96,7.82,-0.14,93959222.00
2022-02-28,86.99,87055016,7572915841.84,7.57,-3.14,82805781.00
2022-03-01,85.48,87055016,7441462767.68,7.44,-1.74,37568460.00
2022-03-02,87.34,87055016,7603385097.44,7.60,2.18,37818220.00
2022-03-03,88.07,87055016,7666935259.12,7.67,0.84,32823689.00
2022-03-04,85.84,87055016,7472802573.44,7.47,-2.53,31323016.00
2022-03-07,81.02,87055016,7053197396.32,7.05,-5.62,51585434.00
2022-03-08,83.58,87055016,7276058237.28,7.28,3.16,49805322.00
2022-03-09,86.93,87055016,7567692540.88,7.57,4.01,38266586.00
2022-03-10,87.34,87055016,7603385097.44,7.60,0.47,44456060.00
2022-03-11,86.87,87055016,7562469239.92,7.56,-0.54,32610998.00
2022-03-14,86.06,87055016,7491954676.96,7.49,-0.93,36988588.00
2022-03-15,87.59,87055016,7625148851.44,7.63,1.78,24306225.00
2022-03-16,89.27,87055016,7771401278.32,7.77,1.92,37493400.00
2022-03-17,90.30,87055016,7861067944.80,7.86,1.15,26909400.00
2022-03-18,90.61,87055016,7888054999.76,7.89,0.34,82645381.00
2022-03-21,91.44,87055016,7960310663.04,7.96,0.92,54370224.00
2022-03-22,91.52,87055016,7967275064.32,7.97,0.09,35784320.00
2022-03-23,90.22,87055016,7854103543.52,7.85,-1.42,29808688.00
2022-03-24,91.28,87055016,7946381860.48,7.95,1.17,23029944.00
2022-03-25,93.41,87055016,8131809044.56,8.13,2.33,29825813.00
2022-03-28,92.21,87055016,8027343025.36,8.03,-1.28,27921188.00
2022-03-29,94.85,87055016,8257168267.60,8.26,2.86,38499615.00
2022-03-30,94.23,87055016,8203194157.68,8.20,-0.65,33960492.00
2022-03-31,93.58,87055016,8146608397.28,8.15,-0.69,35607190.00
2022-04-01,95.29,87055016,8295472474.64,8.30,1.83,35209655.00
2022-04-04,94.65,87055016,8239757264.40,8.24,-0.67,23634105.00
2022-04-05,93.48,87055016,8137902895.68,8.14,-1.24,23743920.00
2022-04-06,93.65,87055016,8152702248.40,8.15,0.18,25950415.00
2022-04-07,92.25,87055016,8030825226.00,8.03,-1.49,29012625.00
2022-04-08,91.32,87055016,7949864061.12,7.95,-1.01,23761464.00
2022-04-11,91.60,87055016,7974239465.60,7.97,0.31,34093520.00
2022-04-12,91.10,87055016,7930711957.60,7.93,-0.55,29962790.00
2022-04-13,91.74,87055016,7986427167.84,7.99,0.70,29677890.00
2022-04-14,90.82,87055016,7906336553.12,7.91,-1.00,27127934.00
2022-04-18,90.58,87055016,7885443349.28,7.89,-0.26,23460220.00
2022-04-19,92.53,87055016,8055200630.48,8.06,2.15,49207454.00
2022-04-20,94.52,87055016,8228440112.32,8.23,2.15,52468052.00
2022-04-21,93.95,87055016,8178818753.20,8.18,-0.60,35456730.00
2022-04-22,91.82,87055016,7993391569.12,7.99,-2.27,28904936.00
2022-04-25,91.90,87055016,8000355970.40,8.00,0.09,39958120.00
2022-04-26,89.49,87055016,7790553381.84,7.79,-2.62,51966843.00
2022-04-27,90.18,87055016,7850621342.88,7.85,0.77,36315486.00
2022-04-28,91.94,87055016,8003838171.04,8.00,1.95,32785804.00
2022-04-29,88.93,87055016,7741802572.88,7.74,-3.27,49365043.00
2022-05-02,88.24,87055016,7681734611.84,7.68,-0.78,50226208.00
2022-05-03,86.23,87055016,7506754029.68,7.51,-2.28,72277986.00
2022-05-04,88.15,87055016,7673899660.40,7.67,2.23,64129125.00
2022-05-05,86.34,87055016,7516330081.44,7.52,-2.05,84371448.00
2022-05-06,84.05,87055016,7316974094.80,7.32,-2.65,74098480.00
2022-05-09,78.73,87055016,6853841409.68,6.85,-6.33,71636427.00
2022-05-10,78.62,87055016,6844265357.92,6.84,-0.14,71292616.00
2022-05-11,78.04,87055016,6793773448.64,6.79,-0.74,44092600.00
2022-05-12,77.42,87055016,6739799338.72,6.74,-0.79,54735940.00
2022-05-13,79.90,87055016,6955695778.40,6.96,3.20,40605180.00
2022-05-16,79.45,87055016,6916521021.20,6.92,-0.56,26107270.00
2022-05-17,81.12,87055016,7061902897.92,7.06,2.10,41906592.00
2022-05-18,78.48,87055016,6832077655.68,6.83,-3.25,35057016.00
2022-05-19,76.08,87055016,6623145617.28,6.62,-3.06,64842984.00
2022-05-20,76.50,87055016,6659708724.00,6.66,0.55,69339600.00
2022-05-23,77.82,87055016,6774621345.12,6.77,1.73,43524726.00
2022-05-24,73.69,87055016,6415084129.04,6.42,-5.31,73557358.00
2022-05-25,75.81,87055016,6599640762.96,6.60,2.88,62960205.00
2022-05-26,77.30,87055016,6729352736.80,6.73,1.97,50608310.00
2022-05-27,79.56,87055016,6926097072.96,6.93,2.92,31816044.00
2022-05-31,78.90,87055016,6868640762.40,6.87,-0.83,58985640.00
2022-06-01,78.12,87055016,6800737849.92,6.80,-0.99,25357752.00
2022-06-02,78.80,87055016,6859935260.80,6.86,0.87,34805960.00
2022-06-03,77.34,87055016,6732834937.44,6.73,-1.85,24996288.00
2022-06-06,77.79,87055016,6772009694.64,6.77,0.58,24877242.00
2022-06-07,78.80,87055016,6859935260.80,6.86,1.30,22607720.00
2022-06-08,77.03,87055016,6705847882.48,6.71,-2.25,25712614.00
2022-06-09,75.16,87055016,6543055002.56,6.54,-2.43,35077172.00
2022-06-10,72.02,87055016,6269702252.32,6.27,-4.18,71681506.00
2022-06-13,70.01,87055016,6094721670.16,6.09,-2.79,81197598.00
2022-06-14,69.96,87055016,6090368919.36,6.09,-0.07,64363200.00
2022-06-15,71.17,87055016,6195705488.72,6.20,1.73,59056866.00
2022-06-16,69.03,87055016,6009407754.48,6.01,-3.01,100383426.00
2022-06-17,72.14,87055016,6280148854.24,6.28,4.51,113670998.00
2022-06-21,73.10,87055016,6363721669.60,6.36,1.33,52646620.00
2022-06-22,73.16,87055016,6368944970.56,6.37,0.08,46098116.00
2022-06-23,74.37,87055016,6474281539.92,6.47,1.65,42123168.00
2022-06-24,75.20,87055016,6546537203.20,6.55,1.12,95654400.00
2022-06-27,74.46,87055016,6482116491.36,6.48,-0.98,29538282.00
2022-06-28,72.76,87055016,6334122964.16,6.33,-2.28,33258596.00
2022-06-29,72.10,87055016,6276666653.60,6.28,-0.91,38486980.00
2022-06-30,71.83,87055016,6253161799.28,6.25,-0.37,41323799.00
2022-07-01,72.26,87055016,6290595456.16,6.29,0.60,44627776.00
2022-07-05,72.15,87055016,6281019404.40,6.28,-0.15,41277015.00
2022-07-06,72.19,87055016,6284501605.04,6.28,0.06,31251051.00
2022-07-07,74.90,87055016,6520420698.40,6.52,3.75,44797690.00
2022-07-08,74.62,87055016,6496045293.92,6.50,-0.37,30116632.00
2022-07-11,73.74,87055016,6419436879.84,6.42,-1.18,28692234.00
2022-07-12,73.88,87055016,6431624582.08,6.43,0.19,26833216.00
2022-07-13,73.80,87055016,6424660180.80,6.42,-0.11,21793140.00
2022-07-14,72.56,87055016,6316711960.96,6.32,-1.68,29793136.00
2022-07-15,74.87,87055016,6517809047.92,6.52,3.18,23643946.00
2022-07-18,75.61,87055016,6582229759.76,6.58,0.99,40012812.00
2022-07-19,79.17,87055016,6892145616.72,6.89,4.71,57208242.00
2022-07-20,81.47,87055016,7092372153.52,7.09,2.91,77600175.00
2022-07-21,80.32,87055016,6992258885.12,6.99,-1.41,32304704.00
2022-07-22,78.51,87055016,6834689306.16,6.83,-2.25,45472992.00
2022-07-25,78.57,87055016,6839912607.12,6.84,0.08,34562943.00
2022-07-26,76.92,87055016,6696271830.72,6.70,-2.10,33729420.00
2022-07-27,79.82,87055016,6948731377.12,6.95,3.77,39008034.00
2022-07-28,81.49,87055016,7094113253.84,7.09,2.09,35293319.00
2022-07-29,82.52,87055016,7183779920.32,7.18,1.26,46788840.00
2022-08-01,82.37,87055016,7170721667.92,7.17,-0.18,41234422.00
2022-08-02,80.89,87055016,7041880244.24,7.04,-1.80,41480392.00
2022-08-03,81.76,87055016,7117618108.16,7.12,1.08,49930832.00
2022-08-04,81.71,87055016,7113265357.36,7.11,-0.06,41998940.00
2022-08-05,82.16,87055016,7152440114.56,7.15,0.55,20597512.00
2022-08-08,83.72,87055016,7288245939.52,7.29,1.90,31403372.00
2022-08-09,83.53,87055016,7271705486.48,7.27,-0.23,33011056.00
2022-08-10,85.31,87055016,7426663414.96,7.43,2.13,28732408.00
2022-08-11,85.26,87055016,7422310664.16,7.42,-0.06,32066286.00
2022-08-12,86.19,87055016,7503271829.04,7.50,1.09,16772574.00
2022-08-15,86.47,87055016,7527647233.52,7.53,0.32,30420146.00
2022-08-16,86.50,87055016,7530258884.00,7.53,0.03,19090550.00
2022-08-17,84.65,87055016,7369207104.40,7.37,-2.14,36043970.00
2022-08-18,84.97,87055016,7397064709.52,7.40,0.38,20800656.00
2022-08-19,83.89,87055016,7303045292.24,7.30,-1.27,41651385.00
2022-08-22,79.64,87055016,6933061474.24,6.93,-5.07,39047492.00
2022-08-23,79.86,87055016,6952213577.76,6.95,0.28,20691726.00
2022-08-24,80.48,87055016,7006187687.68,7.01,0.78,22566592.00
2022-08-25,81.89,87055016,7128935260.24,7.13,1.75,16222409.00
2022-08-26,79.44,87055016,6915650471.04,6.92,-2.99,27335304.00
2022-08-29,78.26,87055016,6812925552.16,6.81,-1.49,34035274.00
2022-08-30,76.80,87055016,6685825228.80,6.69,-1.87,33062400.00
2022-08-31,76.67,87055016,6674508076.72,6.67,-0.17,23422685.00
2022-09-01,76.67,87055016,6674508076.72,6.67,0.00,31396365.00
2022-09-02,75.52,87055016,6574394808.32,6.57,-1.50,26454656.00
2022-09-06,75.92,87055016,6609216814.72,6.61,0.53,47624616.00
2022-09-07,78.94,87055016,6872122963.04,6.87,3.98,26508052.00
2022-09-08,79.11,87055016,6886922315.76,6.89,0.22,35109018.00
2022-09-09,80.24,87055016,6985294483.84,6.99,1.43,37111000.00
2022-09-12,81.36,87055016,7082796101.76,7.08,1.40,38198520.00
2022-09-13,78.02,87055016,6792032348.32,6.79,-4.11,30295166.00
2022-09-14,77.84,87055016,6776362445.44,6.78,-0.23,49366128.00
2022-09-15,77.37,87055016,6735446587.92,6.74,-0.60,33075675.00
2022-09-16,76.68,87055016,6675378626.88,6.68,-0.89,87346188.00
2022-09-19,76.87,87055016,6691919079.92,6.69,0.25,28880059.00
2022-09-20,74.56,87055016,6490821992.96,6.49,-3.01,31136256.00
2022-09-21,73.06,87055016,6360239468.96,6.36,-2.01,21925306.00
2022-09-22,70.38,87055016,6126932026.08,6.13,-3.67,41615694.00
2022-09-23,69.64,87055016,6062511314.24,6.06,-1.05,46442916.00
2022-09-26,68.31,87055016,5946728142.96,5.95,-1.91,50542569.00
2022-09-27,68.54,87055016,5966750796.64,5.97,0.34,43166492.00
2022-09-28,71.04,87055016,6184388336.64,6.18,3.65,43895616.00
2022-09-29,69.39,87055016,6040747560.24,6.04,-2.32,44326332.00
2022-09-30,68.22,87055016,5938893191.52,5.94,-1.69,53805114.00
2022-10-03,69.55,87055016,6054676362.80,6.05,1.95,52545025.00
2022-10-04,73.30,87055016,6381132672.80,6.38,5.39,78020520.00
2022-10-05,72.54,87055016,6314970860.64,6.31,-1.04,68615586.00
2022-10-06,72.04,87055016,6271443352.64,6.27,-0.69,32230696.00
2022-10-07,70.38,87055016,6126932026.08,6.13,-2.30,48322908.00
2022-10-10,69.29,87055016,6032042058.64,6.03,-1.55,31138926.00
2022-10-11,69.68,87055016,6065993514.88,6.07,0.56,44253768.00
2022-10-12,68.92,87055016,5999831702.72,6.00,-1.09,37189232.00
2022-10-13,70.35,87055016,6124320375.60,6.12,2.07,25438560.00
2022-10-14,69.57,87055016,6056417463.12,6.06,-1.11,39543588.00
2022-10-17,72.19,87055016,6284501605.04,6.28,3.77,37084003.00
2022-10-18,73.38,87055016,6388097074.08,6.39,1.65,37761348.00
2022-10-19,71.97,87055016,6265349501.52,6.27,-1.92,43527456.00
2022-10-20,72.32,87055016,6295818757.12,6.30,0.49,29043712.00
2022-10-21,73.28,87055016,6379391572.48,6.38,1.33,40626432.00
2022-10-24,73.30,87055016,6381132672.80,6.38,0.03,23060180.00
2022-10-25,75.88,87055016,6605734614.08,6.61,3.52,36179584.00
2022-10-26,75.75,87055016,6594417462.00,6.59,-0.17,34905600.00
2022-10-27,76.17,87055016,6630980568.72,6.63,0.55,25456014.00
2022-10-28,77.30,87055016,6729352736.80,6.73,1.48,39515760.00
2022-10-31,76.28,87055016,6640556620.48,6.64,-1.32,69994528.00
2022-11-01,77.38,87055016,6736317138.08,6.74,1.44,41158422.00
2022-11-02,74.77,87055016,6509103546.32,6.51,-3.37,55150352.00
2022-11-03,74.19,87055016,6458611637.04,6.46,-0.78,48631545.00
2022-11-04,73.41,87055016,6390708724.56,6.39,-1.05,95308203.00
2022-11-07,72.78,87055016,6335864064.48,6.34,-0.86,56630118.00
2022-11-08,72.23,87055016,6287983805.68,6.29,-0.76,41077201.00
2022-11-09,72.84,87055016,6341087365.44,6.34,0.84,43966224.00
2022-11-10,78.80,87055016,6859935260.80,6.86,8.18,43836440.00
2022-11-11,79.32,87055016,6905203869.12,6.91,0.66,49535340.00
2022-11-14,77.47,87055016,6744152089.52,6.74,-2.33,45684059.00
2022-11-15,79.16,87055016,6891275066.56,6.89,2.18,30025388.00
2022-11-16,79.55,87055016,6925226522.80,6.93,0.49,45908305.00
2022-11-17,79.40,87055016,6912168270.40,6.91,-0.19,46441060.00
2022-11-18,79.79,87055016,6946119726.64,6.95,0.49,47826126.00
2022-11-21,79.83,87055016,6949601927.28,6.95,0.05,40992705.00
2022-11-22,81.08,87055016,7058420697.28,7.06,1.57,34888724.00
2022-11-23,82.24,87055016,7159404515.84,7.16,1.43,39351840.00
2022-11-25,82.69,87055016,7198579273.04,7.20,0.55,22640522.00
2022-11-28,81.84,87055016,7124582509.44,7.12,-1.03,45208416.00
2022-11-29,81.99,87055016,7137640761.84,7.14,0.18,41306562.00
2022-11-30,82.82,87055016,7209896425.12,7.21,1.01,68666062.00
2022-12-01,82.80,87055016,7208155324.80,7.21,-0.02,41010840.00
2022-12-02,82.11,87055016,7148087363.76,7.15,-0.83,37992297.00
2022-12-05,78.88,87055016,6866899662.08,6.87,-3.93,55334320.00
2022-12-06,76.82,87055016,6687566329.12,6.69,-2.61,57146398.00
2022-12-07,77.28,87055016,6727611636.48,6.73,0.60,29922816.00
2022-12-08,77.83,87055016,6775491895.28,6.78,0.71,25380363.00
2022-12-09,78.33,87055016,6819019403.28,6.82,0.64,29710569.00
2022-12-12,80.32,87055016,6992258885.12,6.99,2.54,38866848.00
2022-12-13,83.11,87055016,7235142379.76,7.24,3.47,100754253.00
2022-12-14,83.20,87055016,7242977331.20,7.24,0.11,61559680.00
2022-12-15,80.21,87055016,6982682833.36,6.98,-3.59,54711241.00
2022-12-16,78.78,87055016,6858194160.48,6.86,-1.78,68585868.00
2022-12-19,77.38,87055016,6736317138.08,6.74,-1.78,36275744.00
2022-12-20,77.59,87055016,6754598691.44,6.75,0.27,23463216.00
2022-12-21,78.54,87055016,6837300956.64,6.84,1.22,31769430.00
2022-12-22,78.26,87055016,6812925552.16,6.81,-0.36,29793582.00
2022-12-23,78.76,87055016,6856453060.16,6.86,0.64,18492848.00
2022-12-27,78.77,87055016,6857323610.32,6.86,0.01,22425819.00
2022-12-28,78.54,87055016,6837300956.64,6.84,-0.29,57232098.00
2022-12-29,79.54,87055016,6924355972.64,6.92,1.27,36811112.00
2022-12-30,79.30,87055016,6903462768.80,6.90,-0.30,23615540.00
2023-01-03,77.12,87055016,6713682833.92,6.71,-2.75,61302688.00
2023-01-04,78.83,87055016,6862546911.28,6.86,2.22,37854166.00
2023-01-05,77.55,87055016,6751116490.80,6.75,-1.62,33424050.00
2023-01-06,80.76,87055016,7030563092.16,7.03,4.14,32021340.00
2023-01-09,80.91,87055016,7043621344.56,7.04,0.19,22921803.00
2023-01-10,82.57,87055016,7188132671.12,7.19,2.05,37643663.00
2023-01-11,85.19,87055016,7416216813.04,7.42,3.17,79925258.00
2023-01-12,85.67,87055016,7458003220.72,7.46,0.56,71817161.00
2023-01-13,85.77,87055016,7466708722.32,7.47,0.12,37893186.00
2023-01-17,86.50,87055016,7530258884.00,7.53,0.85,67193200.00
2023-01-18,85.13,87055016,7410993512.08,7.41,-1.58,34469137.00
2023-01-19,83.46,87055016,7265611635.36,7.27,-1.96,38909052.00
2023-01-20,84.10,87055016,7321326845.60,7.32,0.77,33412930.00
2023-01-23,86.01,87055016,7487601926.16,7.49,2.27,55657071.00
2023-01-24,84.98,87055016,7397935259.68,7.40,-1.20,24601710.00
2023-01-25,85.37,87055016,7431886715.92,7.43,0.46,43239905.00
2023-01-26,87.54,87055016,7620796100.64,7.62,2.54,27855228.00
2023-01-27,87.87,87055016,7649524255.92,7.65,0.38,31703496.00
2023-01-30,86.93,87055016,7567692540.88,7.57,-1.07,32329267.00
2023-01-31,89.50,87055016,7791423932.00,7.79,2.96,57432150.00
2023-02-01,89.64,87055016,7803611634.24,7.80,0.16,65490984.00
2023-02-02,93.42,87055016,8132679594.72,8.13,4.22,64982952.00
2023-02-03,92.08,87055016,8016025873.28,8.02,-1.43,36316352.00
2023-02-06,90.77,87055016,7901983802.32,7.90,-1.42,30780107.00
2023-02-07,91.57,87055016,7971627815.12,7.97,0.88,42442695.00
2023-02-08,90.72,87055016,7897631051.52,7.90,-0.93,31742928.00
2023-02-09,89.49,87055016,7790553381.84,7.79,-1.36,29048454.00
2023-02-10,89.58,87055016,7798388333.28,7.80,0.10,23998482.00
2023-02-13,89.71,87055016,7809705485.36,7.81,0.15,30250212.00
2023-02-14,89.85,87055016,7821893187.60,7.82,0.16,37701060.00
2023-02-15,90.50,87055016,7878478948.00,7.88,0.72,21837650.00
2023-02-16,89.75,87055016,7813187686.00,7.81,-0.83,27867375.00
2023-02-17,90.50,87055016,7878478948.00,7.88,0.84,29068600.00
2023-02-21,88.27,87055016,7684346262.32,7.68,-2.46,35784658.00
2023-02-22,88.30,87055016,7686957912.80,7.69,0.03,31955770.00
2023-02-23,87.98,87055016,7659100307.68,7.66,-0.36,71246204.00
2023-02-24,85.57,87055016,7449297719.12,7.45,-2.74,56981063.00
2023-02-27,87.14,87055016,7585974094.24,7.59,1.83,50654482.00
2023-02-28,87.83,87055016,7646042055.28,7.65,0.79,51248805.00
2023-03-01,87.72,87055016,7636466003.52,7.64,-0.13,39254700.00
2023-03-02,89.04,87055016,7751378624.64,7.75,1.50,35304360.00
2023-03-03,89.33,87055016,7776624579.28,7.78,0.33,33918601.00
2023-03-06,88.27,87055016,7684346262.32,7.68,-1.19,19322303.00
2023-03-07,87.32,87055016,7601643997.12,7.60,-1.08,26423032.00
2023-03-08,88.30,87055016,7686957912.80,7.69,1.12,29527520.00
2023-03-09,84.83,87055016,7384877007.28,7.38,-3.93,40574189.00
2023-03-10,82.48,87055016,7180297719.68,7.18,-2.77,40761616.00
2023-03-13,82.42,87055016,7175074418.72,7.18,-0.07,36998338.00
2023-03-14,82.71,87055016,7200320373.36,7.20,0.35,31644846.00
2023-03-15,81.69,87055016,7111524257.04,7.11,-1.23,34407828.00
2023-03-16,81.61,87055016,7104559855.76,7.10,-0.10,39580850.00
2023-03-17,79.84,87055016,6950472477.44,6.95,-2.17,59384992.00
2023-03-20,81.44,87055016,7089760503.04,7.09,2.00,44335936.00
2023-03-21,81.86,87055016,7126323609.76,7.13,0.52,23911306.00
2023-03-22,79.09,87055016,6885181215.44,6.89,-3.38,35400684.00
2023-03-23,78.28,87055016,6814666652.48,6.81,-1.02,27460624.00
2023-03-24,80.52,87055016,7009669888.32,7.01,2.86,36000492.00
2023-03-27,80.38,87055016,6997482186.08,7.00,-0.17,42585324.00
2023-03-28,80.26,87055016,6987035584.16,6.99,-0.15,24800340.00
2023-03-29,81.46,87055016,7091501603.36,7.09,1.50,26808486.00
2023-03-30,82.64,87055016,7194226522.24,7.19,1.45,21478136.00
2023-03-31,85.00,87055016,7399676360.00,7.40,2.86,39967000.00
2023-04-03,85.02,87055016,7401417460.32,7.40,0.02,29348904.00
2023-04-04,83.74,87055016,7289987039.84,7.29,-1.51,36535762.00
2023-04-05,83.05,87055016,7229919078.80,7.23,-0.82,30894600.00
2023-04-06,83.41,87055016,7261258884.56,7.26,0.43,20393745.00
2023-04-10,84.91,87055016,7391841408.56,7.39,1.80,20038760.00
2023-04-11,86.19,87055016,7503271829.04,7.50,1.51,35613708.00
2023-04-12,85.80,87055016,7469320372.80,7.47,-0.45,25045020.00
2023-04-13,87.06,87055016,7579009692.96,7.58,1.47,29887698.00
2023-04-14,86.60,87055016,7538964385.60,7.54,-0.53,39870640.00
2023-04-17,89.16,87055016,7761825226.56,7.76,2.96,49840440.00
2023-04-18,89.02,87055016,7749637524.32,7.75,-0.16,47198404.00
2023-04-19,89.34,87055016,7777495129.44,7.78,0.36,33752652.00
2023-04-20,87.54,87055016,7620796100.64,7.62,-2.01,20204232.00
2023-04-21,88.18,87055016,7676511310.88,7.68,0.73,20202038.00
2023-04-24,89.05,87055016,7752249174.80,7.75,0.99,20739745.00
2023-04-25,88.28,87055016,7685216812.48,7.69,-0.86,24762540.00
2023-04-26,87.47,87055016,7614702249.52,7.61,-0.92,24937697.00
2023-04-27,89.39,87055016,7781847880.24,7.78,2.20,30437295.00
2023-04-28,89.93,87055016,7828857588.88,7.83,0.60,41160961.00
2023-05-01,89.68,87055016,7807093834.88,7.81,-0.28,34822744.00
2023-05-02,86.95,87055016,7569433641.20,7.57,-3.04,43370660.00
2023-05-03,87.01,87055016,7574656942.16,7.57,0.07,46376330.00
2023-05-04,82.64,87055016,7194226522.24,7.19,-5.02,72789312.00
2023-05-05,82.14,87055016,7150699014.24,7.15,-0.61,51961764.00
2023-05-08,80.47,87055016,7005317137.52,7.01,-2.03,45264375.00
2023-05-09,80.64,87055016,7020116490.24,7.02,0.21,47263104.00
2023-05-10,81.17,87055016,7066255648.72,7.07,0.66,18222665.00
2023-05-11,80.44,87055016,7002705487.04,7.00,-0.90,28355100.00
2023-05-12,80.73,87055016,7027951441.68,7.03,0.36,23589306.00
2023-05-15,80.70,87055016,7025339791.20,7.03,-0.04,24782970.00
2023-05-16,78.77,87055016,6857323610.32,6.86,-2.39,22480958.00
2023-05-17,81.06,87055016,7056679596.96,7.06,2.91,24723300.00
2023-05-18,80.58,87055016,7014893189.28,7.01,-0.59,29540628.00
2023-05-19,80.44,87055016,7002705487.04,7.00,-0.17,30213264.00
2023-05-22,79.80,87055016,6946990276.80,6.95,-0.80,33180840.00
2023-05-23,78.30,87055016,6816407752.80,6.82,-1.88,48945330.00
2023-05-24,75.89,87055016,6606605164.24,6.61,-3.08,50975313.00
2023-05-25,76.99,87055016,6702365681.84,6.70,1.45,34968858.00
2023-05-26,77.52,87055016,6748504840.32,6.75,0.69,32201808.00
2023-05-30,76.66,87055016,6673637526.56,6.67,-1.11,28325870.00
2023-05-31,76.49,87055016,6658838173.84,6.66,-0.22,46903668.00
2023-06-01,77.87,87055016,6778974095.92,6.78,1.80,25292176.00
2023-06-02,79.68,87055016,6936543674.88,6.94,2.32,32971584.00
2023-06-05,78.20,87055016,6807702251.20,6.81,-1.86,31913420.00
2023-06-06,78.40,87055016,6825113254.40,6.83,0.26,28435680.00
2023-06-07,80.14,87055016,6976588982.24,6.98,2.22,27624258.00
2023-06-08,79.35,87055016,6907815519.60,6.91,-0.99,19424880.00
2023-06-09,79.09,87055016,6885181215.44,6.89,-0.33,18348880.00
2023-06-12,79.40,87055016,6912168270.40,6.91,0.39,17428300.00
2023-06-13,80.59,87055016,7015763739.44,7.02,1.50,25393909.00
2023-06-14,81.59,87055016,7102818755.44,7.10,1.24,54616346.00
2023-06-15,82.52,87055016,7183779920.32,7.18,1.14,46805344.00
2023-06-16,83.20,87055016,7242977331.20,7.24,0.82,63048960.00
2023-06-20,81.90,87055016,7129805810.40,7.13,-1.56,39795210.00
2023-06-21,81.55,87055016,7099336554.80,7.10,-0.43,33606755.00
2023-06-22,80.41,87055016,7000093836.56,7.00,-1.40,26712202.00
2023-06-23,79.68,87055016,6936543674.88,6.94,-0.91,54102720.00
2023-06-26,81.73,87055016,7115006457.68,7.12,2.57,36018411.00
2023-06-27,83.61,87055016,7278669887.76,7.28,2.30,27574578.00
2023-06-28,83.75,87055016,7290857590.00,7.29,0.17,25719625.00
2023-06-29,85.20,87055016,7417087363.20,7.42,1.73,21282960.00
2023-06-30,85.58,87055016,7450168269.28,7.45,0.45,51348000.00
2023-07-03,85.30,87055016,7425792864.80,7.43,-0.33,19917550.00
2023-07-05,85.47,87055016,7440592217.52,7.44,0.20,21897414.00
2023-07-06,84.20,87055016,7330032347.20,7.33,-1.49,22860300.00
2023-07-07,85.39,87055016,7433627816.24,7.43,1.41,14721236.00
2023-07-10,86.18,87055016,7502401278.88,7.50,0.93,19252612.00
2023-07-11,87.11,87055016,7583362443.76,7.58,1.08,20888978.00
2023-07-12,87.51,87055016,7618184450.16,7.62,0.46,28650774.00
2023-07-13,87.11,87055016,7583362443.76,7.58,-0.46,27570315.00
2023-07-14,87.58,87055016,7624278301.28,7.62,0.54,24487368.00
2023-07-17,88.12,87055016,7671288009.92,7.67,0.62,21457220.00
2023-07-18,89.08,87055016,7754860825.28,7.75,1.09,26216244.00
2023-07-19,88.20,87055016,7678252411.20,7.68,-0.99,39866400.00
2023-07-20,88.41,87055016,7696533964.56,7.70,0.24,25426716.00
2023-07-21,86.89,87055016,7564210340.24,7.56,-1.72,36276575.00
2023-07-24,84.28,87055016,7336996748.48,7.34,-3.00,71840272.00
2023-07-25,84.23,87055016,7332643997.68,7.33,-0.06,41668581.00
2023-07-26,84.36,87055016,7343961149.76,7.34,0.15,23089332.00
2023-07-27,83.25,87055016,7247330082.00,7.25,-1.32,25574400.00
2023-07-28,84.86,87055016,7387488657.76,7.39,1.93,23794744.00
2023-07-31,85.10,87055016,7408381861.60,7.41,0.28,30457290.00
2023-08-01,85.26,87055016,7422310664.16,7.42,0.19,31367154.00
2023-08-02,83.13,87055016,7236883480.08,7.24,-2.50,58531833.00
2023-08-03,79.07,87055016,6883440115.12,6.88,-4.88,128978984.00
2023-08-04,77.08,87055016,6710200633.28,6.71,-2.52,103371988.00
2023-08-07,77.79,87055016,6772009694.64,6.77,0.92,46020564.00
2023-08-08,77.13,87055016,6714553384.08,6.71,-0.85,41372532.00
2023-08-09,77.08,87055016,6710200633.28,6.71,-0.06,33999988.00
2023-08-10,77.54,87055016,6750245940.64,6.75,0.60,28519212.00
2023-08-11,77.61,87055016,6756339791.76,6.76,0.09,28870920.00
2023-08-14,76.74,87055016,6680601927.84,6.68,-1.12,21709746.00
2023-08-15,75.74,87055016,6593546911.84,6.59,-1.30,25728878.00
2023-08-16,74.93,87055016,6523032348.88,6.52,-1.07,18695035.00
2023-08-17,73.76,87055016,6421177980.16,6.42,-1.56,21891968.00
2023-08-18,75.17,87055016,6543925552.72,6.54,1.91,28925416.00
2023-08-21,75.57,87055016,6578747559.12,6.58,0.53,31353993.00
2023-08-22,76.31,87055016,6643168270.96,6.64,0.98,27006109.00
2023-08-23,77.87,87055016,6778974095.92,6.78,2.04,32752122.00
2023-08-24,76.72,87055016,6678860827.52,6.68,-1.48,35529032.00
2023-08-25,76.97,87055016,6700624581.52,6.70,0.33,23137182.00
2023-08-28,77.84,87055016,6776362445.44,6.78,1.13,24737552.00
2023-08-29,78.96,87055016,6873864063.36,6.87,1.44,19013568.00
2023-08-30,78.75,87055016,6855582510.00,6.86,-0.27,27389250.00
2023-08-31,78.65,87055016,6846877008.40,6.85,-0.13,24177010.00
2023-09-01,78.88,87055016,6866899662.08,6.87,0.29,18142400.00
2023-09-05,77.25,87055016,6724999986.00,6.72,-2.07,33905025.00
2023-09-06,77.29,87055016,6728482186.64,6.73,0.05,20837384.00
2023-09-07,75.38,87055016,6562207106.08,6.56,-2.47,40916264.00
2023-09-08,74.56,87055016,6490821992.96,6.49,-1.09,42327712.00
2023-09-11,75.14,87055016,6541313902.24,6.54,0.78,27148082.00
2023-09-12,74.85,87055016,6516067947.60,6.52,-0.39,22432545.00
2023-09-13,73.93,87055016,6435977332.88,6.44,-1.23,24419079.00
2023-09-14,75.66,87055016,6586582510.56,6.59,2.34,23030904.00
2023-09-15,74.78,87055016,6509974096.48,6.51,-1.16,83955506.00
2023-09-18,73.90,87055016,6433365682.40,6.43,-1.18,36425310.00
2023-09-19,73.98,87055016,6440330083.68,6.44,0.11,33446358.00
2023-09-20,74.09,87055016,6449906135.44,6.45,0.15,22827129.00
2023-09-21,73.41,87055016,6390708724.56,6.39,-0.92,31691097.00
2023-09-22,73.68,87055016,6414213578.88,6.41,0.37,34725384.00
2023-09-25,74.29,87055016,6467317138.64,6.47,0.83,30785776.00
2023-09-26,72.42,87055016,6304524258.72,6.30,-2.52,26947482.00
2023-09-27,71.65,87055016,6237491896.40,6.24,-1.06,35158655.00
2023-09-28,72.10,87055016,6276666653.60,6.28,0.63,25364780.00
2023-09-29,73.01,87055016,6355886718.16,6.36,1.26,37673160.00
2023-10-02,70.65,87055016,6150436880.40,6.15,-3.23,28337715.00
2023-10-03,69.82,87055016,6078181217.12,6.08,-1.17,49984138.00
2023-10-04,70.42,87055016,6130414226.72,6.13,0.86,20703480.00
2023-10-05,68.69,87055016,5979809049.04,5.98,-2.46,72852614.00
2023-10-06,68.97,87055016,6004184453.52,6.00,0.41,33871167.00
2023-10-09,69.35,87055016,6037265359.60,6.04,0.55,25222595.00
2023-10-10,71.13,87055016,6192223288.08,6.19,2.57,36340317.00
2023-10-11,72.03,87055016,6270572802.48,6.27,1.27,27515460.00
2023-10-12,70.95,87055016,6176553385.20,6.18,-1.50,17453700.00
2023-10-13,71.16,87055016,6194834938.56,6.19,0.30,22899288.00
2023-10-16,74.30,87055016,6468187688.80,6.47,4.41,48978560.00
2023-10-17,74.80,87055016,6511715196.80,6.51,0.67,58792800.00
2023-10-18,73.20,87055016,6372427171.20,6.37,-2.14,34074600.00
2023-10-19,72.49,87055016,6310618109.84,6.31,-0.97,38687913.00
2023-10-20,70.56,87055016,6142601928.96,6.14,-2.66,44241120.00
2023-10-23,71.56,87055016,6229656944.96,6.23,1.42,38377628.00
2023-10-24,72.61,87055016,6321064711.76,6.32,1.47,53557136.00
2023-10-25,70.83,87055016,6166106783.28,6.17,-2.45,30166497.00
2023-10-26,71.23,87055016,6200928789.68,6.20,0.56,21810626.00
2023-10-27,70.30,87055016,6119967624.80,6.12,-1.31,25989910.00
2023-10-30,71.09,87055016,6188741087.44,6.19,1.12,29189554.00
2023-10-31,71.96,87055016,6264478951.36,6.26,1.22,43183196.00
2023-11-01,71.71,87055016,6242715197.36,6.24,-0.35,49659175.00
2023-11-02,80.62,87055016,7018375389.92,7.02,12.43,161812402.00
2023-11-03,83.09,87055016,7233401279.44,7.23,3.06,94656128.00
2023-11-06,82.59,87055016,7189873771.44,7.19,-0.60,46853307.00
2023-11-07,82.49,87055016,7181168269.84,7.18,-0.12,51778973.00
2023-11-08,81.33,87055016,7080184451.28,7.08,-1.41,34004073.00
2023-11-09,80.45,87055016,7003576037.20,7.00,-1.08,35003795.00
2023-11-10,81.31,87055016,7078443350.96,7.08,1.07,20457596.00
2023-11-13,80.53,87055016,7010540438.48,7.01,-0.96,34337992.00
2023-11-14,84.38,87055016,7345702250.08,7.35,4.78,53412540.00
2023-11-15,84.10,87055016,7321326845.60,7.32,-0.33,45784040.00
2023-11-16,84.50,87055016,7356148852.00,7.36,0.48,27792050.00
2023-11-17,85.77,87055016,7466708722.32,7.47,1.50,63075258.00
2023-11-20,87.04,87055016,7577268592.64,7.58,1.48,33458176.00
2023-11-21,85.24,87055016,7420569563.84,7.42,-2.07,35110356.00
2023-11-22,85.93,87055016,7480637524.88,7.48,0.81,15235389.00
2023-11-24,86.16,87055016,7500660178.56,7.50,0.27,7616544.00
2023-11-27,86.43,87055016,7524165032.88,7.52,0.31,30509790.00
2023-11-28,86.65,87055016,7543317136.40,7.54,0.25,39867665.00
2023-11-29,87.50,87055016,7617313900.00,7.62,0.98,41177500.00
2023-11-30,88.60,87055016,7713074417.60,7.71,1.26,36166520.00
2023-12-01,91.16,87055016,7935935258.56,7.94,2.89,51450704.00
2023-12-04,91.61,87055016,7975110015.76,7.98,0.49,47600556.00
2023-12-05,91.05,87055016,7926359206.80,7.93,-0.61,39215235.00
2023-12-06,91.02,87055016,7923747556.32,7.92,-0.03,40549410.00
2023-12-07,90.69,87055016,7895019401.04,7.90,-0.36,22881087.00
2023-12-08,91.86,87055016,7996873769.76,8.00,1.29,45378840.00
2023-12-11,91.58,87055016,7972498365.28,7.97,-0.30,27245050.00
2023-12-12,91.46,87055016,7962051763.36,7.96,-0.13,25398442.00
2023-12-13,94.13,87055016,8194488656.08,8.19,2.92,70616326.00
2023-12-14,97.21,87055016,8462618105.36,8.46,3.27,120248770.00
2023-12-15,95.04,87055016,8273708720.64,8.27,-2.23,162404352.00
2023-12-18,94.73,87055016,8246721665.68,8.25,-0.33,27481173.00
2023-12-19,95.57,87055016,8319847879.12,8.32,0.89,63573164.00
2023-12-20,93.92,87055016,8176207102.72,8.18,-1.73,32533888.00
2023-12-21,94.14,87055016,8195359206.24,8.20,0.23,31612212.00
2023-12-22,94.05,87055016,8187524254.80,8.19,-0.10,22797720.00
2023-12-26,94.44,87055016,8221475711.04,8.22,0.41,27567036.00
2023-12-27,94.73,87055016,8246721665.68,8.25,0.31,20736397.00
2023-12-28,95.20,87055016,8287637523.20,8.29,0.50,17992800.00
2023-12-29,94.02,87055016,8184912604.32,8.18,-1.24,25526430.00
2024-01-02,94.26,87055016,8205805808.16,8.21,0.26,35997894.00
2024-01-03,89.37,87055016,7780106779.92,7.78,-5.19,56419281.00
2024-01-04,89.84,87055016,7821022637.44,7.82,0.53,43770048.00
2024-01-05,90.60,87055016,7887184449.60,7.89,0.85,34572960.00
2024-01-08,92.05,87055016,8013414222.80,8.01,1.60,54060965.00
2024-01-09,91.52,87055016,7967275064.32,7.97,-0.58,22504768.00
2024-01-10,93.02,87055016,8097857588.32,8.10,1.64,27608336.00
2024-01-11,92.83,87055016,8081317135.28,8.08,-0.20,33576611.00
2024-01-12,94.14,87055016,8195359206.24,8.20,1.41,23770350.00
2024-01-16,93.51,87055016,8140514546.16,8.14,-0.67,37039311.00
2024-01-17,91.91,87055016,8001226520.56,8.00,-1.71,87535084.00
2024-01-18,91.60,87055016,7974239465.60,7.97,-0.34,33956120.00
2024-01-19,93.56,87055016,8144867296.96,8.14,2.14,34897880.00
2024-01-22,94.47,87055016,8224087361.52,8.22,0.97,29880861.00
2024-01-23,94.38,87055016,8216252410.08,8.22,-0.10,16780764.00
2024-01-24,93.06,87055016,8101339788.96,8.10,-1.40,16117992.00
2024-01-25,93.53,87055016,8142255646.48,8.14,0.51,31500904.00
2024-01-26,94.10,87055016,8191877005.60,8.19,0.61,19027020.00
2024-01-29,95.24,87055016,8291119723.84,8.29,1.21,22524260.00
2024-01-30,94.50,87055016,8226699012.00,8.23,-0.78,19514250.00
2024-01-31,92.60,87055016,8061294481.60,8.06,-2.01,29872760.00
2024-02-01,94.12,87055016,8193618105.92,8.19,1.64,29261908.00
2024-02-02,93.48,87055016,8137902895.68,8.14,-0.68,22248240.00
2024-02-05,90.66,87055016,7892407750.56,7.89,-3.02,30080988.00
2024-02-06,92.25,87055016,8030825226.00,8.03,1.75,34990425.00
2024-02-07,92.47,87055016,8049977329.52,8.05,0.24,31939138.00
2024-02-08,93.48,87055016,8137902895.68,8.14,1.09,32540388.00
2024-02-09,93.70,87055016,8157054999.20,8.16,0.24,25158450.00
2024-02-12,94.83,87055016,8255427167.28,8.26,1.21,41279499.00
2024-02-13,92.49,87055016,8051718429.84,8.05,-2.47,47391876.00
2024-02-14,93.81,87055016,8166631050.96,8.17,1.43,30788442.00
2024-02-15,95.51,87055016,8314624578.16,8.31,1.81,33906050.00
2024-02-16,94.88,87055016,8259779918.08,8.26,-0.66,39972944.00
2024-02-20,95.39,87055016,8304177976.24,8.30,0.54,47637766.00
2024-02-21,95.28,87055016,8294601924.48,8.29,-0.12,48478464.00
2024-02-22,99.81,87055016,8688961146.96,8.69,4.75,100368936.00
2024-02-23,97.38,87055016,8477417458.08,8.48,-2.43,93864582.00
2024-02-26,96.89,87055016,8434760500.24,8.43,-0.50,54297156.00
2024-02-27,96.80,87055016,8426925548.80,8.43,-0.09,26358640.00
2024-02-28,96.06,87055016,8362504836.96,8.36,-0.76,41363436.00
2024-02-29,97.80,87055016,8513980564.80,8.51,1.81,53369460.00
2024-03-01,98.52,87055016,8576660176.32,8.58,0.74,44304444.00
2024-03-04,102.63,87055016,8934456292.08,8.93,4.17,80338764.00
2024-03-05,103.62,87055016,9020640757.92,9.02,0.96,76896402.00
2024-03-06,103.99,87055016,9052851113.84,9.05,0.36,95795588.00
2024-03-07,106.67,87055016,9286158556.72,9.29,2.58,91885538.00
2024-03-08,104.53,87055016,9099860822.48,9.10,-2.01,47592509.00
2024-03-11,103.30,87055016,8992783152.80,8.99,-1.18,34243950.00
2024-03-12,103.76,87055016,9032828460.16,9.03,0.45,37747888.00
2024-03-13,103.88,87055016,9043275062.08,9.04,0.12,38259004.00
2024-03-14,104.17,87055016,9068521016.72,9.07,0.28,53907975.00
2024-03-15,103.85,87055016,9040663411.60,9.04,-0.31,83910800.00
2024-03-18,103.93,87055016,9047627812.88,9.05,0.08,30950354.00
2024-03-19,103.83,87055016,9038922311.28,9.04,-0.10,41625447.00
2024-03-20,103.98,87055016,9051980563.68,9.05,0.14,35654742.00
2024-03-21,105.62,87055016,9194750789.92,9.19,1.58,46810784.00
2024-03-22,104.28,87055016,9078097068.48,9.08,-1.27,36935976.00
2024-03-25,104.69,87055016,9113789625.04,9.11,0.39,22592102.00
2024-03-26,103.95,87055016,9049368913.20,9.05,-0.71,41517630.00
2024-03-27,106.21,87055016,9246113249.36,9.25,2.17,48591075.00
2024-03-28,106.82,87055016,9299216809.12,9.30,0.57,36265390.00
2024-04-01,103.85,87055016,9040663411.60,9.04,-2.78,40138025.00
2024-04-02,103.10,87055016,8975372149.60,8.98,-0.72,34352920.00
2024-04-03,103.40,87055016,9001488654.40,9.00,0.29,25601840.00
2024-04-04,102.50,87055016,8923139140.00,8.92,-0.87,29919750.00
2024-04-05,102.90,87055016,8957961146.40,8.96,0.39,27494880.00
2024-04-08,103.13,87055016,8977983800.08,8.98,0.22,25648431.00
2024-04-09,103.81,87055016,9037181210.96,9.04,0.66,35368067.00
2024-04-10,100.44,87055016,8743805807.04,8.74,-3.25,42767352.00
2024-04-11,101.48,87055016,8834343023.68,8.83,1.04,32006792.00
2024-04-12,99.89,87055016,8695925548.24,8.70,-1.57,26840443.00
2024-04-15,99.47,87055016,8659362441.52,8.66,-0.42,31342997.00
2024-04-16,99.54,87055016,8665456292.64,8.67,0.07,34749414.00
2024-04-17,98.97,87055016,8615834933.52,8.62,-0.57,29245635.00
2024-04-18,99.04,87055016,8621928784.64,8.62,0.07,24145952.00
2024-04-19,99.69,87055016,8678514545.04,8.68,0.66,28999821.00
2024-04-22,101.72,87055016,8855236227.52,8.86,2.04,40087852.00
2024-04-23,102.55,87055016,8927491890.80,8.93,0.82,24109505.00
2024-04-24,102.03,87055016,8882223282.48,8.88,-0.51,22732284.00
2024-04-25,100.91,87055016,8784721664.56,8.78,-1.10,33471847.00
2024-04-26,102.31,87055016,8906598686.96,8.91,1.39,19295666.00
2024-04-29,103.22,87055016,8985818751.52,8.99,0.89,21005270.00
2024-04-30,103.63,87055016,9021511308.08,9.02,0.40,57752999.00
2024-05-01,105.11,87055016,9150352731.76,9.15,1.43,92107893.00
2024-05-02,106.16,87055016,9241760498.56,9.24,1.00,126627648.00
2024-05-03,102.94,87055016,8961443347.04,8.96,-3.03,66015422.00
2024-05-06,104.41,87055016,9089414220.56,9.09,1.43,48007718.00
2024-05-07,105.12,87055016,9151223281.92,9.15,0.68,62125920.00
2024-05-08,104.62,87055016,9107695773.92,9.11,-0.48,30486268.00
2024-05-09,106.89,87055016,9305310660.24,9.31,2.17,31126368.00
2024-05-10,107.20,87055016,9332297715.20,9.33,0.29,34228960.00
2024-05-13,106.65,87055016,9284417456.40,9.28,-0.51,36239670.00
2024-05-14,106.92,87055016,9307922310.72,9.31,0.25,34011252.00
2024-05-15,108.97,87055016,9486385093.52,9.49,1.92,45451387.00
2024-05-16,107.54,87055016,9361896420.64,9.36,-1.31,31186600.00
2024-05-17,107.26,87055016,9337521016.16,9.34,-0.26,24948676.00
2024-05-20,108.01,87055016,9402812278.16,9.40,0.70,33418294.00
2024-05-21,108.01,87055016,9402812278.16,9.40,0.00,34703613.00
2024-05-22,106.99,87055016,9314016161.84,9.31,-0.94,43919395.00
2024-05-23,106.16,87055016,9241760498.56,9.24,-0.78,60638592.00
2024-05-24,107.22,87055016,9334038815.52,9.33,1.00,30643476.00
2024-05-28,105.94,87055016,9222608395.04,9.22,-1.19,30563690.00
2024-05-29,103.01,87055016,8967537198.16,8.97,-2.77,57912222.00
2024-05-30,104.46,87055016,9093766971.36,9.09,1.41,40217100.00
2024-05-31,105.65,87055016,9197362440.40,9.20,1.14,42978420.00
2024-06-03,104.78,87055016,9121624576.48,9.12,-0.82,31046314.00
2024-06-04,104.74,87055016,9118142375.84,9.12,-0.04,28091268.00
2024-06-05,104.53,87055016,9099860822.48,9.10,-0.20,24052353.00
2024-06-06,104.53,87055016,9099860822.48,9.10,0.00,19745717.00
2024-06-07,104.53,87055016,9099860822.48,9.10,0.00,23508797.00
2024-06-10,105.10,87055016,9149482181.60,9.15,0.55,37184380.00
2024-06-11,104.76,87055016,9119883476.16,9.12,-0.32,31637520.00
2024-06-12,104.97,87055016,9138165029.52,9.14,0.20,35511351.00
2024-06-13,103.78,87055016,9034569560.48,9.03,-1.13,28030978.00
2024-06-14,102.52,87055016,8924880240.32,8.92,-1.21,30612472.00
2024-06-17,103.46,87055016,9006711955.36,9.01,0.92,34607370.00
2024-06-18,103.77,87055016,9033699010.32,9.03,0.30,26253810.00
2024-06-20,104.04,87055016,9057203864.64,9.06,0.26,34218756.00
2024-06-21,106.14,87055016,9240019398.24,9.24,2.02,105131670.00
2024-06-24,106.68,87055016,9287029106.88,9.29,0.51,42672000.00
2024-06-25,106.57,87055016,9277453055.12,9.28,-0.10,37331471.00
2024-06-26,105.84,87055016,9213902893.44,9.21,-0.68,36123192.00
2024-06-27,107.44,87055016,9353190919.04,9.35,1.51,38420544.00
2024-06-28,108.15,87055016,9414999980.40,9.41,0.66,148933365.00
2024-07-01,106.75,87055016,9293122958.00,9.29,-1.29,37725450.00
2024-07-02,107.28,87055016,9339262116.48,9.34,0.50,26594712.00
2024-07-03,107.41,87055016,9350579268.56,9.35,0.12,13780703.00
2024-07-05,107.25,87055016,9336650466.00,9.34,-0.15,25740000.00
2024-07-08,107.51,87055016,9359284770.16,9.36,0.24,28608411.00
2024-07-09,107.25,87055016,9336650466.00,9.34,-0.24,32679075.00
2024-07-10,106.38,87055016,9260912602.08,9.26,-0.81,48360348.00
2024-07-11,106.34,87055016,9257430401.44,9.26,-0.04,58380660.00
2024-07-12,106.31,87055016,9254818750.96,9.25,-0.03,52655343.00
2024-07-15,106.49,87055016,9270488653.84,9.27,0.17,41818623.00
2024-07-16,108.92,87055016,9482032342.72,9.48,2.28,81646432.00
2024-07-17,107.36,87055016,9346226517.76,9.35,-1.43,37576000.00
2024-07-18,109.05,87055016,9493349494.80,9.49,1.57,62790990.00
2024-07-19,108.48,87055016,9443728135.68,9.44,-0.52,38293440.00
2024-07-22,109.74,87055016,9553417455.84,9.55,1.16,30441876.00
2024-07-23,109.86,87055016,9563864057.76,9.56,0.11,22686090.00
2024-07-24,106.89,87055016,9305310660.24,9.31,-2.70,40671645.00
2024-07-25,106.62,87055016,9281805805.92,9.28,-0.25,49493004.00
2024-07-26,109.00,87055016,9488996744.00,9.49,2.23,23587600.00
2024-07-29,108.39,87055016,9435893184.24,9.44,-0.56,37004346.00
2024-07-30,108.35,87055016,9432410983.60,9.43,-0.04,64511590.00
2024-07-31,108.45,87055016,9441116485.20,9.44,0.09,50624460.00
2024-08-01,107.67,87055016,9373213572.72,9.37,-0.72,46793382.00
2024-08-02,104.56,87055016,9102472472.96,9.10,-2.89,92995664.00
2024-08-05,100.34,87055016,8735100305.44,8.74,-4.04,73709764.00
2024-08-06,101.89,87055016,8870035580.24,8.87,1.54,49314760.00
2024-08-07,103.20,87055016,8984077651.20,8.98,1.29,66801360.00
2024-08-08,105.52,87055016,9186045288.32,9.19,2.25,71437040.00
2024-08-09,104.46,87055016,9093766971.36,9.09,-1.00,49096200.00
2024-08-12,105.29,87055016,9166022634.64,9.17,0.79,41884362.00
2024-08-13,106.58,87055016,9278323605.28,9.28,1.23,38869726.00
2024-08-14,106.88,87055016,9304440110.08,9.30,0.28,39631104.00
2024-08-15,107.68,87055016,9374084122.88,9.37,0.75,43513488.00
2024-08-16,107.85,87055016,9388883475.60,9.39,0.16,32290290.00
2024-08-19,108.30,87055016,9428058232.80,9.43,0.42,33074820.00
2024-08-20,107.51,87055016,9359284770.16,9.36,-0.73,24834810.00
2024-08-21,107.95,87055016,9397588977.20,9.40,0.41,27775535.00
2024-08-22,107.95,87055016,9397588977.20,9.40,0.00,27289760.00
2024-08-23,110.56,87055016,9624802568.96,9.62,2.42,27562608.00
2024-08-26,110.76,87055016,9642213572.16,9.64,0.18,25873536.00
2024-08-27,111.10,87055016,9671812277.60,9.67,0.31,55649990.00
2024-08-28,110.95,87055016,9658754025.20,9.66,-0.14,36269555.00
2024-08-29,112.20,87055016,9767572795.20,9.77,1.13,32885820.00
2024-08-30,113.80,87055016,9906860820.80,9.91,1.43,51380700.00
2024-09-03,112.57,87055016,9799783151.12,9.80,-1.08,33388262.00
2024-09-04,113.78,87055016,9905119720.48,9.91,1.07,68506938.00
2024-09-05,112.53,87055016,9796300950.48,9.80,-1.10,25139202.00
2024-09-06,110.95,87055016,9658754025.20,9.66,-1.40,32308640.00
2024-09-09,111.05,87055016,9667459526.80,9.67,0.09,47140725.00
2024-09-10,111.33,87055016,9691834931.28,9.69,0.25,55230813.00
2024-09-11,112.71,87055016,9811970853.36,9.81,1.24,28842489.00
2024-09-12,115.34,87055016,10040925545.44,10.04,2.33,58165962.00
2024-09-13,117.12,87055016,10195883473.92,10.20,1.54,44025408.00
2024-09-16,118.65,87055016,10329077648.40,10.33,1.31,46617585.00
2024-09-17,117.50,87055016,10228964380.00,10.23,-0.97,59713500.00
2024-09-18,119.77,87055016,10426579266.32,10.43,1.93,65154880.00
2024-09-19,120.37,87055016,10478812275.92,10.48,0.50,80732159.00
2024-09-20,122.14,87055016,10632899654.24,10.63,1.47,147276412.00
2024-09-23,123.69,87055016,10767834929.04,10.77,1.27,72037056.00
2024-09-24,124.01,87055016,10795692534.16,10.80,0.26,49529594.00
2024-09-25,121.37,87055016,10565867291.92,10.57,-2.13,58718806.00
2024-09-26,121.19,87055016,10550197389.04,10.55,-0.15,62970324.00
2024-09-27,121.90,87055016,10612006450.40,10.61,0.59,48162690.00
2024-09-30,122.20,87055016,10638122955.20,10.64,0.25,47706880.00
2024-10-01,120.54,87055016,10493611628.64,10.49,-1.36,30412242.00
2024-10-02,120.28,87055016,10470977324.48,10.47,-0.22,33137140.00
2024-10-03,120.09,87055016,10454436871.44,10.45,-0.16,37780314.00
2024-10-04,121.29,87055016,10558902890.64,10.56,1.00,34846617.00
2024-10-07,120.89,87055016,10524080884.24,10.52,-0.33,35372414.00
2024-10-08,121.58,87055016,10584148845.28,10.58,0.57,30759740.00
2024-10-09,120.66,87055016,10504058230.56,10.50,-0.76,42689508.00
2024-10-10,120.23,87055016,10466624573.68,10.47,-0.36,37487714.00
2024-10-11,122.33,87055016,10649440107.28,10.65,1.75,36332010.00
2024-10-14,124.61,87055016,10847925543.76,10.85,1.86,39787973.00
2024-10-15,126.32,87055016,10996789621.12,11.00,1.37,35634872.00
2024-10-16,124.93,87055016,10875783148.88,10.88,-1.10,42151382.00
2024-10-17,124.36,87055016,10826161789.76,10.83,-0.46,32930528.00
2024-10-18,124.53,87055016,10840961142.48,10.84,0.14,35652939.00
2024-10-21,124.48,87055016,10836608391.68,10.84,-0.04,27759040.00
2024-10-22,124.29,87055016,10820067938.64,10.82,-0.15,28623987.00
2024-10-23,124.23,87055016,10814844637.68,10.81,-0.05,23019819.00
2024-10-24,124.16,87055016,10808750786.56,10.81,-0.06,29053440.00
2024-10-25,123.19,87055016,10724307421.04,10.72,-0.78,23689437.00
2024-10-28,123.33,87055016,10736495123.28,10.74,0.11,33336099.00
2024-10-29,123.17,87055016,10722566320.72,10.72,-0.13,30669330.00
2024-10-30,122.59,87055016,10672074411.44,10.67,-0.47,31873400.00
2024-10-31,120.73,87055016,10510152081.68,10.51,-1.52,39696024.00
2024-11-01,120.05,87055016,10450954670.80,10.45,-0.56,37683695.00
2024-11-04,120.67,87055016,10504928780.72,10.50,0.52,44273823.00
2024-11-05,120.96,87055016,10530174735.36,10.53,0.24,51166080.00
2024-11-06,120.86,87055016,10521469233.76,10.52,-0.08,80226868.00
2024-11-07,123.47,87055016,10748682825.52,10.75,2.16,82749594.00
2024-11-08,117.61,87055016,10238540431.76,10.24,-4.75,129265151.00
2024-11-11,118.94,87055016,10354323603.04,10.35,1.13,80153666.00
2024-11-12,117.94,87055016,10267268587.04,10.27,-0.84,104931218.00
2024-11-13,117.30,87055016,10211553376.80,10.21,-0.54,50767440.00
2024-11-14,116.30,87055016,10124498360.80,10.12,-0.85,47950490.00
2024-11-15,115.57,87055016,10060948199.12,10.06,-0.63,72878442.00
2024-11-18,116.69,87055016,10158449817.04,10.16,0.97,89081146.00
2024-11-19,116.78,87055016,10166284768.48,10.17,0.08,45929574.00
2024-11-20,116.65,87055016,10154967616.40,10.15,-0.11,27891015.00
2024-11-21,118.24,87055016,10293385091.84,10.29,1.36,28164768.00
2024-11-22,119.23,87055016,10379569557.68,10.38,0.84,34230933.00
2024-11-25,122.03,87055016,10623323602.48,10.62,2.35,71582798.00
2024-11-26,121.72,87055016,10596336547.52,10.60,-0.25,100601580.00
2024-11-27,122.22,87055016,10639864055.52,10.64,0.41,64862154.00
2024-11-29,122.58,87055016,10671203861.28,10.67,0.29,29713392.00
2024-12-02,122.23,87055016,10640734605.68,10.64,-0.29,49490927.00
2024-12-03,120.84,87055016,10519728133.44,10.52,-1.14,48565596.00
2024-12-04,121.23,87055016,10553679589.68,10.55,0.32,31168233.00
2024-12-05,120.29,87055016,10471847874.64,10.47,-0.78,41740630.00
2024-12-06,120.02,87055016,10448343020.32,10.45,-0.22,33785630.00
2024-12-09,120.37,87055016,10478812275.92,10.48,0.29,42839683.00
2024-12-10,118.37,87055016,10304702243.92,10.30,-1.66,43856085.00
2024-12-11,118.58,87055016,10322983797.28,10.32,0.18,58234638.00
2024-12-12,117.95,87055016,10268139137.20,10.27,-0.53,44596895.00
2024-12-13,117.99,87055016,10271621337.84,10.27,0.03,36730287.00
2024-12-16,118.80,87055016,10342135900.80,10.34,0.69,42649200.00
2024-12-17,117.52,87055016,10230705480.32,10.23,-1.08,58901024.00
2024-12-18,113.01,87055016,9838087358.16,9.84,-3.84,92600394.00
2024-12-19,113.31,87055016,9864203862.96,9.86,0.27,78931746.00
2024-12-20,113.96,87055016,9920789623.36,9.92,0.57,161697844.00
2024-12-23,114.43,87055016,9961705480.88,9.96,0.41,56860267.00
2024-12-24,114.37,87055016,9956482179.92,9.96,-0.05,31440313.00
2024-12-26,113.98,87055016,9922530723.68,9.92,-0.34,38012330.00
2024-12-27,112.97,87055016,9834605157.52,9.83,-0.89,42510611.00
2024-12-30,112.46,87055016,9790207099.36,9.79,-0.45,37460426.00
2024-12-31,112.80,87055016,9819805804.80,9.82,0.30,43935600.00
2025-01-02,112.13,87055016,9761478944.08,9.76,-0.59,43327032.00
2025-01-03,112.72,87055016,9812841403.52,9.81,0.53,42393992.00
2025-01-06,112.82,87055016,9821546905.12,9.82,0.09,48930034.00
2025-01-07,111.10,87055016,9671812277.60,9.67,-1.52,105267250.00
2025-01-08,111.36,87055016,9694446581.76,9.69,0.23,52506240.00
2025-01-10,109.93,87055016,9569957908.88,9.57,-1.28,30835365.00
2025-01-13,110.82,87055016,9647436873.12,9.65,0.81,35307252.00
2025-01-14,110.64,87055016,9631766970.24,9.63,-0.16,61073280.00
2025-01-15,110.73,87055016,9639601921.68,9.64,0.08,66903066.00
2025-01-16,112.72,87055016,9812841403.52,9.81,1.80,59054008.00
2025-01-17,116.05,87055016,10102734606.80,10.10,2.95,70813710.00
2025-01-21,118.43,87055016,10309925544.88,10.31,2.05,62495511.00
2025-01-22,116.84,87055016,10171508069.44,10.17,-1.34,50837084.00
2025-01-23,117.11,87055016,10195012923.76,10.20,0.23,50357300.00
2025-01-24,118.69,87055016,10332559849.04,10.33,1.35,58442956.00
2025-01-27,118.77,87055016,10339524250.32,10.34,0.07,43089756.00
2025-01-28,117.13,87055016,10196754024.08,10.20,-1.38,29856437.00
2025-01-29,116.33,87055016,10127110011.28,10.13,-0.68,46462202.00
2025-01-30,117.48,87055016,10227223279.68,10.23,0.99,45276792.00
2025-01-31,117.13,87055016,10196754024.08,10.20,-0.30,45118476.00
2025-02-03,115.82,87055016,10082711953.12,10.08,-1.12,35672560.00
2025-02-04,115.91,87055016,10090546904.56,10.09,0.08,31759340.00
2025-02-05,117.07,87055016,10191530723.12,10.19,1.00,28682150.00
2025-02-06,117.26,87055016,10208071176.16,10.21,0.16,26688376.00
2025-02-07,118.35,87055016,10302961143.60,10.30,0.93,44357580.00
2025-02-10,118.77,87055016,10339524250.32,10.34,0.35,41106297.00
2025-02-11,117.44,87055016,10223741079.04,10.22,-1.12,40833888.00
2025-02-12,115.74,87055016,10075747551.84,10.08,-1.45,71423154.00
2025-02-13,119.05,87055016,10363899654.80,10.36,2.86,37679325.00
2025-02-14,120.49,87055016,10489258877.84,10.49,1.21,54184353.00
2025-02-18,123.14,87055016,10719954670.24,10.72,2.20,129617164.00
2025-02-19,122.30,87055016,10646828456.80,10.65,-0.68,138516980.00
2025-02-20,113.33,87055016,9865944963.28,9.87,-7.33,185929198.00
2025-02-21,112.96,87055016,9833734607.36,9.83,-0.33,83240224.00
2025-02-24,114.57,87055016,9973893183.12,9.97,1.43,85068225.00
2025-02-25,116.22,87055016,10117533959.52,10.12,1.44,66164046.00
2025-02-26,113.59,87055016,9888579267.44,9.89,-2.26,67449742.00
2025-02-27,113.19,87055016,9853757261.04,9.85,-0.35,34477674.00
2025-02-28,115.11,87055016,10020902891.76,10.02,1.70,65624211.00
2025-03-03,115.27,87055016,10034831694.32,10.03,0.14,56044274.00
2025-03-04,113.01,87055016,9838087358.16,9.84,-1.96,77106723.00
2025-03-05,115.37,87055016,10043537195.92,10.04,2.09,83574028.00
2025-03-06,114.21,87055016,9942553377.36,9.94,-1.01,61045245.00
2025-03-07,116.08,87055016,10105346257.28,10.11,1.64,49949224.00
2025-03-10,113.41,87055016,9872909364.56,9.87,-2.30,74737190.00
2025-03-11,108.18,87055016,9417611630.88,9.42,-4.61,88112610.00
2025-03-12,105.87,87055016,9216514543.92,9.22,-2.14,83700822.00
2025-03-13,102.52,87055016,8924880240.32,8.92,-3.16,98665248.00
2025-03-14,104.82,87055016,9125106777.12,9.13,2.24,127335336.00
2025-03-17,106.72,87055016,9290511307.52,9.29,1.81,73562096.00
2025-03-18,107.57,87055016,9364508071.12,9.36,0.80,95812599.00
2025-03-19,107.83,87055016,9387142375.28,9.39,0.24,50399742.00
2025-03-20,105.39,87055016,9174728136.24,9.17,-2.26,100921464.00
2025-03-21,104.49,87055016,9096378621.84,9.10,-0.85,126391104.00
2025-03-24,106.06,87055016,9233054996.96,9.23,1.50,60676926.00
2025-03-25,105.99,87055016,9226961145.84,9.23,-0.07,92582265.00
2025-03-26,107.11,87055016,9324462763.76,9.32,1.06,53555000.00
2025-03-27,105.77,87055016,9207809042.32,9.21,-1.25,51414797.00
2025-03-28,105.68,87055016,9199974090.88,9.20,-0.09,41373720.00
2025-03-31,106.92,87055016,9307922310.72,9.31,1.17,49963716.00
2025-04-01,106.53,87055016,9273970854.48,9.27,-0.36,52050558.00
2025-04-02,108.96,87055016,9485514543.36,9.49,2.28,70268304.00
2025-04-03,102.85,87055016,8953608395.60,8.95,-5.61,122679480.00
2025-04-04,98.70,87055016,8592330079.20,8.59,-4.04,117630660.00
2025-04-07,98.56,87055016,8580142376.96,8.58,-0.14,166783232.00
2025-04-08,96.18,87055016,8372951438.88,8.37,-2.41,117676230.00
2025-04-09,106.83,87055016,9300087359.28,9.30,11.07,168161103.00
2025-04-10,103.07,87055016,8972760499.12,8.97,-3.52,139330026.00
2025-04-11,106.20,87055016,9245242699.20,9.25,3.04,105796440.00
2025-04-14,104.47,87055016,9094637521.52,9.09,-1.63,103623793.00
2025-04-15,102.77,87055016,8946643994.32,8.95,-1.63,83253977.00
2025-04-16,100.58,87055016,8755993509.28,8.76,-2.13,78090312.00
2025-04-17,102.42,87055016,8916174738.72,8.92,1.83,62343054.00
2025-04-21,101.12,87055016,8803003217.92,8.80,-1.27,51490304.00
2025-04-22,103.82,87055016,9038051761.12,9.04,2.67,53529592.00
2025-04-23,104.07,87055016,9059815515.12,9.06,0.24,44281785.00
2025-04-24,105.46,87055016,9180821987.36,9.18,1.34,73653264.00
2025-04-25,105.36,87055016,9172116485.76,9.17,-0.09,56399208.00
2025-04-28,106.94,87055016,9309663411.04,9.31,1.50,55138264.00
2025-04-29,107.63,87055016,9369731372.08,9.37,0.65,52534203.00
2025-04-30,106.95,87055016,9310533961.20,9.31,-0.63,77763345.00
2025-05-01,107.13,87055016,9326203864.08,9.33,0.17,101880630.00
2025-05-02,108.94,87055016,9483773443.04,9.48,1.69,88829676.00
2025-05-05,109.19,87055016,9505537197.04,9.51,0.23,50762431.00
2025-05-06,109.05,87055016,9493349494.80,9.49,-0.13,75691605.00
2025-05-07,111.27,87055016,9686611630.32,9.69,2.04,171222276.00
2025-05-08,108.32,87055016,9429799333.12,9.43,-2.65,137826368.00
2025-05-09,107.92,87055016,9394977326.72,9.39,-0.37,101077872.00
2025-05-12,111.45,87055016,9702281533.20,9.70,3.27,71929830.00
2025-05-13,111.72,87055016,9725786387.52,9.73,0.24,70450632.00
2025-05-14,108.76,87055016,9468103540.16,9.47,-2.65,81907156.00
2025-05-15,109.82,87055016,9560381857.12,9.56,0.97,53548232.00
2025-05-16,112.64,87055016,9805877002.24,9.81,2.57,91407360.00
2025-05-19,112.02,87055016,9751902892.32,9.75,-0.55,60255558.00
2025-05-20,111.42,87055016,9699669882.72,9.70,-0.54,60111090.00
2025-05-21,107.98,87055016,9400200627.68,9.40,-3.09,46193844.00
2025-05-22,107.74,87055016,9379307423.84,9.38,-0.22,49463434.00
2025-05-23,108.36,87055016,9433281533.76,9.43,0.58,53833248.00
2025-05-27,111.37,87055016,9695317131.92,9.70,2.78,69350099.00
2025-05-28,111.10,87055016,9671812277.60,9.67,-0.24,40173760.00
2025-05-29,112.47,87055016,9791077649.52,9.79,1.23,51038886.00
2025-05-30,113.27,87055016,9860721662.32,9.86,0.71,99473714.00
2025-06-02,113.14,87055016,9849404510.24,9.85,-0.11,57339352.00
2025-06-03,113.99,87055016,9923401273.84,9.92,0.75,46610511.00
2025-06-04,113.99,87055016,9923401273.84,9.92,0.00,40922410.00
2025-06-05,112.86,87055016,9825029105.76,9.83,-0.99,46430604.00
2025-06-06,113.73,87055016,9900766969.68,9.90,0.77,43865661.00
2025-06-09,113.42,87055016,9873779914.72,9.87,-0.27,44358562.00
2025-06-10,114.34,87055016,9953870529.44,9.95,0.81,34507812.00
2025-06-11,114.34,87055016,9953870529.44,9.95,0.00,38772694.00
2025-06-12,114.13,87055016,9935588976.08,9.94,-0.18,31602597.00
2025-06-13,112.07,87055016,9756255643.12,9.76,-1.80,40244337.00
2025-06-16,113.71,87055016,9899025869.36,9.90,1.46,44210448.00
2025-06-17,113.80,87055016,9906860820.80,9.91,0.08,61702360.00
2025-06-18,114.05,87055016,9928624574.80,9.93,0.22,55941525.00
2025-06-20,114.34,87055016,9953870529.44,9.95,0.25,112213276.00
2025-06-23,115.13,87055016,10022643992.08,10.02,0.69,65957977.00
2025-06-24,115.77,87055016,10078359202.32,10.08,0.56,47500431.00
2025-06-25,113.55,87055016,9885097066.80,9.89,-1.92,58569090.00
2025-06-26,115.36,87055016,10042666645.76,10.04,1.59,47251456.00
2025-06-27,115.06,87055016,10016550140.96,10.02,-0.26,259138132.00
2025-06-30,115.55,87055016,10059207098.80,10.06,0.43,58618515.00
2025-07-01,117.23,87055016,10205459525.68,10.21,1.45,60326558.00
2025-07-02,118.37,87055016,10304702243.92,10.30,0.97,46827172.00
2025-07-03,118.28,87055016,10296867292.48,10.30,-0.08,39564660.00
2025-07-07,116.23,87055016,10118404509.68,10.12,-1.73,58626412.00
2025-07-08,117.66,87055016,10242893182.56,10.24,1.23,68760504.00
2025-07-09,118.52,87055016,10317760496.32,10.32,0.73,55621436.00
2025-07-10,119.31,87055016,10386533958.96,10.39,0.67,71884275.00
2025-07-11,119.65,87055016,10416132664.40,10.42,0.28,39173410.00
2025-07-14,119.96,87055016,10443119719.36,10.44,0.26,34908360.00
2025-07-15,117.62,87055016,10239410981.92,10.24,-1.95,38003022.00
2025-07-16,119.12,87055016,10369993505.92,10.37,1.28,41787296.00
2025-07-17,119.50,87055016,10403074412.00,10.40,0.32,38729950.00
2025-07-18,118.94,87055016,10354323603.04,10.35,-0.47,49919118.00
2025-07-21,118.10,87055016,10281197389.60,10.28,-0.71,30587900.00
2025-07-22,119.17,87055016,10374346256.72,10.37,0.91,50659167.00
2025-07-23,120.21,87055016,10464883473.36,10.46,0.87,43215495.00
2025-07-24,118.99,87055016,10358676353.84,10.36,-1.01,36518031.00
2025-07-25,119.41,87055016,10395239460.56,10.40,0.35,30186848.00
2025-07-28,118.64,87055016,10328207098.24,10.33,-0.64,37763112.00
2025-07-29,118.59,87055016,10323854347.44,10.32,-0.04,38482455.00
2025-07-30,117.02,87055016,10187177972.32,10.19,-1.32,58732338.00
2025-07-31,116.39,87055016,10132333312.24,10.13,-0.54,76829039.00
2025-08-01,115.12,87055016,10021773441.92,10.02,-1.09,100004744.00
2025-08-04,117.78,87055016,10253339784.48,10.25,2.31,45039072.00
2025-08-05,119.57,87055016,10409168263.12,10.41,1.52,51809681.00
2025-08-06,118.59,87055016,10323854347.44,10.32,-0.82,72553362.00
2025-08-07,118.77,87055016,10339524250.32,10.34,0.15,117225990.00
2025-08-08,109.97,87055016,9573440109.52,9.57,-7.41,253106952.00
2025-08-11,109.47,87055016,9529912601.52,9.53,-0.45,90827259.00
2025-08-12,111.68,87055016,9722304186.88,9.72,2.02,61100128.00
2025-08-13,115.68,87055016,10070524250.88,10.07,3.58,96396144.00
2025-08-14,115.41,87055016,10047019396.56,10.05,-0.23,82033428.00
2025-08-15,117.36,87055016,10216776677.76,10.22,1.69,185816088.00
2025-08-18,115.56,87055016,10060077648.96,10.06,-1.53,120737088.00
2025-08-19,114.77,87055016,9991304186.32,9.99,-0.68,83277112.00
2025-08-20,116.74,87055016,10162802567.84,10.16,1.72,84846632.00
2025-08-21,116.55,87055016,10146262114.80,10.15,-0.16,55815795.00
2025-08-22,120.71,87055016,10508410981.36,10.51,3.57,99573679.00
2025-08-25,119.58,87055016,10410038813.28,10.41,-0.94,49673532.00
2025-08-26,119.29,87055016,10384792858.64,10.38,-0.24,67136412.00
2025-08-27,121.44,87055016,10571961143.04,10.57,1.80,104159088.00
2025-08-28,120.09,87055016,10454436871.44,10.45,-1.11,50617935.00
2025-08-29,121.15,87055016,10546715188.40,10.55,0.88,60272125.00
2025-09-02,119.07,87055016,10365640755.12,10.37,-1.72,60177978.00
2025-09-03,120.23,87055016,10466624573.68,10.47,0.97,36285414.00
2025-09-04,121.88,87055016,10610265350.08,10.61,1.37,43791484.00
2025-09-05,121.87,87055016,10609394799.92,10.61,-0.01,41277369.00
2025-09-08,122.11,87055016,10630288003.76,10.63,0.20,59711790.00
2025-09-09,121.81,87055016,10604171498.96,10.60,-0.25,149801938.00
2025-09-10,120.53,87055016,10492741078.48,10.49,-1.05,51779688.00
2025-09-11,122.65,87055016,10677297712.40,10.68,1.76,86689020.00
2025-09-12,121.49,87055016,10576313893.84,10.58,-0.95,36313361.00
2025-09-15,121.62,87055016,10587631045.92,10.59,0.11,54741162.00
2025-09-16,120.31,87055016,10473588974.96,10.47,-1.08,113295927.00
2025-09-17,120.54,87055016,10493611628.64,10.49,0.19,53604138.00
2025-09-18,119.32,87055016,10387404509.12,10.39,-1.01,58419072.00
2025-09-19,119.30,87055016,10385663408.80,10.39,-0.02,119300000.00
2025-09-22,119.76,87055016,10425708716.16,10.43,0.39,37580688.00
2025-09-23,119.86,87055016,10434414217.76,10.43,0.08,40584596.00
2025-09-24,118.59,87055016,10323854347.44,10.32,-1.06,64809435.00
2025-09-25,116.26,87055016,10121016160.16,10.12,-1.96,68419010.00
2025-09-26,117.25,87055016,10207200626.00,10.21,0.85,38223500.00
2025-09-29,116.57,87055016,10148003215.12,10.15,-0.58,49157569.00
2025-09-30,118.01,87055016,10273362438.16,10.27,1.24,56302571.00
2025-10-01,117.92,87055016,10265527486.72,10.27,-0.08,89112144.00
2025-10-02,117.64,87055016,10241152082.24,10.24,-0.24,37409520.00
2025-10-03,118.79,87055016,10341265350.64,10.34,0.98,64253511.00
2025-10-06,117.80,87055016,10255080884.80,10.26,-0.83,41536280.00
2025-10-07,117.10,87055016,10194142373.60,10.19,-0.59,42355070.00
2025-10-08,116.44,87055016,10136686063.04,10.14,-0.56,31334004.00
2025-10-09,114.12,87055016,9934718425.92,9.93,-1.99,41334264.00
2025-10-10,113.10,87055016,9845922309.60,9.85,-0.89,50137230.00
2025-10-13,114.71,87055016,9986080885.36,9.99,1.42,40481159.00
2025-10-14,115.68,87055016,10070524250.88,10.07,0.85,27184800.00
2025-10-15,116.65,87055016,10154967616.40,10.15,0.84,52702470.00
2025-10-16,113.86,87055016,9912084121.76,9.91,-2.39,45122718.00
2025-10-17,114.74,87055016,9988692535.84,9.99,0.77,77013488.00
2025-10-20,115.78,87055016,10079229752.48,10.08,0.91,50329566.00
2025-10-21,116.75,87055016,10163673118.00,10.16,0.84,52502475.00
2025-10-22,116.79,87055016,10167155318.64,10.17,0.03,45174372.00
2025-10-23,115.73,87055016,10074877001.68,10.07,-0.91,39533368.00
2025-10-24,115.86,87055016,10086194153.76,10.09,0.11,30019326.00
2025-10-27,115.70,87055016,10072265351.20,10.07,-0.14,38794210.00
2025-10-28,115.08,87055016,10018291241.28,10.02,-0.54,36595440.00
2025-10-29,112.23,87055016,9770184445.68,9.77,-2.48,42209703.00
2025-10-30,111.93,87055016,9744067940.88,9.74,-0.27,38190516.00
2025-10-31,114.32,87055016,9952129429.12,9.95,2.14,57057112.00
2025-11-03,115.22,87055016,10030478943.52,10.03,0.79,69719622.00
2025-11-04,115.30,87055016,10037443344.80,10.04,0.07,70667370.00
2025-11-05,114.23,87055016,9944294477.68,9.94,-0.93,91795228.00
2025-11-06,115.65,87055016,10067912600.40,10.07,1.24,68661405.00
2025-11-07,121.80,87055016,10603300948.80,10.60,5.32,152201280.00
2025-11-10,120.44,87055016,10484906127.04,10.48,-1.12,65844548.00
2025-11-11,122.88,87055016,10697320366.08,10.70,2.03,88363008.00
2025-11-12,123.48,87055016,10749553375.68,10.75,0.49,81533844.00
2025-11-13,122.97,87055016,10705155317.52,10.71,-0.41,73351605.00
2025-11-14,124.97,87055016,10879265349.52,10.88,1.63,69495817.00
2025-11-17,122.10,87055016,10629417453.60,10.63,-2.30,69914460.00
2025-11-18,124.65,87055016,10851407744.40,10.85,2.09,57700485.00
2025-11-19,122.79,87055016,10689485414.64,10.69,-1.49,55280058.00
2025-11-20,123.19,87055016,10724307421.04,10.72,0.33,40196897.00
2025-11-21,126.55,87055016,11016812274.80,11.02,2.73,46190750.00
2025-11-24,127.35,87055016,11086456287.60,11.09,0.63,75454875.00
2025-11-25,127.77,87055016,11123019394.32,11.12,0.33,47428224.00
2025-11-26,127.65,87055016,11112572792.40,11.11,-0.09,41575605.00
2025-11-28,127.63,87055016,11110831692.08,11.11,-0.02,40190687.00
2025-12-01,127.80,87055016,11125631044.80,11.13,0.13,46800360.00
2025-12-02,127.11,87055016,11065563083.76,11.07,-0.54,59017173.00
2025-12-03,127.47,87055016,11096902889.52,11.10,0.28,45353826.00
2025-12-04,127.73,87055016,11119537193.68,11.12,0.20,31536537.00
2025-12-05,128.07,87055016,11149135899.12,11.15,0.27,57887640.00
2025-12-08,126.76,87055016,11035093828.16,11.04,-1.02,56585664.00
2025-12-09,125.00,87055016,10881877000.00,10.88,-1.39,73087500.00
2025-12-10,125.80,87055016,10951521012.80,10.95,0.64,126240300.00
2025-12-11,124.57,87055016,10844443343.12,10.84,-0.98,62534140.00
2025-12-12,123.39,87055016,10741718424.24,10.74,-0.95,72861795.00
2025-12-15,122.39,87055016,10654663408.24,10.65,-0.81,80055299.00
2025-12-16,123.83,87055016,10780022631.28,10.78,1.18,75833492.00
2025-12-17,125.07,87055016,10887970851.12,10.89,1.00,65586708.00
2025-12-18,124.27,87055016,10818326838.32,10.82,-0.64,79520373.00
2025-12-19,122.73,87055016,10684262113.68,10.68,-1.24,120140397.00
2025-12-22,124.67,87055016,10853148844.72,10.85,1.58,59928869.00
2025-12-23,123.95,87055016,10790469233.20,10.79,-0.58,47658775.00
2025-12-24,123.98,87055016,10793080883.68,10.79,0.02,23258648.00
2025-12-26,123.75,87055016,10773058230.00,10.77,-0.19,24898500.00
2025-12-29,123.32,87055016,10735624573.12,10.74,-0.35,44284212.00
2025-12-30,124.02,87055016,10796563084.32,10.80,0.57,37379628.00
2025-12-31,123.77,87055016,10774799330.32,10.77,-0.20,53691426.00
2026-01-02,121.37,87055016,10565867291.92,10.57,-1.94,64496018.00
2026-01-05,121.74,87055016,10598077647.84,10.60,0.30,58873464.00
2026-01-06,124.46,87055016,10834867291.36,10.83,2.23,66810128.00
2026-01-07,124.37,87055016,10827032339.92,10.83,-0.07,61339284.00
2026-01-08,124.65,87055016,10851407744.40,10.85,0.23,47990250.00
2026-01-09,126.54,87055016,11015941724.64,11.02,1.52,51590358.00
2026-01-12,126.73,87055016,11032482177.68,11.03,0.15,57598785.00
2026-01-13,126.92,87055016,11049022630.72,11.05,0.15,37428708.00
2026-01-14,127.88,87055016,11132595446.08,11.13,0.76,70538608.00
2026-01-15,129.85,87055016,11304093827.60,11.30,1.54,47771815.00
2026-01-16,129.33,87055016,11258825219.28,11.26,-0.40,46649331.00
2026-01-20,127.64,87055016,11111702242.24,11.11,-1.31,68146996.00
2026-01-21,129.07,87055016,11236190915.12,11.24,1.12,101681346.00
2026-01-22,126.81,87055016,11039446578.96,11.04,-1.75,50292846.00
2026-01-23,125.85,87055016,10955873763.60,10.96,-0.76,38447175.00
2026-01-26,125.73,87055016,10945427161.68,10.95,-0.10,32161734.00
2026-01-27,125.33,87055016,10910605155.28,10.91,-0.32,31909018.00
2026-01-28,124.30,87055016,10820938488.80,10.82,-0.82,40322920.00
2026-01-29,125.16,87055016,10895805802.56,10.90,0.69,49212912.00
2026-01-30,125.47,87055016,10922792857.52,10.92,0.25,51994768.00
2026-02-02,124.96,87055016,10878394799.36,10.88,-0.41,64479360.00
2026-02-03,123.27,87055016,10731271822.32,10.73,-1.35,44870280.00
2026-02-04,125.47,87055016,10922792857.52,10.92,1.78,59598250.00
2026-02-05,128.22,87055016,11162194151.52,11.16,2.19,80714490.00
2026-02-06,130.28,87055016,11341527484.48,11.34,1.61,85567904.00
2026-02-09,129.49,87055016,11272754021.84,11.27,-0.61,81734088.00
2026-02-10,132.49,87055016,11533919069.84,11.53,2.32,86303986.00
2026-02-11,129.70,87055016,11291035575.20,11.29,-2.11,57898080.00
2026-02-12,128.39,87055016,11176993504.24,11.18,-1.01,69574541.00
2026-02-13,128.87,87055016,11218779911.92,11.22,0.37,58249240.00
2026-02-17,129.63,87055016,11284941724.08,11.28,0.59,69922422.00
2026-02-18,130.77,87055016,11384184442.32,11.38,0.88,91983618.00
2026-02-19,129.89,87055016,11307576028.24,11.31,-0.67,76232441.00
2026-02-20,131.01,87055016,11405077646.16,11.41,0.86,151565469.00
2026-02-23,129.10,87055016,11238802565.60,11.24,-1.46,87181230.00
2026-02-24,131.14,87055016,11416394798.24,11.42,1.58,64770046.00
2026-02-25,132.03,87055016,11493873762.48,11.49,0.68,89952039.00
2026-02-26,132.70,87055016,11552200623.20,11.55,0.51,106584640.00
2026-02-27,134.69,87055016,11725440105.04,11.73,1.50,121382628.00
2026-03-02,136.10,87055016,11848187677.60,11.85,1.05,85593290.00
2026-03-03,136.00,87055016,11839482176.00,11.84,-0.07,101945600.00
2026-03-04,136.04,87055016,11842964376.64,11.84,0.03,61775764.00
2026-03-05,135.39,87055016,11786378616.24,11.79,-0.48,65068434.00
2026-03-06,133.03,87055016,11580928778.48,11.58,-1.74,53172091.00
2026-03-09,133.01,87055016,11579187678.16,11.58,-0.02,88691068.00
2026-03-10,132.69,87055016,11551330073.04,11.55,-0.24,84563337.00
2026-03-11,131.70,87055016,11465145607.20,11.47,-0.75,57987510.00
2026-03-12,130.96,87055016,11400724895.36,11.40,-0.56,67156288.00
2026-03-13,131.17,87055016,11419006448.72,11.42,0.16,52559819.00
2026-03-16,132.30,87055016,11517378616.80,11.52,0.86,61479810.00
2026-03-17,132.71,87055016,11553071173.36,11.55,0.31,55021566.00
2026-03-18,129.16,87055016,11244025866.56,11.24,-2.68,87815884.00
2026-03-19,126.09,87055016,10976766967.44,10.98,-2.38,93747915.00
2026-03-20,123.28,87055016,10732142372.48,10.73,-2.23,134584776.00
2026-03-23,125.80,87055016,10951521012.80,10.95,2.04,128819200.00
2026-03-24,126.20,87055016,10986343019.20,10.99,0.32,76477200.00
2026-03-25,125.16,87055016,10895805802.56,10.90,-0.82,53643576.00
2026-03-26,125.18,87055016,10897546902.88,10.90,0.02,57707980.00
2026-03-27,122.49,87055016,10663368909.84,10.66,-2.15,83048220.00
2026-03-30,122.43,87055016,10658145608.88,10.66,-0.05,100845591.00
2026-03-31,125.35,87055016,10912346255.60,10.91,2.39,121439080.00
2026-04-01,124.70,87055016,10855760495.20,10.86,-0.52,68846870.00
2026-04-02,126.32,87055016,10996789621.12,11.00,1.30,67353824.00
2026-04-06,126.86,87055016,11043799329.76,11.04,0.43,42168264.00
2026-04-07,127.44,87055016,11094291239.04,11.09,0.46,46197000.00
2026-04-08,130.75,87055016,11382443342.00,11.38,2.60,87785550.00
2026-04-09,131.49,87055016,11446864053.84,11.45,0.57,53647920.00
2026-04-10,132.05,87055016,11495614862.80,11.50,0.43,28892540.00
2026-04-13,131.54,87055016,11451216804.64,11.45,-0.39,41606102.00
2026-04-14,133.23,87055016,11598339781.68,11.60,1.28,64589904.00
2026-04-15,132.98,87055016,11576576027.68,11.58,-0.19,61130906.00
2026-04-16,133.75,87055016,11643608390.00,11.64,0.58,53446500.00
2026-04-17,133.64,87055016,11634032338.24,11.63,-0.08,80397824.00
2026-04-20,133.78,87055016,11646220040.48,11.65,0.10,74020474.00
2026-04-21,132.61,87055016,11544365671.76,11.54,-0.87,64289328.00
2026-04-22,132.17,87055016,11506061464.72,11.51,-0.33,62040598.00
2026-04-23,131.85,87055016,11478203859.60,11.48,-0.24,54467235.00
2026-04-24,132.96,87055016,11574834927.36,11.57,0.84,63807504.00
2026-04-27,134.34,87055016,11694970849.44,11.69,1.04,69494082.00
2026-04-28,133.48,87055016,11620103535.68,11.62,-0.64,47999408.00
2026-04-29,134.57,87055016,11714993503.12,11.71,0.82,63866922.00
2026-04-30,136.41,87055016,11875174732.56,11.88,1.37,68777922.00
2026-05-01,138.90,87055016,12091941722.40,12.09,1.83,127260180.00
2026-05-04,138.08,87055016,12020556609.28,12.02,-0.59,99762800.00
2026-05-05,137.09,87055016,11934372143.44,11.93,-0.72,83624900.00
2026-05-06,139.69,87055016,12160715185.04,12.16,1.90,110285255.00
2026-05-07,149.63,87055016,13026042044.08,13.03,7.12,214793865.00
2026-05-08,156.29,87055016,13605828450.64,13.61,4.45,210491372.00
2026-05-11,150.68,87055016,13117449810.88,13.12,-3.59,173131320.00
2026-05-12,146.01,87055016,12710902886.16,12.71,-3.10,149835462.00
2026-05-13,145.10,87055016,12631682821.60,12.63,-0.62,175034130.00
2026-05-14,145.88,87055016,12699585734.08,12.70,0.54,101634596.00
2026-05-15,144.03,87055016,12538533954.48,12.54,-1.27,96831369.00
2026-05-18,145.96,87055016,12706550135.36,12.71,1.34,128152880.00
2026-05-19,147.86,87055016,12871954665.76,12.87,1.30,98267756.00
2026-05-20,150.23,87055016,13078275053.68,13.08,1.60,73207079.00
2026-05-21,151.03,87055016,13147919066.48,13.15,0.53,68522311.00
2026-05-22,151.51,87055016,13189705474.16,13.19,0.32,79315485.00
2026-05-26,152.52,87055016,13277631040.32,13.28,0.67,80622072.00
2026-05-27,150.49,87055016,13100909357.84,13.10,-1.33,77381958.00
2026-05-28,150.54,87055016,13105262108.64,13.11,0.03,54886884.00
2026-05-29,150.88,87055016,13134860814.08,13.13,0.23,77476880.00
2026-06-01,148.91,87055016,12963362432.56,12.96,-1.31,83970349.00
2026-06-02,148.92,87055016,12964232982.72,12.96,0.01,67847952.00
2026-06-03,148.04,87055016,12887624568.64,12.89,-0.59,75381968.00
2026-06-04,149.37,87055016,13003407739.92,13.00,0.90,59210268.00
2026-06-05,149.85,87055016,13045194147.60,13.05,0.32,54410535.00
2026-06-08,148.14,87055016,12896330070.24,12.90,-1.14,81773280.00
2026-06-09,148.98,87055016,12969456283.68,12.97,0.57,95049240.00
2026-06-10,149.18,87055016,12986867286.88,12.99,0.13,74246886.00
2026-06-11,150.78,87055016,13126155312.48,13.13,1.07,64805244.00
2026-06-12,152.75,87055016,13297653694.00,13.30,1.31,80896400.00
2026-06-15,152.88,87055016,13308970846.08,13.31,0.09,80720640.00
2026-06-16,150.99,87055016,13144436865.84,13.14,-1.24,95606868.00
2026-06-17,149.10,87055016,12979902885.60,12.98,-1.25,103937610.00
2026-06-18,149.65,87055016,13027783144.40,13.03,0.37,168580725.00
2026-06-22,151.75,87055016,13210598678.00,13.21,1.40,106058075.00
2026-06-23,152.38,87055016,13265443338.08,13.27,0.42,85622322.00
