Date,MACD_Line,MACD_Signal,MACD_Histogram,MACD_Sinal
2021-03-19,0.00,0.00,0.00,Neutro
2021-03-22,0.57,0.11,0.46,Compra
2021-03-23,0.06,0.10,-0.04,Venda
2021-03-24,-3.25,-0.57,-2.68,Venda
2021-03-25,-6.04,-1.66,-4.38,Venda
2021-03-26,-3.64,-2.06,-1.58,Venda
2021-03-29,-2.67,-2.18,-0.49,Venda
2021-03-30,-5.43,-2.83,-2.60,Venda
2021-03-31,-6.19,-3.50,-2.69,Venda
2021-04-01,-8.94,-4.59,-4.35,Venda
2021-04-05,-9.48,-5.57,-3.91,Venda
2021-04-06,-10.24,-6.50,-3.74,Venda
2021-04-07,-13.42,-7.89,-5.53,Venda
2021-04-08,-16.43,-9.59,-6.84,Venda
2021-04-09,-18.94,-11.46,-7.48,Venda
2021-04-12,-20.83,-13.34,-7.49,Venda
2021-04-13,-23.80,-15.43,-8.37,Venda
2021-04-14,-27.23,-17.79,-9.44,Venda
2021-04-15,-31.71,-20.57,-11.14,Venda
2021-04-16,-34.35,-23.33,-11.02,Venda
2021-04-19,-36.84,-26.03,-10.81,Venda
2021-04-20,-37.86,-28.40,-9.46,Venda
2021-04-21,-40.14,-30.75,-9.39,Venda
2021-04-22,-42.76,-33.15,-9.61,Venda
2021-04-23,-44.59,-35.44,-9.15,Venda
2021-04-26,-45.01,-37.35,-7.66,Venda
2021-04-27,-44.38,-38.76,-5.62,Venda
2021-04-28,-42.11,-39.43,-2.68,Venda
2021-04-29,-38.10,-39.16,1.06,Compra
2021-04-30,-32.28,-37.79,5.51,Compra
2021-05-03,-26.48,-35.52,9.04,Compra
2021-05-04,-21.73,-32.77,11.04,Compra
2021-05-05,-18.59,-29.93,11.34,Compra
2021-05-06,-19.29,-27.80,8.51,Compra
2021-05-07,-18.72,-25.99,7.27,Compra
2021-05-10,-19.97,-24.78,4.81,Compra
2021-05-11,-23.12,-24.45,1.33,Compra
2021-05-12,-26.62,-24.88,-1.74,Venda
2021-05-13,-27.62,-25.43,-2.19,Venda
2021-05-14,-25.44,-25.43,-0.01,Venda
2021-05-17,-21.22,-24.59,3.37,Compra
2021-05-18,-16.32,-22.94,6.62,Compra
2021-05-19,-17.02,-21.75,4.73,Compra
2021-05-20,-15.18,-20.44,5.26,Compra
2021-05-21,-13.96,-19.14,5.18,Compra
2021-05-24,-13.44,-18.00,4.56,Compra
2021-05-25,-14.53,-17.31,2.78,Compra
2021-05-26,-14.98,-16.84,1.86,Compra
2021-05-27,-14.28,-16.33,2.05,Compra
2021-05-28,-13.41,-15.75,2.34,Compra
2021-06-01,-13.54,-15.30,1.76,Compra
2021-06-02,-15.07,-15.26,0.19,Compra
2021-06-03,-17.16,-15.64,-1.52,Venda
2021-06-04,-18.57,-16.22,-2.35,Venda
2021-06-07,-18.82,-16.74,-2.08,Venda
2021-06-08,-19.84,-17.36,-2.48,Venda
2021-06-09,-20.41,-17.97,-2.44,Venda
2021-06-10,-18.33,-18.04,-0.29,Venda
2021-06-11,-16.09,-17.65,1.56,Compra
2021-06-14,-14.89,-17.10,2.21,Compra
2021-06-15,-11.83,-16.05,4.22,Compra
2021-06-16,-9.88,-14.81,4.93,Compra
2021-06-17,-7.18,-13.29,6.11,Compra
2021-06-18,-5.04,-11.64,6.60,Compra
2021-06-21,-2.33,-9.78,7.45,Compra
2021-06-22,-0.99,-8.02,7.03,Compra
2021-06-23,-0.32,-6.48,6.16,Compra
2021-06-24,2.77,-4.63,7.40,Compra
2021-06-25,4.38,-2.83,7.21,Compra
2021-06-28,5.89,-1.08,6.97,Compra
2021-06-29,5.67,0.27,5.40,Compra
2021-06-30,6.98,1.61,5.37,Compra
2021-07-01,9.03,3.09,5.94,Compra
2021-07-02,10.64,4.60,6.04,Compra
2021-07-06,11.53,5.99,5.54,Compra
2021-07-07,12.35,7.26,5.09,Compra
2021-07-08,12.02,8.21,3.81,Compra
2021-07-09,12.30,9.03,3.27,Compra
2021-07-12,12.31,9.69,2.62,Compra
2021-07-13,11.24,10.00,1.24,Compra
2021-07-14,9.50,9.90,-0.40,Venda
2021-07-15,8.07,9.53,-1.46,Venda
2021-07-16,6.87,9.00,-2.13,Venda
2021-07-19,5.46,8.29,-2.83,Venda
2021-07-20,5.42,7.72,-2.30,Venda
2021-07-21,5.56,7.29,-1.73,Venda
2021-07-22,5.44,6.92,-1.48,Venda
2021-07-23,5.31,6.60,-1.29,Venda
2021-07-26,3.22,5.92,-2.70,Venda
2021-07-27,-1.31,4.47,-5.78,Venda
2021-07-28,-4.15,2.75,-6.90,Venda
2021-07-29,-7.36,0.73,-8.09,Venda
2021-07-30,-11.64,-1.75,-9.89,Venda
2021-08-02,-14.27,-4.25,-10.02,Venda
2021-08-03,-14.72,-6.34,-8.38,Venda
2021-08-04,-15.59,-8.19,-7.40,Venda
2021-08-05,-15.80,-9.71,-6.09,Venda
2021-08-06,-14.15,-10.60,-3.55,Venda
2021-08-09,-13.07,-11.10,-1.97,Venda
2021-08-10,-12.79,-11.43,-1.36,Venda
2021-08-11,-12.67,-11.68,-0.99,Venda
2021-08-12,-12.15,-11.78,-0.37,Venda
2021-08-13,-11.47,-11.71,0.24,Compra
2021-08-16,-11.26,-11.62,0.36,Compra
2021-08-17,-11.06,-11.51,0.45,Compra
2021-08-18,-10.98,-11.40,0.42,Compra
2021-08-19,-10.91,-11.31,0.40,Compra
2021-08-20,-9.58,-10.96,1.38,Compra
2021-08-23,-7.52,-10.27,2.75,Compra
2021-08-24,-5.05,-9.23,4.18,Compra
2021-08-25,-1.31,-7.64,6.33,Compra
2021-08-26,2.72,-5.57,8.29,Compra
2021-08-27,6.57,-3.14,9.71,Compra
2021-08-30,7.55,-1.00,8.55,Compra
2021-08-31,8.37,0.87,7.50,Compra
2021-09-01,9.29,2.55,6.74,Compra
2021-09-02,12.18,4.48,7.70,Compra
2021-09-03,15.86,6.76,9.10,Compra
2021-09-07,17.66,8.94,8.72,Compra
2021-09-08,16.79,10.51,6.28,Compra
2021-09-09,16.12,11.63,4.49,Compra
2021-09-10,13.70,12.04,1.66,Compra
2021-09-13,10.66,11.77,-1.11,Venda
2021-09-14,5.69,10.55,-4.86,Venda
2021-09-15,6.08,9.66,-3.58,Venda
2021-09-16,5.26,8.78,-3.52,Venda
2021-09-17,6.46,8.31,-1.85,Venda
2021-09-20,8.23,8.30,-0.07,Venda
2021-09-21,10.56,8.75,1.81,Compra
2021-09-22,13.11,9.62,3.49,Compra
2021-09-23,15.36,10.77,4.59,Compra
2021-09-24,19.08,12.43,6.65,Compra
2021-09-27,22.07,14.36,7.71,Compra
2021-09-28,23.85,16.26,7.59,Compra
2021-09-29,20.46,17.10,3.36,Compra
2021-09-30,13.77,16.43,-2.66,Venda
2021-10-01,10.37,15.22,-4.85,Venda
2021-10-04,6.18,13.41,-7.23,Venda
2021-10-05,2.46,11.22,-8.76,Venda
2021-10-06,-1.19,8.74,-9.93,Venda
2021-10-07,-3.14,6.36,-9.50,Venda
2021-10-08,-4.92,4.11,-9.03,Venda
2021-10-11,-6.62,1.96,-8.58,Venda
2021-10-12,-7.27,0.12,-7.39,Venda
2021-10-13,-7.51,-1.41,-6.10,Venda
2021-10-14,-7.75,-2.68,-5.07,Venda
2021-10-15,-8.19,-3.78,-4.41,Venda
2021-10-18,-8.44,-4.71,-3.73,Venda
2021-10-19,-8.24,-5.42,-2.82,Venda
2021-10-20,-8.13,-5.96,-2.17,Venda
2021-10-21,-7.77,-6.32,-1.45,Venda
2021-10-22,-7.28,-6.51,-0.77,Venda
2021-10-25,-6.59,-6.53,-0.06,Venda
2021-10-26,-4.60,-6.14,1.54,Compra
2021-10-27,-3.27,-5.57,2.30,Compra
2021-10-28,-0.70,-4.59,3.89,Compra
2021-10-29,1.97,-3.28,5.25,Compra
2021-11-01,5.70,-1.49,7.19,Compra
2021-11-02,8.84,0.58,8.26,Compra
2021-11-03,11.05,2.67,8.38,Compra
2021-11-04,12.80,4.70,8.10,Compra
2021-11-05,14.43,6.65,7.78,Compra
2021-11-08,16.59,8.63,7.96,Compra
2021-11-09,16.50,10.21,6.29,Compra
2021-11-10,15.24,11.21,4.03,Compra
2021-11-11,16.27,12.23,4.04,Compra
2021-11-12,14.40,12.66,1.74,Compra
2021-11-15,13.19,12.77,0.42,Compra
2021-11-16,14.01,13.01,1.00,Compra
2021-11-17,13.44,13.10,0.34,Compra
2021-11-18,14.15,13.31,0.84,Compra
2021-11-19,14.43,13.53,0.90,Compra
2021-11-22,9.80,12.79,-2.99,Venda
2021-11-23,2.93,10.82,-7.89,Venda
2021-11-24,1.54,8.96,-7.42,Venda
2021-11-26,1.24,7.42,-6.18,Venda
2021-11-29,3.27,6.59,-3.32,Venda
2021-11-30,5.12,6.29,-1.17,Venda
2021-12-01,6.04,6.24,-0.20,Venda
2021-12-02,7.00,6.39,0.61,Compra
2021-12-03,4.58,6.03,-1.45,Venda
2021-12-06,2.42,5.31,-2.89,Venda
2021-12-07,4.72,5.19,-0.47,Venda
2021-12-08,6.36,5.43,0.93,Compra
2021-12-09,6.08,5.56,0.52,Compra
2021-12-10,3.50,5.14,-1.64,Venda
2021-12-13,0.71,4.26,-3.55,Venda
2021-12-14,-4.40,2.53,-6.93,Venda
2021-12-15,-7.07,0.61,-7.68,Venda
2021-12-16,-12.05,-1.92,-10.13,Venda
2021-12-17,-16.61,-4.86,-11.75,Venda
2021-12-20,-20.68,-8.03,-12.65,Venda
2021-12-21,-24.03,-11.23,-12.80,Venda
2021-12-22,-26.37,-14.25,-12.12,Venda
2021-12-23,-26.70,-16.74,-9.96,Venda
2021-12-27,-26.37,-18.67,-7.70,Venda
2021-12-28,-25.10,-19.96,-5.14,Venda
2021-12-29,-24.16,-20.80,-3.36,Venda
2021-12-30,-22.78,-21.19,-1.59,Venda
2021-12-31,-20.90,-21.13,0.23,Compra
2022-01-03,-17.61,-20.43,2.82,Compra
2022-01-04,-16.11,-19.57,3.46,Compra
2022-01-05,-16.81,-19.01,2.20,Compra
2022-01-06,-18.37,-18.89,0.52,Compra
2022-01-07,-20.78,-19.26,-1.52,Venda
2022-01-10,-22.92,-20.00,-2.92,Venda
2022-01-11,-23.88,-20.77,-3.11,Venda
2022-01-12,-25.07,-21.63,-3.44,Venda
2022-01-13,-26.28,-22.56,-3.72,Venda
2022-01-14,-26.47,-23.34,-3.13,Venda
2022-01-18,-28.29,-24.33,-3.96,Venda
2022-01-19,-29.28,-25.32,-3.96,Venda
2022-01-20,-29.65,-26.19,-3.46,Venda
2022-01-21,-29.64,-26.88,-2.76,Venda
2022-01-24,-28.17,-27.14,-1.03,Venda
2022-01-25,-29.15,-27.54,-1.61,Venda
2022-01-26,-31.25,-28.28,-2.97,Venda
2022-01-27,-33.11,-29.25,-3.86,Venda
2022-01-28,-33.44,-30.09,-3.35,Venda
2022-01-31,-32.25,-30.52,-1.73,Venda
2022-02-01,-29.99,-30.41,0.42,Compra
2022-02-02,-28.80,-30.09,1.29,Compra
2022-02-03,-28.20,-29.71,1.51,Compra
2022-02-04,-26.94,-29.16,2.22,Compra
2022-02-07,-25.05,-28.34,3.29,Compra
2022-02-08,-24.15,-27.50,3.35,Compra
2022-02-09,-22.74,-26.55,3.81,Compra
2022-02-10,-21.17,-25.47,4.30,Compra
2022-02-11,-19.39,-24.26,4.87,Compra
2022-02-14,-18.08,-23.02,4.94,Compra
2022-02-15,-15.69,-21.55,5.86,Compra
2022-02-16,-13.19,-19.88,6.69,Compra
2022-02-17,-12.52,-18.41,5.89,Compra
2022-02-18,-13.79,-17.49,3.70,Compra
2022-02-22,-15.35,-17.06,1.71,Compra
2022-02-23,-17.58,-17.16,-0.42,Venda
2022-02-24,-17.69,-17.27,-0.42,Venda
2022-02-25,-16.84,-17.18,0.34,Compra
2022-02-28,-16.10,-16.97,0.87,Compra
2022-03-01,-16.14,-16.80,0.66,Compra
2022-03-02,-15.82,-16.60,0.78,Compra
2022-03-03,-16.44,-16.57,0.13,Compra
2022-03-04,-18.41,-16.94,-1.47,Venda
2022-03-07,-19.97,-17.55,-2.42,Venda
2022-03-08,-20.33,-18.10,-2.23,Venda
2022-03-09,-19.21,-18.32,-0.89,Venda
2022-03-10,-17.41,-18.14,0.73,Compra
2022-03-11,-16.05,-17.72,1.67,Compra
2022-03-14,-15.32,-17.24,1.92,Compra
2022-03-15,-14.08,-16.61,2.53,Compra
2022-03-16,-11.91,-15.67,3.76,Compra
2022-03-17,-9.90,-14.52,4.62,Compra
2022-03-18,-7.27,-13.07,5.80,Compra
2022-03-21,-6.18,-11.69,5.51,Compra
2022-03-22,-4.70,-10.29,5.59,Compra
2022-03-23,-3.63,-8.96,5.33,Compra
2022-03-24,-1.81,-7.53,5.72,Compra
2022-03-25,-0.87,-6.20,5.33,Compra
2022-03-28,-0.24,-5.01,4.77,Compra
2022-03-29,1.76,-3.65,5.41,Compra
2022-03-30,2.83,-2.36,5.19,Compra
2022-03-31,2.16,-1.45,3.61,Compra
2022-04-01,2.26,-0.71,2.97,Compra
2022-04-04,2.06,-0.16,2.22,Compra
2022-04-05,1.40,0.15,1.25,Compra
2022-04-06,0.76,0.28,0.48,Compra
2022-04-07,-0.77,0.07,-0.84,Venda
2022-04-08,-2.86,-0.52,-2.34,Venda
2022-04-11,-5.00,-1.41,-3.59,Venda
2022-04-12,-6.25,-2.38,-3.87,Venda
2022-04-13,-6.33,-3.17,-3.16,Venda
2022-04-14,-7.31,-4.00,-3.31,Venda
2022-04-18,-8.63,-4.93,-3.70,Venda
2022-04-19,-9.44,-5.83,-3.61,Venda
2022-04-20,-9.92,-6.65,-3.27,Venda
2022-04-21,-10.98,-7.51,-3.47,Venda
2022-04-22,-11.73,-8.36,-3.37,Venda
2022-04-25,-12.19,-9.12,-3.07,Venda
2022-04-26,-13.05,-9.91,-3.14,Venda
2022-04-27,-13.35,-10.60,-2.75,Venda
2022-04-28,-14.21,-11.32,-2.89,Venda
2022-04-29,-15.65,-12.19,-3.46,Venda
2022-05-02,-15.91,-12.93,-2.98,Venda
2022-05-03,-16.24,-13.59,-2.65,Venda
2022-05-04,-16.28,-14.13,-2.15,Venda
2022-05-05,-16.85,-14.67,-2.18,Venda
2022-05-06,-17.67,-15.27,-2.40,Venda
2022-05-09,-18.90,-16.00,-2.90,Venda
2022-05-10,-19.36,-16.67,-2.69,Venda
2022-05-11,-20.07,-17.35,-2.72,Venda
2022-05-12,-19.86,-17.85,-2.01,Venda
2022-05-13,-19.26,-18.13,-1.13,Venda
2022-05-16,-17.69,-18.05,0.36,Compra
2022-05-17,-15.30,-17.50,2.20,Compra
2022-05-18,-13.86,-16.77,2.91,Compra
2022-05-19,-12.52,-15.92,3.40,Compra
2022-05-20,-11.09,-14.95,3.86,Compra
2022-05-23,-8.97,-13.76,4.79,Compra
2022-05-24,-6.78,-12.36,5.58,Compra
2022-05-25,-4.41,-10.77,6.36,Compra
2022-05-26,-3.33,-9.28,5.95,Compra
2022-05-27,-5.53,-8.53,3.00,Compra
2022-05-31,-7.18,-8.26,1.08,Compra
2022-06-01,-8.64,-8.34,-0.30,Venda
2022-06-02,-9.64,-8.60,-1.04,Venda
2022-06-03,-10.10,-8.90,-1.20,Venda
2022-06-06,-10.46,-9.21,-1.25,Venda
2022-06-07,-10.26,-9.42,-0.84,Venda
2022-06-08,-9.95,-9.53,-0.42,Venda
2022-06-09,-10.28,-9.68,-0.60,Venda
2022-06-10,-10.87,-9.92,-0.95,Venda
2022-06-13,-12.13,-10.36,-1.77,Venda
2022-06-14,-13.01,-10.89,-2.12,Venda
2022-06-15,-13.41,-11.39,-2.02,Venda
2022-06-16,-14.79,-12.07,-2.72,Venda
2022-06-17,-14.94,-12.65,-2.29,Venda
2022-06-21,-14.86,-13.09,-1.77,Venda
2022-06-22,-14.43,-13.36,-1.07,Venda
2022-06-23,-13.18,-13.32,0.14,Compra
2022-06-24,-12.35,-13.13,0.78,Compra
2022-06-27,-12.00,-12.90,0.90,Compra
2022-06-28,-11.67,-12.66,0.99,Compra
2022-06-29,-11.56,-12.44,0.88,Compra
2022-06-30,-11.32,-12.21,0.89,Compra
2022-07-01,-10.79,-11.93,1.14,Compra
2022-07-05,-9.61,-11.46,1.85,Compra
2022-07-06,-8.01,-10.77,2.76,Compra
2022-07-07,-5.96,-9.81,3.85,Compra
2022-07-08,-4.36,-8.72,4.36,Compra
2022-07-11,-3.65,-7.71,4.06,Compra
2022-07-12,-3.10,-6.79,3.69,Compra
2022-07-13,-2.00,-5.83,3.83,Compra
2022-07-14,-0.99,-4.86,3.87,Compra
2022-07-15,-0.39,-3.97,3.58,Compra
2022-07-18,-0.31,-3.24,2.93,Compra
2022-07-19,0.52,-2.48,3.00,Compra
2022-07-20,1.78,-1.63,3.41,Compra
2022-07-21,2.69,-0.77,3.46,Compra
2022-07-22,2.71,-0.07,2.78,Compra
2022-07-25,2.99,0.54,2.45,Compra
2022-07-26,2.82,1.00,1.82,Compra
2022-07-27,2.64,1.33,1.31,Compra
2022-07-28,2.26,1.51,0.75,Compra
2022-07-29,1.62,1.53,0.09,Compra
2022-08-01,0.30,1.29,-0.99,Venda
2022-08-02,-0.09,1.01,-1.10,Venda
2022-08-03,0.10,0.83,-0.73,Venda
2022-08-04,0.67,0.80,-0.13,Venda
2022-08-05,1.53,0.94,0.59,Compra
2022-08-08,2.45,1.25,1.20,Compra
2022-08-09,3.00,1.60,1.40,Compra
2022-08-10,3.70,2.02,1.68,Compra
2022-08-11,4.45,2.50,1.95,Compra
2022-08-12,5.22,3.05,2.17,Compra
2022-08-15,6.44,3.73,2.71,Compra
2022-08-16,7.16,4.41,2.75,Compra
2022-08-17,7.07,4.94,2.13,Compra
2022-08-18,6.04,5.16,0.88,Compra
2022-08-19,4.11,4.95,-0.84,Venda
2022-08-22,1.82,4.33,-2.51,Venda
2022-08-23,0.13,3.49,-3.36,Venda
2022-08-24,-0.67,2.66,-3.33,Venda
2022-08-25,-1.30,1.86,-3.16,Venda
2022-08-26,-2.61,0.97,-3.58,Venda
2022-08-29,-3.71,0.03,-3.74,Venda
2022-08-30,-4.62,-0.90,-3.72,Venda
2022-08-31,-4.96,-1.71,-3.25,Venda
2022-09-01,-4.98,-2.36,-2.62,Venda
2022-09-02,-5.06,-2.90,-2.16,Venda
2022-09-06,-4.98,-3.32,-1.66,Venda
2022-09-07,-4.30,-3.51,-0.79,Venda
2022-09-08,-2.85,-3.38,0.53,Compra
2022-09-09,-1.56,-3.02,1.46,Compra
2022-09-12,-0.82,-2.58,1.76,Compra
2022-09-13,-0.91,-2.24,1.33,Compra
2022-09-14,-0.70,-1.94,1.24,Compra
2022-09-15,-0.85,-1.72,0.87,Compra
2022-09-16,-1.60,-1.69,0.09,Compra
2022-09-19,-2.75,-1.91,-0.84,Venda
2022-09-20,-3.61,-2.25,-1.36,Venda
2022-09-21,-4.14,-2.63,-1.51,Venda
2022-09-22,-4.53,-3.01,-1.52,Venda
2022-09-23,-4.85,-3.37,-1.48,Venda
2022-09-26,-5.41,-3.78,-1.63,Venda
2022-09-27,-5.58,-4.14,-1.44,Venda
2022-09-28,-4.82,-4.28,-0.54,Venda
2022-09-29,-4.55,-4.33,-0.22,Venda
2022-09-30,-4.64,-4.39,-0.25,Venda
2022-10-03,-4.64,-4.44,-0.20,Venda
2022-10-04,-3.95,-4.34,0.39,Compra
2022-10-05,-3.36,-4.15,0.79,Compra
2022-10-06,-2.74,-3.87,1.13,Compra
2022-10-07,-2.84,-3.66,0.82,Compra
2022-10-10,-3.35,-3.60,0.25,Compra
2022-10-11,-3.41,-3.56,0.15,Compra
2022-10-12,-4.05,-3.66,-0.39,Venda
2022-10-13,-4.26,-3.78,-0.48,Venda
2022-10-14,-4.58,-3.94,-0.64,Venda
2022-10-17,-4.52,-4.06,-0.46,Venda
2022-10-18,-4.50,-4.14,-0.36,Venda
2022-10-19,-5.04,-4.32,-0.72,Venda
2022-10-20,-5.36,-4.53,-0.83,Venda
2022-10-21,-5.14,-4.65,-0.49,Venda
2022-10-24,-5.09,-4.74,-0.35,Venda
2022-10-25,-4.90,-4.77,-0.13,Venda
2022-10-26,-4.22,-4.66,0.44,Compra
2022-10-27,-3.86,-4.50,0.64,Compra
2022-10-28,-2.48,-4.10,1.62,Compra
2022-10-31,-4.49,-4.18,-0.31,Venda
2022-11-01,-7.07,-4.75,-2.32,Venda
2022-11-02,-8.99,-5.60,-3.39,Venda
2022-11-03,-10.45,-6.57,-3.88,Venda
2022-11-04,-11.60,-7.58,-4.02,Venda
2022-11-07,-12.37,-8.54,-3.83,Venda
2022-11-08,-12.97,-9.42,-3.55,Venda
2022-11-09,-13.49,-10.24,-3.25,Venda
2022-11-10,-13.58,-10.90,-2.68,Venda
2022-11-11,-13.76,-11.48,-2.28,Venda
2022-11-14,-14.02,-11.98,-2.04,Venda
2022-11-15,-14.02,-12.39,-1.63,Venda
2022-11-16,-14.09,-12.73,-1.36,Venda
2022-11-17,-14.25,-13.04,-1.21,Venda
2022-11-18,-14.43,-13.31,-1.12,Venda
2022-11-21,-14.53,-13.56,-0.97,Venda
2022-11-22,-14.47,-13.74,-0.73,Venda
2022-11-23,-14.40,-13.87,-0.53,Venda
2022-11-25,-14.32,-13.96,-0.36,Venda
2022-11-28,-14.15,-14.00,-0.15,Venda
2022-11-29,-13.95,-13.99,0.04,Compra
2022-11-30,-13.59,-13.91,0.32,Compra
2022-12-01,-13.26,-13.78,0.52,Compra
2022-12-02,-12.87,-13.60,0.73,Compra
2022-12-05,-12.47,-13.37,0.90,Compra
2022-12-06,-12.15,-13.13,0.98,Compra
2022-12-07,-11.62,-12.83,1.21,Compra
2022-12-08,-11.46,-12.55,1.09,Compra
2022-12-09,-11.23,-12.29,1.06,Compra
2022-12-12,-11.18,-12.07,0.89,Compra
2022-12-13,-11.22,-11.90,0.68,Compra
2022-12-14,-11.32,-11.78,0.46,Compra
2022-12-15,-11.21,-11.67,0.46,Compra
2022-12-16,-11.01,-11.54,0.53,Compra
2022-12-19,-10.74,-11.38,0.64,Compra
2022-12-20,-10.38,-11.18,0.80,Compra
2022-12-21,-10.05,-10.95,0.90,Compra
2022-12-22,-9.74,-10.71,0.97,Compra
2022-12-23,-9.38,-10.44,1.06,Compra
2022-12-27,-9.03,-10.16,1.13,Compra
2022-12-28,-8.59,-9.85,1.26,Compra
2022-12-29,-7.90,-9.46,1.56,Compra
2022-12-30,-7.34,-9.03,1.69,Compra
2023-01-03,-6.87,-8.60,1.73,Compra
2023-01-04,-6.38,-8.16,1.78,Compra
2023-01-05,-5.91,-7.71,1.80,Compra
2023-01-06,-5.48,-7.26,1.78,Compra
2023-01-09,-5.01,-6.81,1.80,Compra
2023-01-10,-4.54,-6.36,1.82,Compra
2023-01-11,-4.08,-5.90,1.82,Compra
2023-01-12,-3.59,-5.44,1.85,Compra
2023-01-13,-3.16,-4.98,1.82,Compra
2023-01-17,-2.76,-4.54,1.78,Compra
2023-01-18,-2.46,-4.12,1.66,Compra
2023-01-19,-2.25,-3.75,1.50,Compra
2023-01-20,-2.02,-3.40,1.38,Compra
2023-01-23,-1.84,-3.09,1.25,Compra
2023-01-24,-1.63,-2.80,1.17,Compra
2023-01-25,-1.44,-2.53,1.09,Compra
2023-01-26,-1.28,-2.28,1.00,Compra
2023-01-27,-1.08,-2.04,0.96,Compra
2023-01-30,-0.95,-1.82,0.87,Compra
2023-01-31,-0.80,-1.62,0.82,Compra
2023-02-01,-0.59,-1.41,0.82,Compra
2023-02-02,-0.38,-1.20,0.82,Compra
2023-02-03,-0.22,-1.01,0.79,Compra
2023-02-06,-0.06,-0.82,0.76,Compra
2023-02-07,0.06,-0.64,0.70,Compra
2023-02-08,0.06,-0.50,0.56,Compra
2023-02-09,-0.01,-0.40,0.39,Compra
2023-02-10,-0.07,-0.34,0.27,Compra
2023-02-13,-0.11,-0.29,0.18,Compra
2023-02-14,-0.14,-0.26,0.12,Compra
2023-02-15,-0.14,-0.24,0.10,Compra
2023-02-16,-0.18,-0.23,0.05,Compra
2023-02-17,-0.18,-0.22,0.04,Compra
2023-02-21,-0.24,-0.22,-0.02,Venda
2023-02-22,-0.25,-0.23,-0.02,Venda
2023-02-23,-0.27,-0.24,-0.03,Venda
2023-02-24,-0.31,-0.25,-0.06,Venda
2023-02-27,-0.34,-0.27,-0.07,Venda
2023-02-28,-0.33,-0.28,-0.05,Venda
2023-03-01,-0.36,-0.30,-0.06,Venda
2023-03-02,-0.38,-0.31,-0.07,Venda
2023-03-03,-0.37,-0.32,-0.05,Venda
2023-03-06,-0.35,-0.33,-0.02,Venda
2023-03-07,-0.33,-0.33,0.00,Neutro
2023-03-08,-0.35,-0.33,-0.02,Venda
2023-03-09,-0.46,-0.36,-0.10,Venda
2023-03-10,-0.62,-0.41,-0.21,Venda
2023-03-13,-0.70,-0.47,-0.23,Venda
2023-03-14,-0.74,-0.52,-0.22,Venda
2023-03-15,-0.78,-0.57,-0.21,Venda
2023-03-16,-0.82,-0.62,-0.20,Venda
2023-03-17,-0.86,-0.67,-0.19,Venda
2023-03-20,-0.89,-0.71,-0.18,Venda
2023-03-21,-0.88,-0.75,-0.13,Venda
2023-03-22,-0.92,-0.78,-0.14,Venda
2023-03-23,-0.93,-0.81,-0.12,Venda
2023-03-24,-0.96,-0.84,-0.12,Venda
2023-03-27,-0.94,-0.86,-0.08,Venda
2023-03-28,-0.91,-0.87,-0.04,Venda
2023-03-29,-0.77,-0.85,0.08,Compra
2023-03-30,-0.69,-0.82,0.13,Compra
2023-03-31,-0.62,-0.78,0.16,Compra
2023-04-03,-0.56,-0.74,0.18,Compra
2023-04-04,-0.54,-0.70,0.16,Compra
2023-04-05,-0.49,-0.65,0.16,Compra
2023-04-06,-0.43,-0.61,0.18,Compra
2023-04-10,-0.40,-0.57,0.17,Compra
2023-04-11,-0.42,-0.54,0.12,Compra
2023-04-12,-0.45,-0.52,0.07,Compra
2023-04-13,-0.40,-0.50,0.10,Compra
2023-04-14,-0.36,-0.47,0.11,Compra
2023-04-17,-0.31,-0.44,0.13,Compra
2023-04-18,-0.28,-0.41,0.13,Compra
2023-04-19,-0.24,-0.37,0.13,Compra
2023-04-20,-0.22,-0.34,0.12,Compra
2023-04-21,-0.20,-0.31,0.11,Compra
2023-04-24,-0.20,-0.29,0.09,Compra
2023-04-25,-0.21,-0.27,0.06,Compra
2023-04-26,-0.21,-0.26,0.05,Compra
2023-04-27,-0.23,-0.26,0.03,Compra
2023-04-28,-0.20,-0.24,0.04,Compra
2023-05-01,-0.18,-0.23,0.05,Compra
2023-05-02,-0.19,-0.22,0.03,Compra
2023-05-03,-0.17,-0.21,0.04,Compra
2023-05-04,-0.15,-0.20,0.05,Compra
2023-05-05,-0.12,-0.18,0.06,Compra
2023-05-08,-0.07,-0.16,0.09,Compra
2023-05-09,-0.02,-0.13,0.11,Compra
2023-05-10,-0.00,-0.11,0.11,Compra
2023-05-11,-0.06,-0.10,0.04,Compra
2023-05-12,-0.12,-0.10,-0.02,Venda
2023-05-15,-0.10,-0.10,0.00,Neutro
2023-05-16,-0.14,-0.11,-0.03,Venda
2023-05-17,-0.19,-0.13,-0.06,Venda
2023-05-18,-0.24,-0.15,-0.09,Venda
2023-05-19,-0.24,-0.17,-0.07,Venda
2023-05-22,-0.24,-0.18,-0.06,Venda
2023-05-23,-0.21,-0.19,-0.02,Venda
2023-05-24,-0.21,-0.19,-0.02,Venda
2023-05-25,-0.19,-0.19,0.00,Neutro
2023-05-26,-0.18,-0.19,0.01,Compra
2023-05-30,-0.21,-0.19,-0.02,Venda
2023-05-31,-0.23,-0.20,-0.03,Venda
2023-06-01,-0.28,-0.22,-0.06,Venda
2023-06-02,-0.31,-0.24,-0.07,Venda
2023-06-05,-0.29,-0.25,-0.04,Venda
2023-06-06,-0.32,-0.26,-0.06,Venda
2023-06-07,-0.24,-0.26,0.02,Compra
2023-06-08,-0.25,-0.26,0.01,Compra
2023-06-09,-0.25,-0.25,0.00,Neutro
2023-06-12,-0.29,-0.26,-0.03,Venda
2023-06-13,-0.31,-0.27,-0.04,Venda
2023-06-14,-0.33,-0.28,-0.05,Venda
2023-06-15,-0.37,-0.30,-0.07,Venda
2023-06-16,-0.39,-0.32,-0.07,Venda
2023-06-20,-0.43,-0.34,-0.09,Venda
2023-06-21,-0.48,-0.37,-0.11,Venda
2023-06-22,-0.52,-0.40,-0.12,Venda
2023-06-23,-0.52,-0.42,-0.10,Venda
2023-06-26,-0.50,-0.44,-0.06,Venda
2023-06-27,-0.46,-0.44,-0.02,Venda
2023-06-28,-0.44,-0.44,0.00,Neutro
2023-06-29,-0.39,-0.43,0.04,Compra
2023-06-30,-0.36,-0.42,0.06,Compra
2023-07-03,-0.31,-0.40,0.09,Compra
2023-07-05,-0.32,-0.38,0.06,Compra
2023-07-06,-0.38,-0.38,0.00,Neutro
2023-07-07,-0.32,-0.37,0.05,Compra
2023-07-10,-0.20,-0.33,0.13,Compra
2023-07-11,-0.12,-0.29,0.17,Compra
2023-07-12,-0.05,-0.24,0.19,Compra
2023-07-13,0.02,-0.19,0.21,Compra
2023-07-14,0.05,-0.14,0.19,Compra
2023-07-17,0.13,-0.09,0.22,Compra
2023-07-18,0.20,-0.03,0.23,Compra
2023-07-19,0.25,0.03,0.22,Compra
2023-07-20,0.22,0.06,0.16,Compra
2023-07-21,0.18,0.09,0.09,Compra
2023-07-24,0.15,0.10,0.05,Compra
2023-07-25,0.11,0.10,0.01,Compra
2023-07-26,0.10,0.10,0.00,Neutro
2023-07-27,0.02,0.09,-0.07,Venda
2023-07-28,-0.04,0.06,-0.10,Venda
2023-07-31,-0.08,0.03,-0.11,Venda
2023-08-01,-0.11,0.00,-0.11,Venda
2023-08-02,-0.13,-0.02,-0.11,Venda
2023-08-03,-0.17,-0.05,-0.12,Venda
2023-08-04,-0.20,-0.08,-0.12,Venda
2023-08-07,-0.19,-0.10,-0.09,Venda
2023-08-08,-0.18,-0.12,-0.06,Venda
2023-08-09,-0.23,-0.14,-0.09,Venda
2023-08-10,-0.27,-0.17,-0.10,Venda
2023-08-11,-0.29,-0.19,-0.10,Venda
2023-08-14,-0.34,-0.22,-0.12,Venda
2023-08-15,-0.36,-0.25,-0.11,Venda
2023-08-16,-0.39,-0.28,-0.11,Venda
2023-08-17,-0.43,-0.31,-0.12,Venda
2023-08-18,-0.47,-0.34,-0.13,Venda
2023-08-21,-0.49,-0.37,-0.12,Venda
2023-08-22,-0.53,-0.40,-0.13,Venda
2023-08-23,-0.52,-0.43,-0.09,Venda
2023-08-24,-0.51,-0.44,-0.07,Venda
2023-08-25,-0.54,-0.46,-0.08,Venda
2023-08-28,-0.55,-0.48,-0.07,Venda
2023-08-29,-0.56,-0.50,-0.06,Venda
2023-08-30,-0.56,-0.51,-0.05,Venda
2023-08-31,-0.55,-0.52,-0.03,Venda
2023-09-01,-0.53,-0.52,-0.01,Venda
2023-09-05,-0.53,-0.52,-0.01,Venda
2023-09-06,-0.54,-0.53,-0.01,Venda
2023-09-07,-0.53,-0.53,0.00,Neutro
2023-09-08,-0.48,-0.52,0.04,Compra
2023-09-11,-0.43,-0.50,0.07,Compra
2023-09-12,-0.36,-0.47,0.11,Compra
2023-09-13,-0.31,-0.44,0.13,Compra
2023-09-14,-0.27,-0.41,0.14,Compra
2023-09-15,-0.31,-0.39,0.08,Compra
2023-09-18,-0.34,-0.38,0.04,Compra
2023-09-19,-0.34,-0.37,0.03,Compra
2023-09-20,-0.35,-0.37,0.02,Compra
2023-09-21,-0.37,-0.37,0.00,Neutro
2023-09-22,-0.38,-0.37,-0.01,Venda
2023-09-25,-0.40,-0.38,-0.02,Venda
2023-09-26,-0.41,-0.38,-0.03,Venda
2023-09-27,-0.41,-0.39,-0.02,Venda
2023-09-28,-0.42,-0.39,-0.03,Venda
2023-09-29,-0.39,-0.39,0.00,Neutro
2023-10-02,-0.40,-0.39,-0.01,Venda
2023-10-03,-0.40,-0.40,0.00,Neutro
2023-10-04,-0.40,-0.40,0.00,Neutro
2023-10-05,-0.40,-0.40,0.00,Neutro
2023-10-06,-0.42,-0.40,-0.02,Venda
2023-10-09,-0.44,-0.41,-0.03,Venda
2023-10-10,-0.41,-0.41,0.00,Neutro
2023-10-11,-0.39,-0.41,0.02,Compra
2023-10-12,-0.42,-0.41,-0.01,Venda
2023-10-13,-0.43,-0.41,-0.02,Venda
2023-10-16,-0.43,-0.42,-0.01,Venda
2023-10-17,-0.41,-0.42,0.01,Compra
2023-10-18,-0.39,-0.41,0.02,Compra
2023-10-19,-0.38,-0.40,0.02,Compra
2023-10-20,-0.34,-0.39,0.05,Compra
2023-10-23,-0.34,-0.38,0.04,Compra
2023-10-24,-0.36,-0.38,0.02,Compra
2023-10-25,-0.33,-0.37,0.04,Compra
2023-10-26,-0.31,-0.36,0.05,Compra
2023-10-27,-0.32,-0.35,0.03,Compra
2023-10-30,-0.31,-0.34,0.03,Compra
2023-10-31,-0.30,-0.33,0.03,Compra
2023-11-01,-0.29,-0.32,0.03,Compra
2023-11-02,-0.24,-0.31,0.07,Compra
2023-11-03,-0.23,-0.29,0.06,Compra
2023-11-06,-0.21,-0.28,0.07,Compra
2023-11-07,-0.20,-0.26,0.06,Compra
2023-11-08,-0.18,-0.24,0.06,Compra
2023-11-09,-0.21,-0.24,0.03,Compra
2023-11-10,-0.22,-0.23,0.01,Compra
2023-11-13,-0.22,-0.23,0.01,Compra
2023-11-14,-0.24,-0.23,-0.01,Venda
2023-11-15,-0.26,-0.24,-0.02,Venda
2023-11-16,-0.28,-0.25,-0.03,Venda
2023-11-17,-0.25,-0.25,0.00,Neutro
2023-11-20,-0.20,-0.24,0.04,Compra
2023-11-21,-0.17,-0.22,0.05,Compra
2023-11-22,-0.14,-0.21,0.07,Compra
2023-11-24,-0.12,-0.19,0.07,Compra
2023-11-27,-0.13,-0.18,0.05,Compra
2023-11-28,-0.15,-0.17,0.02,Compra
2023-11-29,-0.16,-0.17,0.01,Compra
2023-11-30,-0.18,-0.17,-0.01,Venda
2023-12-01,-0.18,-0.17,-0.01,Venda
2023-12-04,-0.19,-0.18,-0.01,Venda
2023-12-05,-0.20,-0.18,-0.02,Venda
2023-12-06,-0.23,-0.19,-0.04,Venda
2023-12-07,-0.26,-0.20,-0.06,Venda
2023-12-08,-0.25,-0.21,-0.04,Venda
2023-12-11,-0.25,-0.22,-0.03,Venda
2023-12-12,-0.25,-0.23,-0.02,Venda
2023-12-13,-0.25,-0.23,-0.02,Venda
2023-12-14,-0.24,-0.23,-0.01,Venda
2023-12-15,-0.20,-0.23,0.03,Compra
2023-12-18,-0.18,-0.22,0.04,Compra
2023-12-19,-0.12,-0.20,0.08,Compra
2023-12-20,-0.10,-0.18,0.08,Compra
2023-12-21,-0.09,-0.16,0.07,Compra
2023-12-22,-0.06,-0.14,0.08,Compra
2023-12-26,-0.01,-0.11,0.10,Compra
2023-12-27,0.03,-0.09,0.12,Compra
2023-12-28,0.08,-0.05,0.13,Compra
2023-12-29,0.11,-0.02,0.13,Compra
2024-01-02,0.15,0.01,0.14,Compra
2024-01-03,0.17,0.05,0.12,Compra
2024-01-04,0.18,0.07,0.11,Compra
2024-01-05,0.19,0.10,0.09,Compra
2024-01-08,0.20,0.12,0.08,Compra
2024-01-09,0.20,0.13,0.07,Compra
2024-01-10,0.20,0.15,0.05,Compra
2024-01-11,0.17,0.15,0.02,Compra
2024-01-12,0.17,0.16,0.01,Compra
2024-01-16,0.15,0.15,0.00,Neutro
2024-01-17,0.26,0.18,0.08,Compra
2024-01-18,0.39,0.22,0.17,Compra
2024-01-19,0.48,0.27,0.21,Compra
2024-01-22,0.66,0.35,0.31,Compra
2024-01-23,0.77,0.43,0.34,Compra
2024-01-24,0.95,0.54,0.41,Compra
2024-01-25,1.06,0.64,0.42,Compra
2024-01-26,1.15,0.74,0.41,Compra
2024-01-29,1.21,0.84,0.37,Compra
2024-01-30,1.22,0.91,0.31,Compra
2024-01-31,1.23,0.98,0.25,Compra
2024-02-01,1.22,1.03,0.19,Compra
2024-02-02,1.19,1.06,0.13,Compra
2024-02-05,1.16,1.08,0.08,Compra
2024-02-06,1.13,1.09,0.04,Compra
2024-02-07,1.06,1.08,-0.02,Venda
2024-02-08,1.01,1.07,-0.06,Venda
2024-02-09,0.96,1.05,-0.09,Venda
2024-02-12,0.91,1.02,-0.11,Venda
2024-02-13,0.84,0.98,-0.14,Venda
2024-02-14,0.78,0.94,-0.16,Venda
2024-02-15,0.74,0.90,-0.16,Venda
2024-02-16,0.71,0.86,-0.15,Venda
2024-02-20,0.68,0.83,-0.15,Venda
2024-02-21,0.65,0.79,-0.14,Venda
2024-02-22,0.61,0.76,-0.15,Venda
2024-02-23,0.57,0.72,-0.15,Venda
2024-02-26,0.56,0.69,-0.13,Venda
2024-02-27,0.52,0.65,-0.13,Venda
2024-02-28,0.50,0.62,-0.12,Venda
2024-02-29,0.48,0.59,-0.11,Venda
2024-03-01,0.46,0.57,-0.11,Venda
2024-03-04,0.47,0.55,-0.08,Venda
2024-03-05,0.45,0.53,-0.08,Venda
2024-03-06,0.44,0.51,-0.07,Venda
2024-03-07,0.39,0.49,-0.10,Venda
2024-03-08,0.36,0.46,-0.10,Venda
2024-03-11,0.32,0.43,-0.11,Venda
2024-03-12,0.31,0.41,-0.10,Venda
2024-03-13,0.34,0.39,-0.05,Venda
2024-03-14,0.35,0.39,-0.04,Venda
2024-03-15,0.35,0.38,-0.03,Venda
2024-03-18,0.32,0.37,-0.05,Venda
2024-03-19,0.30,0.35,-0.05,Venda
2024-03-20,0.28,0.34,-0.06,Venda
2024-03-21,0.23,0.32,-0.09,Venda
2024-03-22,0.17,0.29,-0.12,Venda
2024-03-25,0.09,0.25,-0.16,Venda
2024-03-26,0.02,0.20,-0.18,Venda
2024-03-27,-0.04,0.15,-0.19,Venda
2024-03-28,-0.10,0.10,-0.20,Venda
2024-04-01,-0.17,0.05,-0.22,Venda
2024-04-02,-0.23,-0.01,-0.22,Venda
2024-04-03,-0.23,-0.05,-0.18,Venda
2024-04-04,-0.24,-0.09,-0.15,Venda
2024-04-05,-0.22,-0.12,-0.10,Venda
2024-04-08,-0.22,-0.14,-0.08,Venda
2024-04-09,-0.22,-0.15,-0.07,Venda
2024-04-10,-0.22,-0.17,-0.05,Venda
2024-04-11,-0.20,-0.17,-0.03,Venda
2024-04-12,-0.20,-0.18,-0.02,Venda
2024-04-15,-0.23,-0.19,-0.04,Venda
2024-04-16,-0.26,-0.20,-0.06,Venda
2024-04-17,-0.26,-0.21,-0.05,Venda
2024-04-18,-0.28,-0.23,-0.05,Venda
2024-04-19,-0.26,-0.23,-0.03,Venda
2024-04-22,-0.25,-0.24,-0.01,Venda
2024-04-23,-0.23,-0.24,0.01,Compra
2024-04-24,-0.21,-0.23,0.02,Compra
2024-04-25,-0.22,-0.23,0.01,Compra
2024-04-26,-0.21,-0.22,0.01,Compra
2024-04-29,-0.21,-0.22,0.01,Compra
2024-04-30,-0.18,-0.21,0.03,Compra
2024-05-01,-0.16,-0.20,0.04,Compra
2024-05-02,-0.11,-0.18,0.07,Compra
2024-05-03,-0.06,-0.16,0.10,Compra
2024-05-06,0.00,-0.13,0.13,Compra
2024-05-07,0.03,-0.10,0.13,Compra
2024-05-08,0.05,-0.07,0.12,Compra
2024-05-09,0.06,-0.04,0.10,Compra
2024-05-10,0.10,-0.01,0.11,Compra
2024-05-13,0.14,0.02,0.12,Compra
2024-05-14,0.18,0.05,0.13,Compra
2024-05-15,0.23,0.09,0.14,Compra
2024-05-16,0.24,0.12,0.12,Compra
2024-05-17,0.22,0.14,0.08,Compra
2024-05-20,0.20,0.15,0.05,Compra
2024-05-21,0.16,0.15,0.01,Compra
2024-05-22,0.13,0.15,-0.02,Venda
2024-05-23,0.10,0.14,-0.04,Venda
2024-05-24,0.07,0.12,-0.05,Venda
2024-05-28,0.03,0.11,-0.08,Venda
2024-05-29,-0.02,0.08,-0.10,Venda
2024-05-30,-0.03,0.06,-0.09,Venda
2024-05-31,-0.07,0.03,-0.10,Venda
2024-06-03,-0.07,0.01,-0.08,Venda
2024-06-04,-0.10,-0.01,-0.09,Venda
2024-06-05,-0.12,-0.03,-0.09,Venda
2024-06-06,-0.13,-0.05,-0.08,Venda
2024-06-07,-0.14,-0.07,-0.07,Venda
2024-06-10,-0.16,-0.09,-0.07,Venda
2024-06-11,-0.15,-0.10,-0.05,Venda
2024-06-12,-0.14,-0.11,-0.03,Venda
2024-06-13,-0.15,-0.12,-0.03,Venda
2024-06-14,-0.17,-0.13,-0.04,Venda
2024-06-17,-0.21,-0.14,-0.07,Venda
2024-06-18,-0.26,-0.17,-0.09,Venda
2024-06-20,-0.28,-0.19,-0.09,Venda
2024-06-21,-0.27,-0.21,-0.06,Venda
2024-06-24,-0.28,-0.22,-0.06,Venda
2024-06-25,-0.30,-0.24,-0.06,Venda
2024-06-26,-0.32,-0.25,-0.07,Venda
2024-06-27,-0.32,-0.27,-0.05,Venda
2024-06-28,-0.28,-0.27,-0.01,Venda
2024-07-01,-0.25,-0.27,0.02,Compra
2024-07-02,-0.24,-0.26,0.02,Compra
2024-07-03,-0.22,-0.25,0.03,Compra
2024-07-05,-0.22,-0.25,0.03,Compra
2024-07-08,-0.20,-0.24,0.04,Compra
2024-07-09,-0.20,-0.23,0.03,Compra
2024-07-10,-0.19,-0.22,0.03,Compra
2024-07-11,-0.21,-0.22,0.01,Compra
2024-07-12,0.02,-0.17,0.19,Compra
2024-07-15,0.26,-0.09,0.35,Compra
2024-07-16,0.43,0.02,0.41,Compra
2024-07-17,0.54,0.12,0.42,Compra
2024-07-18,0.58,0.21,0.37,Compra
2024-07-19,0.61,0.29,0.32,Compra
2024-07-22,0.64,0.36,0.28,Compra
2024-07-23,0.65,0.42,0.23,Compra
2024-07-24,0.65,0.47,0.18,Compra
2024-07-25,0.64,0.50,0.14,Compra
2024-07-26,0.62,0.52,0.10,Compra
2024-07-29,0.56,0.53,0.03,Compra
2024-07-30,0.52,0.53,-0.01,Venda
2024-07-31,0.47,0.52,-0.05,Venda
2024-08-01,0.45,0.50,-0.05,Venda
2024-08-02,0.38,0.48,-0.10,Venda
2024-08-05,0.28,0.44,-0.16,Venda
2024-08-06,0.20,0.39,-0.19,Venda
2024-08-07,0.10,0.33,-0.23,Venda
2024-08-08,0.09,0.28,-0.19,Venda
2024-08-09,-0.00,0.23,-0.23,Venda
2024-08-12,-0.09,0.16,-0.25,Venda
2024-08-13,-0.17,0.10,-0.27,Venda
2024-08-14,-0.23,0.03,-0.26,Venda
2024-08-15,-0.28,-0.03,-0.25,Venda
2024-08-16,-0.34,-0.09,-0.25,Venda
2024-08-19,-0.31,-0.14,-0.17,Venda
2024-08-20,-0.23,-0.15,-0.08,Venda
2024-08-21,-0.13,-0.15,0.02,Compra
2024-08-22,-0.01,-0.12,0.11,Compra
2024-08-23,0.16,-0.07,0.23,Compra
2024-08-26,0.27,0.00,0.27,Compra
2024-08-27,0.32,0.07,0.25,Compra
2024-08-28,0.35,0.12,0.23,Compra
2024-08-29,0.35,0.17,0.18,Compra
2024-08-30,0.46,0.23,0.23,Compra
2024-09-03,0.54,0.29,0.25,Compra
2024-09-04,0.66,0.36,0.30,Compra
2024-09-05,0.70,0.43,0.27,Compra
2024-09-06,0.74,0.49,0.25,Compra
2024-09-09,1.37,0.67,0.70,Compra
2024-09-10,2.06,0.95,1.11,Compra
2024-09-11,2.98,1.35,1.63,Compra
2024-09-12,5.01,2.08,2.93,Compra
2024-09-13,9.57,3.58,5.99,Compra
2024-09-16,11.43,5.15,6.28,Compra
2024-09-17,12.79,6.68,6.11,Compra
2024-09-18,13.82,8.11,5.71,Compra
2024-09-19,13.88,9.26,4.62,Compra
2024-09-20,14.37,10.28,4.09,Compra
2024-09-23,14.69,11.16,3.53,Compra
2024-09-24,14.83,11.90,2.93,Compra
2024-09-25,14.84,12.49,2.35,Compra
2024-09-26,14.62,12.91,1.71,Compra
2024-09-27,14.06,13.14,0.92,Compra
2024-09-30,13.60,13.23,0.37,Compra
2024-10-01,12.60,13.11,-0.51,Venda
2024-10-02,11.41,12.77,-1.36,Venda
2024-10-03,9.90,12.19,-2.29,Venda
2024-10-04,8.29,11.41,-3.12,Venda
2024-10-07,6.26,10.38,-4.12,Venda
2024-10-08,4.25,9.16,-4.91,Venda
2024-10-09,2.87,7.90,-5.03,Venda
2024-10-10,1.66,6.65,-4.99,Venda
2024-10-11,1.06,5.53,-4.47,Venda
2024-10-14,0.70,4.57,-3.87,Venda
2024-10-15,0.15,3.68,-3.53,Venda
2024-10-16,-0.23,2.90,-3.13,Venda
2024-10-17,-0.65,2.19,-2.84,Venda
2024-10-18,-1.13,1.53,-2.66,Venda
2024-10-21,-1.69,0.88,-2.57,Venda
2024-10-22,-2.22,0.26,-2.48,Venda
2024-10-23,-2.75,-0.34,-2.41,Venda
2024-10-24,-3.21,-0.91,-2.30,Venda
2024-10-25,-3.52,-1.44,-2.08,Venda
2024-10-28,-3.38,-1.82,-1.56,Venda
2024-10-29,-3.31,-2.12,-1.19,Venda
2024-10-30,-3.22,-2.34,-0.88,Venda
2024-10-31,-3.32,-2.54,-0.78,Venda
2024-11-01,-3.60,-2.75,-0.85,Venda
2024-11-04,-3.86,-2.97,-0.89,Venda
2024-11-05,-4.12,-3.20,-0.92,Venda
2024-11-06,-4.41,-3.44,-0.97,Venda
2024-11-07,-4.29,-3.61,-0.68,Venda
2024-11-08,-3.96,-3.68,-0.28,Venda
2024-11-11,-3.44,-3.63,0.19,Compra
2024-11-12,-3.00,-3.51,0.51,Compra
2024-11-13,-2.78,-3.36,0.58,Compra
2024-11-14,-2.74,-3.24,0.50,Compra
2024-11-15,-2.91,-3.17,0.26,Compra
2024-11-18,-3.14,-3.17,0.03,Compra
2024-11-19,-3.18,-3.17,-0.01,Venda
2024-11-20,-3.40,-3.21,-0.19,Venda
2024-11-21,-3.42,-3.26,-0.16,Venda
2024-11-22,-3.29,-3.26,-0.03,Venda
2024-11-25,-3.15,-3.24,0.09,Compra
2024-11-26,-3.06,-3.20,0.14,Compra
2024-11-27,-2.61,-3.09,0.48,Compra
2024-11-29,-2.46,-2.96,0.50,Compra
2024-12-02,-2.26,-2.82,0.56,Compra
2024-12-03,-2.13,-2.68,0.55,Compra
2024-12-04,-1.88,-2.52,0.64,Compra
2024-12-05,-1.84,-2.39,0.55,Compra
2024-12-06,-1.67,-2.24,0.57,Compra
2024-12-09,-1.57,-2.11,0.54,Compra
2024-12-10,-1.63,-2.01,0.38,Compra
2024-12-11,-1.81,-1.97,0.16,Compra
2024-12-12,-2.07,-1.99,-0.08,Venda
2024-12-13,-2.20,-2.03,-0.17,Venda
2024-12-16,-2.24,-2.07,-0.17,Venda
2024-12-17,-2.31,-2.12,-0.19,Venda
2024-12-18,-2.51,-2.20,-0.31,Venda
2024-12-19,-2.60,-2.28,-0.32,Venda
2024-12-20,-2.59,-2.34,-0.25,Venda
2024-12-23,-2.47,-2.37,-0.10,Venda
2024-12-24,-2.33,-2.36,0.03,Compra
2024-12-26,-2.24,-2.34,0.10,Compra
2024-12-27,-2.25,-2.32,0.07,Compra
2024-12-30,-2.31,-2.32,0.01,Compra
2024-12-31,-2.33,-2.32,-0.01,Venda
2025-01-02,-2.11,-2.28,0.17,Compra
2025-01-03,-2.00,-2.22,0.22,Compra
2025-01-06,-1.91,-2.16,0.25,Compra
2025-01-07,-1.58,-2.04,0.46,Compra
2025-01-08,-1.41,-1.92,0.51,Compra
2025-01-10,-1.43,-1.82,0.39,Compra
2025-01-13,-1.50,-1.76,0.26,Compra
2025-01-14,-1.45,-1.69,0.24,Compra
2025-01-15,-1.31,-1.62,0.31,Compra
2025-01-16,-1.16,-1.53,0.37,Compra
2025-01-17,-1.07,-1.43,0.36,Compra
2025-01-21,-1.10,-1.37,0.27,Compra
2025-01-22,-1.09,-1.31,0.22,Compra
2025-01-23,-0.73,-1.20,0.47,Compra
2025-01-24,-0.49,-1.05,0.56,Compra
2025-01-27,-0.23,-0.89,0.66,Compra
2025-01-28,0.09,-0.69,0.78,Compra
2025-01-29,0.39,-0.48,0.87,Compra
2025-01-30,0.43,-0.30,0.73,Compra
2025-01-31,0.33,-0.17,0.50,Compra
2025-02-03,0.10,-0.12,0.22,Compra
2025-02-04,0.09,-0.08,0.17,Compra
2025-02-05,0.05,-0.05,0.10,Compra
2025-02-06,0.11,-0.02,0.13,Compra
2025-02-07,-0.05,-0.02,-0.03,Venda
2025-02-10,-0.24,-0.07,-0.17,Venda
2025-02-11,-0.44,-0.14,-0.30,Venda
2025-02-12,-0.60,-0.23,-0.37,Venda
2025-02-13,-0.35,-0.26,-0.09,Venda
2025-02-14,-0.22,-0.25,0.03,Compra
2025-02-18,0.05,-0.19,0.24,Compra
2025-02-19,0.31,-0.09,0.40,Compra
2025-02-20,0.38,0.00,0.38,Compra
2025-02-21,0.28,0.06,0.22,Compra
2025-02-24,0.04,0.06,-0.02,Venda
2025-02-25,-0.15,0.01,-0.16,Venda
2025-02-26,-0.30,-0.05,-0.25,Venda
2025-02-27,-0.48,-0.13,-0.35,Venda
2025-02-28,-0.55,-0.22,-0.33,Venda
2025-03-03,-0.74,-0.32,-0.42,Venda
2025-03-04,-0.95,-0.45,-0.50,Venda
2025-03-05,-1.05,-0.57,-0.48,Venda
2025-03-06,-1.04,-0.66,-0.38,Venda
2025-03-07,-1.08,-0.75,-0.33,Venda
2025-03-10,-1.24,-0.84,-0.40,Venda
2025-03-11,-1.29,-0.93,-0.36,Venda
2025-03-12,-1.26,-1.00,-0.26,Venda
2025-03-13,-1.14,-1.03,-0.11,Venda
2025-03-14,-0.96,-1.01,0.05,Compra
2025-03-17,-0.68,-0.95,0.27,Compra
2025-03-18,-0.50,-0.86,0.36,Compra
2025-03-19,-0.44,-0.77,0.33,Compra
2025-03-20,-0.40,-0.70,0.30,Compra
2025-03-21,-0.51,-0.66,0.15,Compra
2025-03-24,-0.46,-0.62,0.16,Compra
2025-03-25,-0.51,-0.60,0.09,Compra
2025-03-26,-0.58,-0.60,0.02,Compra
2025-03-27,-0.51,-0.58,0.07,Compra
2025-03-28,-0.55,-0.57,0.02,Compra
2025-03-31,-0.64,-0.59,-0.05,Venda
2025-04-01,-0.72,-0.61,-0.11,Venda
2025-04-02,-0.68,-0.63,-0.05,Venda
2025-04-03,-0.77,-0.65,-0.12,Venda
2025-04-04,-1.00,-0.72,-0.28,Venda
2025-04-07,-1.22,-0.82,-0.40,Venda
2025-04-08,-1.40,-0.94,-0.46,Venda
2025-04-09,-1.41,-1.03,-0.38,Venda
2025-04-10,-1.47,-1.12,-0.35,Venda
2025-04-11,-1.44,-1.18,-0.26,Venda
2025-04-14,-1.25,-1.20,-0.05,Venda
2025-04-15,-1.12,-1.18,0.06,Compra
2025-04-16,-1.10,-1.17,0.07,Compra
2025-04-17,-1.06,-1.14,0.08,Compra
2025-04-21,-0.97,-1.11,0.14,Compra
2025-04-22,-0.85,-1.06,0.21,Compra
2025-04-23,-0.42,-0.93,0.51,Compra
2025-04-24,-0.16,-0.78,0.62,Compra
2025-04-25,-0.49,-0.72,0.23,Compra
2025-04-28,-0.77,-0.73,-0.04,Venda
2025-04-29,-1.05,-0.79,-0.26,Venda
2025-04-30,-1.16,-0.87,-0.29,Venda
2025-05-01,-1.25,-0.94,-0.31,Venda
2025-05-02,-1.16,-0.99,-0.17,Venda
2025-05-05,-1.11,-1.01,-0.10,Venda
2025-05-06,-1.16,-1.04,-0.12,Venda
2025-05-07,-1.22,-1.08,-0.14,Venda
2025-05-08,-1.20,-1.10,-0.10,Venda
2025-05-09,-1.15,-1.11,-0.04,Venda
2025-05-12,-1.07,-1.10,0.03,Compra
2025-05-13,-1.06,-1.09,0.03,Compra
2025-05-14,-1.00,-1.08,0.08,Compra
2025-05-15,-0.82,-1.02,0.20,Compra
2025-05-16,-0.69,-0.96,0.27,Compra
2025-05-19,-0.39,-0.84,0.45,Compra
2025-05-20,-0.19,-0.71,0.52,Compra
2025-05-21,-0.05,-0.58,0.53,Compra
2025-05-22,0.73,-0.32,1.05,Compra
2025-05-23,1.04,-0.05,1.09,Compra
2025-05-27,1.53,0.27,1.26,Compra
2025-05-28,2.10,0.63,1.47,Compra
2025-05-29,2.81,1.07,1.74,Compra
2025-05-30,3.07,1.47,1.60,Compra
2025-06-02,3.44,1.86,1.58,Compra
2025-06-03,3.72,2.24,1.48,Compra
2025-06-04,4.25,2.64,1.61,Compra
2025-06-05,4.30,2.97,1.33,Compra
2025-06-06,4.49,3.27,1.22,Compra
2025-06-09,4.76,3.57,1.19,Compra
2025-06-10,5.12,3.88,1.24,Compra
2025-06-11,5.26,4.16,1.10,Compra
2025-06-12,5.39,4.40,0.99,Compra
2025-06-13,5.16,4.55,0.61,Compra
2025-06-16,4.83,4.61,0.22,Compra
2025-06-17,4.10,4.51,-0.41,Venda
2025-06-18,3.55,4.32,-0.77,Venda
2025-06-20,3.00,4.05,-1.05,Venda
2025-06-23,2.71,3.78,-1.07,Venda
2025-06-24,2.34,3.50,-1.16,Venda
2025-06-25,1.90,3.18,-1.28,Venda
2025-06-26,1.16,2.77,-1.61,Venda
2025-06-27,0.62,2.34,-1.72,Venda
2025-06-30,0.03,1.88,-1.85,Venda
2025-07-01,-0.35,1.43,-1.78,Venda
2025-07-02,-0.49,1.05,-1.54,Venda
2025-07-03,-0.31,0.78,-1.09,Venda
2025-07-07,-0.46,0.53,-0.99,Venda
2025-07-08,-0.60,0.30,-0.90,Venda
2025-07-09,-0.52,0.14,-0.66,Venda
2025-07-10,-0.37,0.04,-0.41,Venda
2025-07-11,-0.42,-0.05,-0.37,Venda
2025-07-14,-0.46,-0.14,-0.32,Venda
2025-07-15,-0.53,-0.21,-0.32,Venda
2025-07-16,-0.44,-0.26,-0.18,Venda
2025-07-17,-0.20,-0.25,0.05,Compra
2025-07-18,-0.14,-0.23,0.09,Compra
2025-07-21,0.03,-0.17,0.20,Compra
2025-07-22,0.23,-0.09,0.32,Compra
2025-07-23,0.48,0.02,0.46,Compra
2025-07-24,0.88,0.19,0.69,Compra
2025-07-25,1.14,0.38,0.76,Compra
2025-07-28,1.16,0.54,0.62,Compra
2025-07-29,1.06,0.64,0.42,Compra
2025-07-30,0.87,0.69,0.18,Compra
2025-07-31,0.46,0.64,-0.18,Venda
2025-08-01,0.00,0.51,-0.51,Venda
2025-08-04,-0.16,0.38,-0.54,Venda
2025-08-05,-0.10,0.28,-0.38,Venda
2025-08-06,-0.11,0.20,-0.31,Venda
2025-08-07,-0.15,0.13,-0.28,Venda
2025-08-08,-0.01,0.10,-0.11,Venda
2025-08-11,0.12,0.11,0.01,Compra
2025-08-12,0.11,0.11,0.00,Neutro
2025-08-13,0.10,0.11,-0.01,Venda
2025-08-14,0.20,0.13,0.07,Compra
2025-08-15,0.25,0.15,0.10,Compra
2025-08-18,0.36,0.19,0.17,Compra
2025-08-19,0.17,0.19,-0.02,Venda
2025-08-20,0.01,0.15,-0.14,Venda
2025-08-21,-0.02,0.12,-0.14,Venda
2025-08-22,-0.00,0.09,-0.09,Venda
2025-08-25,-0.10,0.06,-0.16,Venda
2025-08-26,0.05,0.05,0.00,Neutro
2025-08-27,0.13,0.07,0.06,Compra
2025-08-28,0.16,0.09,0.07,Compra
2025-08-29,0.13,0.10,0.03,Compra
2025-09-02,0.29,0.13,0.16,Compra
2025-09-03,0.39,0.19,0.20,Compra
2025-09-04,0.57,0.26,0.31,Compra
2025-09-05,0.80,0.37,0.43,Compra
2025-09-08,0.51,0.40,0.11,Compra
2025-09-09,0.26,0.37,-0.11,Venda
2025-09-10,-0.15,0.27,-0.42,Venda
2025-09-11,-0.39,0.14,-0.53,Venda
2025-09-12,-0.56,-0.00,-0.56,Venda
2025-09-15,-0.55,-0.11,-0.44,Venda
2025-09-16,-0.75,-0.24,-0.51,Venda
2025-09-17,-1.02,-0.40,-0.62,Venda
2025-09-18,-1.26,-0.57,-0.69,Venda
2025-09-19,-1.53,-0.76,-0.77,Venda
2025-09-22,-1.76,-0.96,-0.80,Venda
2025-09-23,-2.06,-1.18,-0.88,Venda
2025-09-24,-2.28,-1.40,-0.88,Venda
2025-09-25,-2.49,-1.62,-0.87,Venda
2025-09-26,-2.61,-1.82,-0.79,Venda
2025-09-29,-2.56,-1.97,-0.59,Venda
2025-09-30,-2.53,-2.08,-0.45,Venda
2025-10-01,-2.38,-2.14,-0.24,Venda
2025-10-02,-2.36,-2.18,-0.18,Venda
2025-10-03,-2.28,-2.20,-0.08,Venda
2025-10-06,-2.16,-2.19,0.03,Compra
2025-10-07,-2.02,-2.16,0.14,Compra
2025-10-08,-1.74,-2.08,0.34,Compra
2025-10-09,-1.49,-1.96,0.47,Compra
2025-10-10,-1.39,-1.84,0.45,Compra
2025-10-13,-1.20,-1.72,0.52,Compra
2025-10-14,-1.12,-1.60,0.48,Compra
2025-10-15,-0.91,-1.46,0.55,Compra
2025-10-16,-0.81,-1.33,0.52,Compra
2025-10-17,-0.81,-1.23,0.42,Compra
2025-10-20,-0.71,-1.12,0.41,Compra
2025-10-21,-0.72,-1.04,0.32,Compra
2025-10-22,-0.76,-0.99,0.23,Compra
2025-10-23,-0.74,-0.94,0.20,Compra
2025-10-24,-0.69,-0.89,0.20,Compra
2025-10-27,-0.60,-0.83,0.23,Compra
2025-10-28,-0.62,-0.79,0.17,Compra
2025-10-29,-0.70,-0.77,0.07,Compra
2025-10-30,-0.81,-0.78,-0.03,Venda
2025-10-31,-0.84,-0.79,-0.05,Venda
2025-11-03,-0.96,-0.82,-0.14,Venda
2025-11-04,-1.14,-0.89,-0.25,Venda
2025-11-05,-1.24,-0.96,-0.28,Venda
2025-11-06,-1.34,-1.03,-0.31,Venda
2025-11-07,-1.40,-1.11,-0.29,Venda
2025-11-10,-1.45,-1.18,-0.27,Venda
2025-11-11,-1.40,-1.22,-0.18,Venda
2025-11-12,-1.41,-1.26,-0.15,Venda
2025-11-13,-1.48,-1.30,-0.18,Venda
2025-11-14,-1.48,-1.34,-0.14,Venda
2025-11-17,-1.59,-1.39,-0.20,Venda
2025-11-18,-1.65,-1.44,-0.21,Venda
2025-11-19,-1.74,-1.50,-0.24,Venda
2025-11-20,-1.80,-1.56,-0.24,Venda
2025-11-21,-1.74,-1.60,-0.14,Venda
2025-11-24,-1.78,-1.63,-0.15,Venda
2025-11-25,-1.81,-1.67,-0.14,Venda
2025-11-26,-1.78,-1.69,-0.09,Venda
2025-11-28,-1.67,-1.69,0.02,Compra
2025-12-01,-1.67,-1.68,0.01,Compra
2025-12-02,-1.71,-1.69,-0.02,Venda
2025-12-03,-1.66,-1.68,0.02,Compra
2025-12-04,-1.61,-1.67,0.06,Compra
2025-12-05,-1.59,-1.65,0.06,Compra
2025-12-08,-1.54,-1.63,0.09,Compra
2025-12-09,-1.49,-1.60,0.11,Compra
2025-12-10,-1.41,-1.56,0.15,Compra
2025-12-11,-1.36,-1.52,0.16,Compra
2025-12-12,-1.32,-1.48,0.16,Compra
2025-12-15,-1.25,-1.44,0.19,Compra
2025-12-16,-1.17,-1.38,0.21,Compra
2025-12-17,-1.11,-1.33,0.22,Compra
2025-12-18,-1.05,-1.27,0.22,Compra
2025-12-19,-0.97,-1.21,0.24,Compra
2025-12-22,-0.88,-1.15,0.27,Compra
2025-12-23,-0.80,-1.08,0.28,Compra
2025-12-24,-0.73,-1.01,0.28,Compra
2025-12-26,-0.68,-0.94,0.26,Compra
2025-12-29,-0.68,-0.89,0.21,Compra
2025-12-30,-0.70,-0.85,0.15,Compra
2025-12-31,-0.66,-0.81,0.15,Compra
2026-01-02,-0.60,-0.77,0.17,Compra
2026-01-05,-0.46,-0.71,0.25,Compra
2026-01-06,-0.80,-0.73,-0.07,Venda
2026-01-07,-1.01,-0.78,-0.23,Venda
2026-01-08,-1.15,-0.86,-0.29,Venda
2026-01-09,-1.27,-0.94,-0.33,Venda
2026-01-12,-1.34,-1.02,-0.32,Venda
2026-01-13,-1.38,-1.09,-0.29,Venda
2026-01-14,-1.40,-1.15,-0.25,Venda
2026-01-15,-1.40,-1.20,-0.20,Venda
2026-01-16,-1.39,-1.24,-0.15,Venda
2026-01-20,-1.36,-1.26,-0.10,Venda
2026-01-21,-1.33,-1.28,-0.05,Venda
2026-01-22,-1.29,-1.28,-0.01,Venda
2026-01-23,-1.24,-1.27,0.03,Compra
2026-01-26,-1.19,-1.26,0.07,Compra
2026-01-27,-1.13,-1.23,0.10,Compra
2026-01-28,-1.07,-1.20,0.13,Compra
2026-01-29,-1.01,-1.16,0.15,Compra
2026-01-30,-0.96,-1.12,0.16,Compra
2026-02-02,-0.90,-1.08,0.18,Compra
2026-02-03,-0.85,-1.03,0.18,Compra
2026-02-04,-0.77,-0.98,0.21,Compra
2026-02-05,-0.70,-0.92,0.22,Compra
2026-02-06,-0.61,-0.86,0.25,Compra
2026-02-09,-0.54,-0.80,0.26,Compra
2026-02-10,-0.48,-0.73,0.25,Compra
2026-02-11,-0.42,-0.67,0.25,Compra
2026-02-12,-0.37,-0.61,0.24,Compra
2026-02-13,-0.31,-0.55,0.24,Compra
2026-02-17,-0.21,-0.48,0.27,Compra
2026-02-18,-0.11,-0.41,0.30,Compra
2026-02-19,0.03,-0.32,0.35,Compra
2026-02-20,0.10,-0.24,0.34,Compra
2026-02-23,0.13,-0.16,0.29,Compra
2026-02-24,0.17,-0.10,0.27,Compra
2026-02-25,0.16,-0.05,0.21,Compra
2026-02-26,0.19,0.00,0.19,Compra
2026-02-27,0.20,0.04,0.16,Compra
2026-03-02,0.18,0.07,0.11,Compra
2026-03-03,0.14,0.08,0.06,Compra
2026-03-04,0.15,0.10,0.05,Compra
2026-03-05,0.13,0.10,0.03,Compra
2026-03-06,0.14,0.11,0.03,Compra
2026-03-09,0.15,0.12,0.03,Compra
2026-03-10,0.16,0.13,0.03,Compra
2026-03-11,0.18,0.14,0.04,Compra
2026-03-12,0.16,0.14,0.02,Compra
2026-03-13,0.11,0.14,-0.03,Venda
2026-03-16,0.06,0.12,-0.06,Venda
2026-03-17,0.06,0.11,-0.05,Venda
2026-03-18,0.03,0.09,-0.06,Venda
2026-03-19,0.02,0.08,-0.06,Venda
2026-03-20,0.02,0.07,-0.05,Venda
2026-03-23,0.01,0.06,-0.05,Venda
2026-03-24,0.01,0.05,-0.04,Venda
2026-03-25,0.01,0.04,-0.03,Venda
2026-03-26,-0.00,0.03,-0.03,Venda
2026-03-27,-0.06,0.01,-0.07,Venda
2026-03-30,-0.09,-0.01,-0.08,Venda
2026-03-31,-0.09,-0.02,-0.07,Venda
2026-04-01,-0.11,-0.04,-0.07,Venda
2026-04-02,-0.12,-0.06,-0.06,Venda
2026-04-06,-0.09,-0.06,-0.03,Venda
2026-04-07,-0.07,-0.06,-0.01,Venda
2026-04-08,-0.05,-0.06,0.01,Compra
2026-04-09,-0.03,-0.06,0.03,Compra
2026-04-10,-0.05,-0.05,0.00,Neutro
2026-04-13,-0.04,-0.05,0.01,Compra
2026-04-14,-0.03,-0.05,0.02,Compra
2026-04-15,0.01,-0.04,0.05,Compra
2026-04-16,0.05,-0.02,0.07,Compra
2026-04-17,0.08,0.00,0.08,Compra
2026-04-20,0.06,0.01,0.05,Compra
2026-04-21,0.04,0.02,0.02,Compra
2026-04-22,0.03,0.02,0.01,Compra
2026-04-23,0.00,0.02,-0.02,Venda
2026-04-24,-0.03,0.01,-0.04,Venda
2026-04-27,-0.05,-0.00,-0.05,Venda
2026-04-28,-0.06,-0.02,-0.04,Venda
2026-04-29,-0.10,-0.03,-0.07,Venda
2026-04-30,-0.11,-0.05,-0.06,Venda
2026-05-01,-0.12,-0.06,-0.06,Venda
2026-05-04,-0.14,-0.08,-0.06,Venda
2026-05-05,-0.15,-0.09,-0.06,Venda
2026-05-06,-0.14,-0.10,-0.04,Venda
2026-05-07,-0.13,-0.11,-0.02,Venda
2026-05-08,-0.12,-0.11,-0.01,Venda
2026-05-11,-0.10,-0.11,0.01,Compra
2026-05-12,-0.09,-0.10,0.01,Compra
2026-05-13,-0.09,-0.10,0.01,Compra
2026-05-14,-0.09,-0.10,0.01,Compra
2026-05-15,-0.08,-0.10,0.02,Compra
2026-05-18,-0.07,-0.09,0.02,Compra
2026-05-19,-0.07,-0.09,0.02,Compra
2026-05-20,-0.07,-0.08,0.01,Compra
2026-05-21,-0.06,-0.08,0.02,Compra
2026-05-22,-0.04,-0.07,0.03,Compra
2026-05-26,-0.04,-0.06,0.02,Compra
2026-05-27,-0.03,-0.06,0.03,Compra
2026-05-28,-0.03,-0.05,0.02,Compra
2026-05-29,-0.03,-0.05,0.02,Compra
2026-06-01,-0.03,-0.04,0.01,Compra
2026-06-02,-0.02,-0.04,0.02,Compra
2026-06-03,-0.01,-0.03,0.02,Compra
2026-06-04,-0.01,-0.03,0.02,Compra
2026-06-05,-0.01,-0.03,0.02,Compra
2026-06-08,-0.01,-0.02,0.01,Compra
2026-06-09,-0.02,-0.02,0.00,Neutro
2026-06-10,-0.03,-0.02,-0.01,Venda
2026-06-11,-0.04,-0.03,-0.01,Venda
2026-06-12,-0.05,-0.03,-0.02,Venda
2026-06-15,-0.05,-0.04,-0.01,Venda
2026-06-16,-0.08,-0.04,-0.04,Venda
2026-06-17,-0.11,-0.06,-0.05,Venda
2026-06-18,-0.13,-0.07,-0.06,Venda
2026-06-22,-0.14,-0.09,-0.05,Venda
2026-06-23,-0.15,-0.10,-0.05,Venda
