Date,MACD_Line,MACD_Signal,MACD_Histogram,MACD_Sinal
2021-09-14,0.00,0.00,0.00,Neutro
2021-09-15,-0.01,-0.00,-0.01,Venda
2021-09-16,0.02,0.00,0.02,Compra
2021-09-17,0.01,0.00,0.01,Compra
2021-09-20,-0.02,-0.00,-0.02,Venda
2021-09-21,-0.03,-0.01,-0.02,Venda
2021-09-22,-0.06,-0.02,-0.04,Venda
2021-09-23,-0.11,-0.04,-0.07,Venda
2021-09-24,-0.15,-0.06,-0.09,Venda
2021-09-27,-0.18,-0.08,-0.10,Venda
2021-09-28,-0.22,-0.11,-0.11,Venda
2021-09-29,-0.25,-0.14,-0.11,Venda
2021-09-30,-0.28,-0.17,-0.11,Venda
2021-10-01,-0.28,-0.19,-0.09,Venda
2021-10-04,-0.28,-0.21,-0.07,Venda
2021-10-05,-0.28,-0.22,-0.06,Venda
2021-10-06,-0.28,-0.23,-0.05,Venda
2021-10-07,-0.28,-0.24,-0.04,Venda
2021-10-08,-0.30,-0.25,-0.05,Venda
2021-10-11,-0.30,-0.26,-0.04,Venda
2021-10-12,-0.30,-0.27,-0.03,Venda
2021-10-13,-0.30,-0.28,-0.02,Venda
2021-10-14,-0.30,-0.28,-0.02,Venda
2021-10-15,-0.30,-0.29,-0.01,Venda
2021-10-18,-0.29,-0.29,0.00,Neutro
2021-10-19,-0.28,-0.28,0.00,Neutro
2021-10-20,-0.28,-0.28,0.00,Neutro
2021-10-21,-0.26,-0.28,0.02,Compra
2021-10-22,-0.24,-0.27,0.03,Compra
2021-10-25,-0.23,-0.26,0.03,Compra
2021-10-26,-0.21,-0.25,0.04,Compra
2021-10-27,-0.20,-0.24,0.04,Compra
2021-10-28,-0.19,-0.23,0.04,Compra
2021-10-29,-0.17,-0.22,0.05,Compra
2021-11-01,-0.15,-0.21,0.06,Compra
2021-11-02,-0.13,-0.19,0.06,Compra
2021-11-03,-0.12,-0.18,0.06,Compra
2021-11-04,-0.10,-0.16,0.06,Compra
2021-11-05,-0.09,-0.15,0.06,Compra
2021-11-08,-0.07,-0.13,0.06,Compra
2021-11-09,-0.06,-0.12,0.06,Compra
2021-11-10,-0.05,-0.10,0.05,Compra
2021-11-11,-0.04,-0.09,0.05,Compra
2021-11-12,-0.04,-0.08,0.04,Compra
2021-11-15,-0.03,-0.07,0.04,Compra
2021-11-16,-0.03,-0.06,0.03,Compra
2021-11-17,-0.03,-0.06,0.03,Compra
2021-11-18,-0.03,-0.05,0.02,Compra
2021-11-19,-0.03,-0.05,0.02,Compra
2021-11-22,-0.03,-0.04,0.01,Compra
2021-11-23,-0.03,-0.04,0.01,Compra
2021-11-24,-0.05,-0.04,-0.01,Venda
2021-11-26,-0.06,-0.05,-0.01,Venda
2021-11-29,-0.08,-0.05,-0.03,Venda
2021-11-30,-0.09,-0.06,-0.03,Venda
2021-12-01,-0.10,-0.07,-0.03,Venda
2021-12-02,-0.11,-0.08,-0.03,Venda
2021-12-03,-0.12,-0.09,-0.03,Venda
2021-12-06,-0.13,-0.09,-0.04,Venda
2021-12-07,-0.13,-0.10,-0.03,Venda
2021-12-08,-0.14,-0.11,-0.03,Venda
2021-12-09,-0.13,-0.11,-0.02,Venda
2021-12-10,-0.13,-0.12,-0.01,Venda
2021-12-13,-0.13,-0.12,-0.01,Venda
2021-12-14,-0.13,-0.12,-0.01,Venda
2021-12-15,-0.13,-0.12,-0.01,Venda
2021-12-16,-0.13,-0.12,-0.01,Venda
2021-12-17,-0.13,-0.13,0.00,Neutro
2021-12-20,-0.13,-0.13,0.00,Neutro
2021-12-21,-0.12,-0.13,0.01,Compra
2021-12-22,-0.12,-0.12,0.00,Neutro
2021-12-23,-0.11,-0.12,0.01,Compra
2021-12-27,-0.11,-0.12,0.01,Compra
2021-12-28,-0.11,-0.12,0.01,Compra
2021-12-29,-0.11,-0.12,0.01,Compra
2021-12-30,-0.11,-0.11,0.00,Neutro
2021-12-31,-0.11,-0.11,0.00,Neutro
2022-01-03,-0.11,-0.11,0.00,Neutro
2022-01-04,-0.10,-0.11,0.01,Compra
2022-01-05,-0.10,-0.11,0.01,Compra
2022-01-06,-0.10,-0.11,0.01,Compra
2022-01-07,-0.10,-0.11,0.01,Compra
2022-01-10,-0.09,-0.10,0.01,Compra
2022-01-11,-0.08,-0.10,0.02,Compra
2022-01-12,-0.08,-0.09,0.01,Compra
2022-01-13,-0.08,-0.09,0.01,Compra
2022-01-14,-0.07,-0.09,0.02,Compra
2022-01-18,-0.07,-0.08,0.01,Compra
2022-01-19,-0.06,-0.08,0.02,Compra
2022-01-20,-0.06,-0.08,0.02,Compra
2022-01-21,-0.06,-0.07,0.01,Compra
2022-01-24,-0.06,-0.07,0.01,Compra
2022-01-25,-0.06,-0.07,0.01,Compra
2022-01-26,-0.05,-0.06,0.01,Compra
2022-01-27,-0.05,-0.06,0.01,Compra
2022-01-28,-0.06,-0.06,0.00,Neutro
2022-01-31,-0.05,-0.06,0.01,Compra
2022-02-01,-0.05,-0.06,0.01,Compra
2022-02-02,-0.04,-0.05,0.01,Compra
2022-02-03,-0.04,-0.05,0.01,Compra
2022-02-04,-0.04,-0.05,0.01,Compra
2022-02-07,-0.03,-0.05,0.02,Compra
2022-02-08,-0.02,-0.04,0.02,Compra
2022-02-09,-0.02,-0.04,0.02,Compra
2022-02-10,-0.01,-0.03,0.02,Compra
2022-02-11,-0.00,-0.02,0.02,Compra
2022-02-14,0.00,-0.02,0.02,Compra
2022-02-15,0.01,-0.01,0.02,Compra
2022-02-16,0.01,-0.01,0.02,Compra
2022-02-17,0.01,-0.01,0.02,Compra
2022-02-18,0.01,-0.00,0.01,Compra
2022-02-22,0.01,0.00,0.01,Compra
2022-02-23,0.00,0.00,0.00,Neutro
2022-02-24,0.01,0.00,0.01,Compra
2022-02-25,0.01,0.00,0.01,Compra
2022-02-28,0.01,0.00,0.01,Compra
2022-03-01,0.01,0.01,0.00,Neutro
2022-03-02,0.01,0.01,0.00,Neutro
2022-03-03,0.01,0.01,0.00,Neutro
2022-03-04,0.01,0.01,0.00,Neutro
2022-03-07,0.02,0.01,0.01,Compra
2022-03-08,0.03,0.01,0.02,Compra
2022-03-09,0.03,0.02,0.01,Compra
2022-03-10,0.03,0.02,0.01,Compra
2022-03-11,0.03,0.02,0.01,Compra
2022-03-14,0.04,0.03,0.01,Compra
2022-03-15,0.05,0.03,0.02,Compra
2022-03-16,0.06,0.04,0.02,Compra
2022-03-17,0.07,0.04,0.03,Compra
2022-03-18,0.07,0.05,0.02,Compra
2022-03-21,0.07,0.05,0.02,Compra
2022-03-22,0.06,0.05,0.01,Compra
2022-03-23,0.05,0.05,0.00,Neutro
2022-03-24,0.05,0.05,0.00,Neutro
2022-03-25,0.05,0.05,0.00,Neutro
2022-03-28,0.04,0.05,-0.01,Venda
2022-03-29,0.04,0.05,-0.01,Venda
2022-03-30,0.04,0.05,-0.01,Venda
2022-03-31,0.05,0.05,0.00,Neutro
2022-04-01,0.05,0.05,0.00,Neutro
2022-04-04,0.05,0.05,0.00,Neutro
2022-04-05,0.05,0.05,0.00,Neutro
2022-04-06,0.05,0.05,0.00,Neutro
2022-04-07,0.05,0.05,0.00,Neutro
2022-04-08,0.04,0.05,-0.01,Venda
2022-04-11,0.04,0.05,-0.01,Venda
2022-04-12,0.02,0.04,-0.02,Venda
2022-04-13,0.02,0.04,-0.02,Venda
2022-04-14,0.01,0.03,-0.02,Venda
2022-04-18,-0.01,0.02,-0.03,Venda
2022-04-19,-0.01,0.02,-0.03,Venda
2022-04-20,-0.01,0.01,-0.02,Venda
2022-04-21,-0.02,0.00,-0.02,Venda
2022-04-22,-0.02,-0.00,-0.02,Venda
2022-04-25,-0.02,-0.00,-0.02,Venda
2022-04-26,-0.01,-0.01,0.00,Neutro
2022-04-27,-0.02,-0.01,-0.01,Venda
2022-04-28,-0.03,-0.01,-0.02,Venda
2022-04-29,-0.03,-0.02,-0.01,Venda
2022-05-02,-0.04,-0.02,-0.02,Venda
2022-05-03,-0.04,-0.02,-0.02,Venda
2022-05-04,-0.04,-0.03,-0.01,Venda
2022-05-05,-0.04,-0.03,-0.01,Venda
2022-05-06,-0.04,-0.03,-0.01,Venda
2022-05-09,-0.04,-0.03,-0.01,Venda
2022-05-10,-0.05,-0.04,-0.01,Venda
2022-05-11,-0.06,-0.04,-0.02,Venda
2022-05-12,-0.06,-0.05,-0.01,Venda
2022-05-13,-0.06,-0.05,-0.01,Venda
2022-05-16,-0.06,-0.05,-0.01,Venda
2022-05-17,-0.06,-0.05,-0.01,Venda
2022-05-18,-0.06,-0.05,-0.01,Venda
2022-05-19,-0.05,-0.05,0.00,Neutro
2022-05-20,-0.05,-0.05,0.00,Neutro
2022-05-23,-0.05,-0.05,0.00,Neutro
2022-05-24,-0.04,-0.05,0.01,Compra
2022-05-25,-0.04,-0.05,0.01,Compra
2022-05-26,-0.03,-0.04,0.01,Compra
2022-05-27,-0.03,-0.04,0.01,Compra
2022-05-31,-0.03,-0.04,0.01,Compra
2022-06-01,-0.03,-0.04,0.01,Compra
2022-06-02,-0.02,-0.03,0.01,Compra
2022-06-03,-0.02,-0.03,0.01,Compra
2022-06-06,-0.02,-0.03,0.01,Compra
2022-06-07,-0.02,-0.03,0.01,Compra
2022-06-08,-0.02,-0.03,0.01,Compra
2022-06-09,-0.02,-0.02,0.00,Neutro
2022-06-10,-0.02,-0.02,0.00,Neutro
2022-06-13,-0.02,-0.02,0.00,Neutro
2022-06-14,-0.02,-0.02,0.00,Neutro
2022-06-15,-0.02,-0.02,0.00,Neutro
2022-06-16,-0.03,-0.02,-0.01,Venda
2022-06-17,-0.03,-0.02,-0.01,Venda
2022-06-21,-0.03,-0.03,0.00,Neutro
2022-06-22,-0.03,-0.03,0.00,Neutro
2022-06-23,-0.03,-0.03,0.00,Neutro
2022-06-24,-0.03,-0.03,0.00,Neutro
2022-06-27,-0.03,-0.03,0.00,Neutro
2022-06-28,-0.03,-0.03,0.00,Neutro
2022-06-29,-0.03,-0.03,0.00,Neutro
2022-06-30,-0.02,-0.03,0.01,Compra
2022-07-01,-0.02,-0.03,0.01,Compra
2022-07-05,-0.02,-0.02,0.00,Neutro
2022-07-06,-0.02,-0.02,0.00,Neutro
2022-07-07,-0.02,-0.02,0.00,Neutro
2022-07-08,-0.02,-0.02,0.00,Neutro
2022-07-11,-0.02,-0.02,0.00,Neutro
2022-07-12,-0.02,-0.02,0.00,Neutro
2022-07-13,-0.02,-0.02,0.00,Neutro
2022-07-14,-0.02,-0.02,0.00,Neutro
2022-07-15,-0.02,-0.02,0.00,Neutro
2022-07-18,-0.03,-0.02,-0.01,Venda
2022-07-19,-0.03,-0.02,-0.01,Venda
2022-07-20,-0.03,-0.03,0.00,Neutro
2022-07-21,-0.03,-0.03,0.00,Neutro
2022-07-22,-0.03,-0.03,0.00,Neutro
2022-07-25,-0.03,-0.03,0.00,Neutro
2022-07-26,-0.03,-0.03,0.00,Neutro
2022-07-27,-0.03,-0.03,0.00,Neutro
2022-07-28,-0.02,-0.03,0.01,Compra
2022-07-29,-0.02,-0.03,0.01,Compra
2022-08-01,-0.02,-0.02,0.00,Neutro
2022-08-02,-0.02,-0.02,0.00,Neutro
2022-08-03,-0.02,-0.02,0.00,Neutro
2022-08-04,-0.02,-0.02,0.00,Neutro
2022-08-05,-0.02,-0.02,0.00,Neutro
2022-08-08,-0.02,-0.02,0.00,Neutro
2022-08-09,-0.02,-0.02,0.00,Neutro
2022-08-10,-0.02,-0.02,0.00,Neutro
2022-08-11,-0.01,-0.02,0.01,Compra
2022-08-12,-0.01,-0.02,0.01,Compra
2022-08-15,-0.01,-0.02,0.01,Compra
2022-08-16,-0.01,-0.01,0.00,Neutro
2022-08-17,-0.01,-0.01,0.00,Neutro
2022-08-18,-0.01,-0.01,0.00,Neutro
2022-08-19,-0.01,-0.01,0.00,Neutro
2022-08-22,-0.01,-0.01,0.00,Neutro
2022-08-23,-0.01,-0.01,0.00,Neutro
2022-08-24,-0.01,-0.01,0.00,Neutro
2022-08-25,-0.01,-0.01,0.00,Neutro
2022-08-26,-0.01,-0.01,0.00,Neutro
2022-08-29,-0.00,-0.01,0.01,Compra
2022-08-30,0.00,-0.01,0.01,Compra
2022-08-31,0.01,-0.00,0.01,Compra
2022-09-01,0.01,-0.00,0.01,Compra
2022-09-02,0.01,0.00,0.01,Compra
2022-09-06,0.01,0.00,0.01,Compra
2022-09-07,0.01,0.00,0.01,Compra
2022-09-08,0.01,0.01,0.00,Neutro
2022-09-09,0.01,0.01,0.00,Neutro
2022-09-12,0.01,0.01,0.00,Neutro
2022-09-13,0.01,0.01,0.00,Neutro
2022-09-14,0.01,0.01,0.00,Neutro
2022-09-15,0.00,0.01,-0.01,Venda
2022-09-16,0.01,0.01,0.00,Neutro
2022-09-19,0.01,0.01,0.00,Neutro
2022-09-20,0.01,0.01,0.00,Neutro
2022-09-21,0.01,0.01,0.00,Neutro
2022-09-22,0.01,0.01,0.00,Neutro
2022-09-23,0.01,0.01,0.00,Neutro
2022-09-26,0.01,0.01,0.00,Neutro
2022-09-27,0.01,0.01,0.00,Neutro
2022-09-28,0.01,0.01,0.00,Neutro
2022-09-29,0.01,0.01,0.00,Neutro
2022-09-30,0.01,0.01,0.00,Neutro
2022-10-03,0.00,0.01,-0.01,Venda
2022-10-04,0.00,0.01,-0.01,Venda
2022-10-05,0.00,0.00,0.00,Neutro
2022-10-06,0.00,0.00,0.00,Neutro
2022-10-07,0.00,0.00,0.00,Neutro
2022-10-10,-0.00,0.00,-0.00,Neutro
2022-10-11,-0.00,0.00,-0.00,Neutro
2022-10-12,0.00,0.00,0.00,Neutro
2022-10-13,0.00,0.00,0.00,Neutro
2022-10-14,-0.00,0.00,-0.00,Neutro
2022-10-17,-0.00,0.00,-0.00,Neutro
2022-10-18,-0.00,0.00,-0.00,Neutro
2022-10-19,-0.00,0.00,-0.00,Neutro
2022-10-20,-0.00,0.00,-0.00,Neutro
2022-10-21,-0.00,0.00,-0.00,Neutro
2022-10-24,-0.00,0.00,-0.00,Neutro
2022-10-25,-0.00,0.00,-0.00,Neutro
2022-10-26,-0.00,0.00,-0.00,Neutro
2022-10-27,-0.00,0.00,-0.00,Neutro
2022-10-28,-0.00,0.00,-0.00,Neutro
2022-10-31,-0.00,0.00,-0.00,Neutro
2022-11-01,-0.00,0.00,-0.00,Neutro
2022-11-02,-0.00,0.00,-0.00,Neutro
2022-11-03,-0.00,0.00,-0.00,Neutro
2022-11-04,-0.00,0.00,-0.00,Neutro
2022-11-07,-0.00,0.00,-0.00,Neutro
2022-11-08,-0.00,0.00,-0.00,Neutro
2022-11-09,-0.01,-0.00,-0.01,Venda
2022-11-10,-0.01,-0.00,-0.01,Venda
2022-11-11,-0.01,-0.00,-0.01,Venda
2022-11-14,-0.01,-0.01,0.00,Neutro
2022-11-15,-0.00,-0.00,0.00,Neutro
2022-11-16,-0.00,-0.00,0.00,Neutro
2022-11-17,-0.00,-0.00,0.00,Neutro
2022-11-18,0.00,-0.00,0.00,Neutro
2022-11-21,0.00,-0.00,0.00,Neutro
2022-11-22,0.00,-0.00,0.00,Neutro
2022-11-23,-0.00,-0.00,0.00,Neutro
2022-11-25,-0.00,-0.00,0.00,Neutro
2022-11-28,-0.00,-0.00,0.00,Neutro
2022-11-29,-0.00,-0.00,0.00,Neutro
2022-11-30,-0.01,-0.00,-0.01,Venda
2022-12-01,-0.01,-0.00,-0.01,Venda
2022-12-02,-0.01,-0.01,0.00,Neutro
2022-12-05,-0.01,-0.01,0.00,Neutro
2022-12-06,-0.01,-0.01,0.00,Neutro
2022-12-07,-0.01,-0.01,0.00,Neutro
2022-12-08,-0.01,-0.01,0.00,Neutro
2022-12-09,-0.01,-0.01,0.00,Neutro
2022-12-12,-0.01,-0.01,0.00,Neutro
2022-12-13,-0.01,-0.01,0.00,Neutro
2022-12-14,-0.01,-0.01,0.00,Neutro
2022-12-15,-0.01,-0.01,0.00,Neutro
2022-12-16,-0.01,-0.01,0.00,Neutro
2022-12-19,-0.02,-0.01,-0.01,Venda
2022-12-20,-0.02,-0.01,-0.01,Venda
2022-12-21,-0.02,-0.01,-0.01,Venda
2022-12-22,-0.02,-0.02,0.00,Neutro
2022-12-23,-0.02,-0.02,0.00,Neutro
2022-12-27,-0.02,-0.02,0.00,Neutro
2022-12-28,-0.02,-0.02,0.00,Neutro
2022-12-29,-0.02,-0.02,0.00,Neutro
2022-12-30,-0.02,-0.02,0.00,Neutro
2023-01-03,-0.01,-0.02,0.01,Compra
2023-01-04,-0.01,-0.02,0.01,Compra
2023-01-05,-0.01,-0.01,0.00,Neutro
2023-01-06,-0.01,-0.01,0.00,Neutro
2023-01-09,-0.01,-0.01,0.00,Neutro
2023-01-10,-0.00,-0.01,0.01,Compra
2023-01-11,-0.00,-0.01,0.01,Compra
2023-01-12,-0.00,-0.01,0.01,Compra
2023-01-13,-0.00,-0.01,0.01,Compra
2023-01-17,-0.00,-0.00,0.00,Neutro
2023-01-18,0.00,-0.00,0.00,Neutro
2023-01-19,0.00,-0.00,0.00,Neutro
2023-01-20,0.00,-0.00,0.00,Neutro
2023-01-23,0.00,-0.00,0.00,Neutro
2023-01-24,0.00,-0.00,0.00,Neutro
2023-01-25,-0.00,-0.00,0.00,Neutro
2023-01-26,-0.00,-0.00,0.00,Neutro
2023-01-27,-0.00,-0.00,0.00,Neutro
2023-01-30,-0.00,-0.00,0.00,Neutro
2023-01-31,0.00,-0.00,0.00,Neutro
2023-02-01,0.00,-0.00,0.00,Neutro
2023-02-02,0.00,-0.00,0.00,Neutro
2023-02-03,0.00,-0.00,0.00,Neutro
2023-02-06,0.01,0.00,0.01,Compra
2023-02-07,0.01,0.00,0.01,Compra
2023-02-08,0.01,0.00,0.01,Compra
2023-02-09,0.01,0.01,0.00,Neutro
2023-02-10,0.02,0.01,0.01,Compra
2023-02-13,0.01,0.01,0.00,Neutro
2023-02-14,0.02,0.01,0.01,Compra
2023-02-15,0.02,0.01,0.01,Compra
2023-02-16,0.02,0.01,0.01,Compra
2023-02-17,0.02,0.02,0.00,Neutro
2023-02-21,0.02,0.02,0.00,Neutro
2023-02-22,0.01,0.02,-0.01,Venda
2023-02-23,0.01,0.01,0.00,Neutro
2023-02-24,0.01,0.01,0.00,Neutro
2023-02-27,0.01,0.01,0.00,Neutro
2023-02-28,0.01,0.01,0.00,Neutro
2023-03-01,0.01,0.01,0.00,Neutro
2023-03-02,0.01,0.01,0.00,Neutro
2023-03-03,0.01,0.01,0.00,Neutro
2023-03-06,0.01,0.01,0.00,Neutro
2023-03-07,0.01,0.01,0.00,Neutro
2023-03-08,0.01,0.01,0.00,Neutro
2023-03-09,0.01,0.01,0.00,Neutro
2023-03-10,0.01,0.01,0.00,Neutro
2023-03-13,0.01,0.01,0.00,Neutro
2023-03-14,0.00,0.01,-0.01,Venda
2023-03-15,0.00,0.01,-0.01,Venda
2023-03-16,0.00,0.01,-0.01,Venda
2023-03-17,0.00,0.00,0.00,Neutro
2023-03-20,0.00,0.00,0.00,Neutro
2023-03-21,-0.00,0.00,-0.00,Neutro
2023-03-22,-0.00,0.00,-0.00,Neutro
2023-03-23,-0.00,0.00,-0.00,Neutro
2023-03-24,-0.00,0.00,-0.00,Neutro
2023-03-27,-0.00,0.00,-0.00,Neutro
2023-03-28,-0.01,-0.00,-0.01,Venda
2023-03-29,-0.01,-0.00,-0.01,Venda
2023-03-30,-0.01,-0.00,-0.01,Venda
2023-03-31,-0.01,-0.01,0.00,Neutro
2023-04-03,-0.00,-0.00,0.00,Neutro
2023-04-04,-0.00,-0.00,0.00,Neutro
2023-04-05,-0.00,-0.00,0.00,Neutro
2023-04-06,0.00,-0.00,0.00,Neutro
2023-04-10,-0.00,-0.00,0.00,Neutro
2023-04-11,-0.00,-0.00,0.00,Neutro
2023-04-12,-0.00,-0.00,0.00,Neutro
2023-04-13,-0.00,-0.00,0.00,Neutro
2023-04-14,-0.00,-0.00,0.00,Neutro
2023-04-17,-0.00,-0.00,0.00,Neutro
2023-04-18,-0.00,-0.00,0.00,Neutro
2023-04-19,-0.00,-0.00,0.00,Neutro
2023-04-20,0.00,-0.00,0.00,Neutro
2023-04-21,0.00,-0.00,0.00,Neutro
2023-04-24,0.00,-0.00,0.00,Neutro
2023-04-25,0.00,-0.00,0.00,Neutro
2023-04-26,0.00,-0.00,0.00,Neutro
2023-04-27,0.00,-0.00,0.00,Neutro
2023-04-28,0.00,-0.00,0.00,Neutro
2023-05-01,0.00,-0.00,0.00,Neutro
2023-05-02,0.00,-0.00,0.00,Neutro
2023-05-03,0.00,-0.00,0.00,Neutro
2023-05-04,0.00,-0.00,0.00,Neutro
2023-05-05,-0.00,-0.00,0.00,Neutro
2023-05-08,-0.00,-0.00,0.00,Neutro
2023-05-09,-0.00,-0.00,0.00,Neutro
2023-05-10,-0.00,-0.00,0.00,Neutro
2023-05-11,-0.01,-0.00,-0.01,Venda
2023-05-12,-0.01,-0.00,-0.01,Venda
2023-05-15,-0.01,-0.00,-0.01,Venda
2023-05-16,-0.01,-0.01,0.00,Neutro
2023-05-17,-0.01,-0.01,0.00,Neutro
2023-05-18,-0.01,-0.01,0.00,Neutro
2023-05-19,-0.01,-0.01,0.00,Neutro
2023-05-22,-0.01,-0.01,0.00,Neutro
2023-05-23,-0.01,-0.01,0.00,Neutro
2023-05-24,-0.01,-0.01,0.00,Neutro
2023-05-25,-0.01,-0.01,0.00,Neutro
2023-05-26,-0.01,-0.01,0.00,Neutro
2023-05-30,-0.01,-0.01,0.00,Neutro
2023-05-31,-0.01,-0.01,0.00,Neutro
2023-06-01,-0.01,-0.01,0.00,Neutro
2023-06-02,-0.01,-0.01,0.00,Neutro
2023-06-05,-0.01,-0.01,0.00,Neutro
2023-06-06,-0.01,-0.01,0.00,Neutro
2023-06-07,-0.01,-0.01,0.00,Neutro
2023-06-08,-0.00,-0.01,0.01,Compra
2023-06-09,-0.00,-0.01,0.01,Compra
2023-06-12,0.00,-0.01,0.01,Compra
2023-06-13,0.00,-0.00,0.00,Neutro
2023-06-14,0.00,-0.00,0.00,Neutro
2023-06-15,0.01,-0.00,0.01,Compra
2023-06-16,0.01,0.00,0.01,Compra
2023-06-20,0.01,0.00,0.01,Compra
2023-06-21,0.02,0.01,0.01,Compra
2023-06-22,0.02,0.01,0.01,Compra
2023-06-23,0.02,0.01,0.01,Compra
2023-06-26,0.02,0.01,0.01,Compra
2023-06-27,0.02,0.01,0.01,Compra
2023-06-28,0.02,0.02,0.00,Neutro
2023-06-29,0.02,0.02,0.00,Neutro
2023-06-30,0.02,0.02,0.00,Neutro
2023-07-03,0.03,0.02,0.01,Compra
2023-07-05,0.04,0.02,0.02,Compra
2023-07-06,0.04,0.03,0.01,Compra
2023-07-07,0.05,0.03,0.02,Compra
2023-07-10,0.07,0.04,0.03,Compra
2023-07-11,0.08,0.05,0.03,Compra
2023-07-12,0.08,0.05,0.03,Compra
2023-07-13,0.07,0.06,0.01,Compra
2023-07-14,0.07,0.06,0.01,Compra
2023-07-17,0.07,0.06,0.01,Compra
2023-07-18,0.06,0.06,0.00,Neutro
2023-07-19,0.06,0.06,0.00,Neutro
2023-07-20,0.05,0.06,-0.01,Venda
2023-07-21,0.04,0.06,-0.02,Venda
2023-07-24,0.03,0.05,-0.02,Venda
2023-07-25,0.02,0.04,-0.02,Venda
2023-07-26,0.02,0.04,-0.02,Venda
2023-07-27,0.01,0.03,-0.02,Venda
2023-07-28,0.01,0.03,-0.02,Venda
2023-07-31,0.01,0.02,-0.01,Venda
2023-08-01,0.01,0.02,-0.01,Venda
2023-08-02,0.01,0.02,-0.01,Venda
2023-08-03,-0.00,0.02,-0.02,Venda
2023-08-04,-0.01,0.01,-0.02,Venda
2023-08-07,-0.02,0.00,-0.02,Venda
2023-08-08,-0.02,-0.00,-0.02,Venda
2023-08-09,-0.03,-0.01,-0.02,Venda
2023-08-10,-0.03,-0.01,-0.02,Venda
2023-08-11,-0.03,-0.01,-0.02,Venda
2023-08-14,-0.03,-0.02,-0.01,Venda
2023-08-15,-0.03,-0.02,-0.01,Venda
2023-08-16,-0.02,-0.02,0.00,Neutro
2023-08-17,-0.02,-0.02,0.00,Neutro
2023-08-18,-0.02,-0.02,0.00,Neutro
2023-08-21,-0.02,-0.02,0.00,Neutro
2023-08-22,-0.02,-0.02,0.00,Neutro
2023-08-23,-0.02,-0.02,0.00,Neutro
2023-08-24,-0.02,-0.02,0.00,Neutro
2023-08-25,-0.02,-0.02,0.00,Neutro
2023-08-28,-0.02,-0.02,0.00,Neutro
2023-08-29,-0.02,-0.02,0.00,Neutro
2023-08-30,-0.02,-0.02,0.00,Neutro
2023-08-31,-0.02,-0.02,0.00,Neutro
2023-09-01,-0.02,-0.02,0.00,Neutro
2023-09-05,-0.02,-0.02,0.00,Neutro
2023-09-06,-0.02,-0.02,0.00,Neutro
2023-09-07,-0.01,-0.02,0.01,Compra
2023-09-08,-0.01,-0.02,0.01,Compra
2023-09-11,-0.01,-0.02,0.01,Compra
2023-09-12,-0.01,-0.01,0.00,Neutro
2023-09-13,-0.01,-0.01,0.00,Neutro
2023-09-14,-0.01,-0.01,0.00,Neutro
2023-09-15,-0.01,-0.01,0.00,Neutro
2023-09-18,-0.01,-0.01,0.00,Neutro
2023-09-19,-0.01,-0.01,0.00,Neutro
2023-09-20,-0.01,-0.01,0.00,Neutro
2023-09-21,-0.01,-0.01,0.00,Neutro
2023-09-22,-0.01,-0.01,0.00,Neutro
2023-09-25,-0.01,-0.01,0.00,Neutro
2023-09-26,-0.01,-0.01,0.00,Neutro
2023-09-27,-0.01,-0.01,0.00,Neutro
2023-09-28,-0.01,-0.01,0.00,Neutro
2023-09-29,-0.01,-0.01,0.00,Neutro
2023-10-02,-0.01,-0.01,0.00,Neutro
2023-10-03,-0.01,-0.01,0.00,Neutro
2023-10-04,-0.02,-0.01,-0.01,Venda
2023-10-05,-0.02,-0.01,-0.01,Venda
2023-10-06,-0.02,-0.01,-0.01,Venda
2023-10-09,-0.02,-0.02,0.00,Neutro
2023-10-10,-0.02,-0.02,0.00,Neutro
2023-10-11,-0.02,-0.02,0.00,Neutro
2023-10-12,-0.02,-0.02,0.00,Neutro
2023-10-13,-0.02,-0.02,0.00,Neutro
2023-10-16,-0.02,-0.02,0.00,Neutro
2023-10-17,-0.01,-0.02,0.01,Compra
2023-10-18,-0.01,-0.02,0.01,Compra
2023-10-19,-0.01,-0.01,0.00,Neutro
2023-10-20,-0.01,-0.01,0.00,Neutro
2023-10-23,-0.01,-0.01,0.00,Neutro
2023-10-24,-0.01,-0.01,0.00,Neutro
2023-10-25,-0.01,-0.01,0.00,Neutro
2023-10-26,-0.01,-0.01,0.00,Neutro
2023-10-27,-0.01,-0.01,0.00,Neutro
2023-10-30,-0.01,-0.01,0.00,Neutro
2023-10-31,-0.01,-0.01,0.00,Neutro
2023-11-01,-0.01,-0.01,0.00,Neutro
2023-11-02,-0.01,-0.01,0.00,Neutro
2023-11-03,-0.00,-0.01,0.01,Compra
2023-11-06,-0.00,-0.01,0.01,Compra
2023-11-07,-0.00,-0.01,0.01,Compra
2023-11-08,-0.00,-0.00,0.00,Neutro
2023-11-09,-0.00,-0.00,0.00,Neutro
2023-11-10,-0.00,-0.00,0.00,Neutro
2023-11-13,-0.00,-0.00,0.00,Neutro
2023-11-14,-0.00,-0.00,0.00,Neutro
2023-11-15,-0.00,-0.00,0.00,Neutro
2023-11-16,-0.00,-0.00,0.00,Neutro
2023-11-17,-0.00,-0.00,0.00,Neutro
2023-11-20,-0.00,-0.00,0.00,Neutro
2023-11-21,-0.00,-0.00,0.00,Neutro
2023-11-22,-0.00,-0.00,0.00,Neutro
2023-11-24,0.00,-0.00,0.00,Neutro
2023-11-27,0.00,-0.00,0.00,Neutro
2023-11-28,0.01,0.00,0.01,Compra
2023-11-29,0.01,0.00,0.01,Compra
2023-11-30,0.01,0.00,0.01,Compra
2023-12-01,0.01,0.01,0.00,Neutro
2023-12-04,0.01,0.01,0.00,Neutro
2023-12-05,0.02,0.01,0.01,Compra
2023-12-06,0.02,0.01,0.01,Compra
2023-12-07,0.02,0.01,0.01,Compra
2023-12-08,0.01,0.01,0.00,Neutro
2023-12-11,0.01,0.01,0.00,Neutro
2023-12-12,0.01,0.01,0.00,Neutro
2023-12-13,0.01,0.01,0.00,Neutro
2023-12-14,0.01,0.01,0.00,Neutro
2023-12-15,0.01,0.01,0.00,Neutro
2023-12-18,0.00,0.01,-0.01,Venda
2023-12-19,0.00,0.01,-0.01,Venda
2023-12-20,-0.00,0.01,-0.01,Venda
2023-12-21,0.00,0.00,0.00,Neutro
2023-12-22,-0.00,0.00,-0.00,Neutro
2023-12-26,-0.00,0.00,-0.00,Neutro
2023-12-27,-0.00,0.00,-0.00,Neutro
2023-12-28,-0.00,0.00,-0.00,Neutro
2023-12-29,-0.00,0.00,-0.00,Neutro
2024-01-02,-0.00,0.00,-0.00,Neutro
2024-01-03,-0.00,0.00,-0.00,Neutro
2024-01-04,-0.00,0.00,-0.00,Neutro
2024-01-05,0.00,0.00,0.00,Neutro
2024-01-08,0.00,0.00,0.00,Neutro
2024-01-09,0.00,0.00,0.00,Neutro
2024-01-10,0.01,0.00,0.01,Compra
2024-01-11,0.01,0.00,0.01,Compra
2024-01-12,0.01,0.01,0.00,Neutro
2024-01-16,0.00,0.00,0.00,Neutro
2024-01-17,0.00,0.00,0.00,Neutro
2024-01-18,0.00,0.00,0.00,Neutro
2024-01-19,0.00,0.00,0.00,Neutro
2024-01-22,-0.00,0.00,-0.00,Neutro
2024-01-23,-0.00,0.00,-0.00,Neutro
2024-01-24,-0.00,0.00,-0.00,Neutro
2024-01-25,-0.00,0.00,-0.00,Neutro
2024-01-26,-0.00,0.00,-0.00,Neutro
2024-01-29,-0.00,0.00,-0.00,Neutro
2024-01-30,-0.00,0.00,-0.00,Neutro
2024-01-31,-0.00,0.00,-0.00,Neutro
2024-02-01,-0.00,0.00,-0.00,Neutro
2024-02-02,-0.00,0.00,-0.00,Neutro
2024-02-05,-0.00,0.00,-0.00,Neutro
2024-02-06,0.00,0.00,0.00,Neutro
2024-02-07,0.00,0.00,0.00,Neutro
2024-02-08,0.00,0.00,0.00,Neutro
2024-02-09,0.00,0.00,0.00,Neutro
2024-02-12,0.00,0.00,0.00,Neutro
2024-02-13,-0.00,0.00,-0.00,Neutro
2024-02-14,-0.00,0.00,-0.00,Neutro
2024-02-15,-0.00,0.00,-0.00,Neutro
2024-02-16,-0.00,0.00,-0.00,Neutro
2024-02-20,-0.00,0.00,-0.00,Neutro
2024-02-21,-0.00,0.00,-0.00,Neutro
2024-02-22,-0.00,0.00,-0.00,Neutro
2024-02-23,-0.00,0.00,-0.00,Neutro
2024-02-26,-0.00,0.00,-0.00,Neutro
2024-02-27,-0.00,0.00,-0.00,Neutro
2024-02-28,0.00,0.00,0.00,Neutro
2024-02-29,0.00,0.00,0.00,Neutro
2024-03-01,0.00,0.00,0.00,Neutro
2024-03-04,0.00,0.00,0.00,Neutro
2024-03-05,0.01,0.00,0.01,Compra
2024-03-06,0.01,0.00,0.01,Compra
2024-03-07,0.01,0.00,0.01,Compra
2024-03-08,0.01,0.01,0.00,Neutro
2024-03-11,0.01,0.01,0.00,Neutro
2024-03-12,0.02,0.01,0.01,Compra
2024-03-13,0.02,0.01,0.01,Compra
2024-03-14,0.02,0.01,0.01,Compra
2024-03-15,0.02,0.01,0.01,Compra
2024-03-18,0.03,0.02,0.01,Compra
2024-03-19,0.02,0.02,0.00,Neutro
2024-03-20,0.02,0.02,0.00,Neutro
2024-03-21,0.02,0.02,0.00,Neutro
2024-03-22,0.02,0.02,0.00,Neutro
2024-03-25,0.02,0.02,0.00,Neutro
2024-03-26,0.01,0.02,-0.01,Venda
2024-03-27,0.01,0.02,-0.01,Venda
2024-03-28,0.01,0.01,0.00,Neutro
2024-04-01,0.00,0.01,-0.01,Venda
2024-04-02,0.00,0.01,-0.01,Venda
2024-04-03,0.00,0.01,-0.01,Venda
2024-04-04,0.00,0.01,-0.01,Venda
2024-04-05,0.00,0.00,0.00,Neutro
2024-04-08,0.00,0.00,0.00,Neutro
2024-04-09,0.00,0.00,0.00,Neutro
2024-04-10,0.01,0.00,0.01,Compra
2024-04-11,0.01,0.01,0.00,Neutro
2024-04-12,0.01,0.01,0.00,Neutro
2024-04-15,0.01,0.01,0.00,Neutro
2024-04-16,0.01,0.01,0.00,Neutro
2024-04-17,0.01,0.01,0.00,Neutro
2024-04-18,0.01,0.01,0.00,Neutro
2024-04-19,0.01,0.01,0.00,Neutro
2024-04-22,0.01,0.01,0.00,Neutro
2024-04-23,0.01,0.01,0.00,Neutro
2024-04-24,0.01,0.01,0.00,Neutro
2024-04-25,0.01,0.01,0.00,Neutro
2024-04-26,0.01,0.01,0.00,Neutro
2024-04-29,0.00,0.01,-0.01,Venda
2024-04-30,0.00,0.01,-0.01,Venda
2024-05-01,-0.00,0.00,-0.00,Neutro
2024-05-02,-0.00,0.00,-0.00,Neutro
2024-05-03,-0.00,0.00,-0.00,Neutro
2024-05-06,-0.01,0.00,-0.01,Venda
2024-05-07,-0.01,-0.00,-0.01,Venda
2024-05-08,-0.01,-0.00,-0.01,Venda
2024-05-09,-0.01,-0.00,-0.01,Venda
2024-05-10,-0.01,-0.01,0.00,Neutro
2024-05-13,-0.01,-0.01,0.00,Neutro
2024-05-14,-0.01,-0.01,0.00,Neutro
2024-05-15,-0.01,-0.01,0.00,Neutro
2024-05-16,-0.01,-0.01,0.00,Neutro
2024-05-17,-0.01,-0.01,0.00,Neutro
2024-05-20,-0.00,-0.01,0.01,Compra
2024-05-21,-0.01,-0.01,0.00,Neutro
2024-05-22,-0.01,-0.01,0.00,Neutro
2024-05-23,-0.01,-0.01,0.00,Neutro
2024-05-24,-0.00,-0.01,0.01,Compra
2024-05-28,-0.00,-0.01,0.01,Compra
2024-05-29,-0.00,-0.00,0.00,Neutro
2024-05-30,0.00,-0.00,0.00,Neutro
2024-05-31,0.00,-0.00,0.00,Neutro
2024-06-03,0.00,-0.00,0.00,Neutro
2024-06-04,0.00,-0.00,0.00,Neutro
2024-06-05,0.00,-0.00,0.00,Neutro
2024-06-06,0.00,-0.00,0.00,Neutro
2024-06-07,0.00,-0.00,0.00,Neutro
2024-06-10,0.00,-0.00,0.00,Neutro
2024-06-11,-0.00,-0.00,0.00,Neutro
2024-06-12,0.00,-0.00,0.00,Neutro
2024-06-13,0.00,-0.00,0.00,Neutro
2024-06-14,0.00,-0.00,0.00,Neutro
2024-06-17,0.00,-0.00,0.00,Neutro
2024-06-18,0.00,-0.00,0.00,Neutro
2024-06-20,0.00,-0.00,0.00,Neutro
2024-06-21,0.00,-0.00,0.00,Neutro
2024-06-24,0.00,-0.00,0.00,Neutro
2024-06-25,0.00,-0.00,0.00,Neutro
2024-06-26,0.00,-0.00,0.00,Neutro
2024-06-27,0.00,-0.00,0.00,Neutro
2024-06-28,0.00,-0.00,0.00,Neutro
2024-07-01,-0.00,-0.00,0.00,Neutro
2024-07-02,-0.00,-0.00,0.00,Neutro
2024-07-03,-0.00,-0.00,0.00,Neutro
2024-07-05,-0.00,-0.00,0.00,Neutro
2024-07-08,-0.00,-0.00,0.00,Neutro
2024-07-09,-0.00,-0.00,0.00,Neutro
2024-07-10,-0.00,-0.00,0.00,Neutro
2024-07-11,-0.00,-0.00,0.00,Neutro
2024-07-12,-0.00,-0.00,0.00,Neutro
2024-07-15,-0.00,-0.00,0.00,Neutro
2024-07-16,-0.00,-0.00,0.00,Neutro
2024-07-17,-0.00,-0.00,0.00,Neutro
2024-07-18,-0.01,-0.00,-0.01,Venda
2024-07-19,-0.01,-0.00,-0.01,Venda
2024-07-22,-0.01,-0.00,-0.01,Venda
2024-07-23,-0.01,-0.01,0.00,Neutro
2024-07-24,-0.01,-0.01,0.00,Neutro
2024-07-25,-0.01,-0.01,0.00,Neutro
2024-07-26,-0.01,-0.01,0.00,Neutro
2024-07-29,-0.01,-0.01,0.00,Neutro
2024-07-30,-0.01,-0.01,0.00,Neutro
2024-07-31,-0.02,-0.01,-0.01,Venda
2024-08-01,-0.02,-0.01,-0.01,Venda
2024-08-02,-0.02,-0.01,-0.01,Venda
2024-08-05,-0.02,-0.02,0.00,Neutro
2024-08-06,-0.02,-0.02,0.00,Neutro
2024-08-07,-0.02,-0.02,0.00,Neutro
2024-08-08,-0.02,-0.02,0.00,Neutro
2024-08-09,-0.02,-0.02,0.00,Neutro
2024-08-12,-0.02,-0.02,0.00,Neutro
2024-08-13,-0.02,-0.02,0.00,Neutro
2024-08-14,-0.02,-0.02,0.00,Neutro
2024-08-15,-0.01,-0.02,0.01,Compra
2024-08-16,-0.01,-0.02,0.01,Compra
2024-08-19,-0.01,-0.01,0.00,Neutro
2024-08-20,-0.01,-0.01,0.00,Neutro
2024-08-21,-0.01,-0.01,0.00,Neutro
2024-08-22,-0.01,-0.01,0.00,Neutro
2024-08-23,-0.01,-0.01,0.00,Neutro
2024-08-26,-0.01,-0.01,0.00,Neutro
2024-08-27,-0.01,-0.01,0.00,Neutro
2024-08-28,-0.01,-0.01,0.00,Neutro
2024-08-29,-0.01,-0.01,0.00,Neutro
2024-08-30,-0.01,-0.01,0.00,Neutro
2024-09-03,-0.01,-0.01,0.00,Neutro
2024-09-04,-0.01,-0.01,0.00,Neutro
2024-09-05,-0.01,-0.01,0.00,Neutro
2024-09-06,-0.01,-0.01,0.00,Neutro
2024-09-09,-0.01,-0.01,0.00,Neutro
2024-09-10,-0.01,-0.01,0.00,Neutro
2024-09-11,-0.01,-0.01,0.00,Neutro
2024-09-12,-0.01,-0.01,0.00,Neutro
2024-09-13,-0.01,-0.01,0.00,Neutro
2024-09-16,-0.01,-0.01,0.00,Neutro
2024-09-17,-0.01,-0.01,0.00,Neutro
2024-09-18,-0.01,-0.01,0.00,Neutro
2024-09-19,-0.01,-0.01,0.00,Neutro
2024-09-20,-0.01,-0.01,0.00,Neutro
2024-09-23,-0.01,-0.01,0.00,Neutro
2024-09-24,-0.01,-0.01,0.00,Neutro
2024-09-25,-0.01,-0.01,0.00,Neutro
2024-09-26,-0.01,-0.01,0.00,Neutro
2024-09-27,-0.01,-0.01,0.00,Neutro
2024-09-30,-0.01,-0.01,0.00,Neutro
2024-10-01,-0.00,-0.01,0.01,Compra
2024-10-02,-0.01,-0.01,0.00,Neutro
2024-10-03,-0.01,-0.01,0.00,Neutro
2024-10-04,-0.01,-0.01,0.00,Neutro
2024-10-07,-0.01,-0.01,0.00,Neutro
2024-10-08,-0.01,-0.01,0.00,Neutro
2024-10-09,-0.01,-0.01,0.00,Neutro
2024-10-10,-0.01,-0.01,0.00,Neutro
2024-10-11,-0.00,-0.01,0.01,Compra
2024-10-14,-0.00,-0.01,0.01,Compra
2024-10-15,-0.00,-0.00,0.00,Neutro
2024-10-16,-0.00,-0.00,0.00,Neutro
2024-10-17,-0.00,-0.00,0.00,Neutro
2024-10-18,-0.00,-0.00,0.00,Neutro
2024-10-21,-0.00,-0.00,0.00,Neutro
2024-10-22,-0.00,-0.00,0.00,Neutro
2024-10-23,-0.00,-0.00,0.00,Neutro
2024-10-24,-0.01,-0.00,-0.01,Venda
2024-10-25,-0.01,-0.00,-0.01,Venda
2024-10-28,-0.00,-0.00,0.00,Neutro
2024-10-29,-0.00,-0.00,0.00,Neutro
2024-10-30,-0.00,-0.00,0.00,Neutro
2024-10-31,-0.00,-0.00,0.00,Neutro
2024-11-01,-0.00,-0.00,0.00,Neutro
2024-11-04,-0.00,-0.00,0.00,Neutro
2024-11-05,-0.01,-0.00,-0.01,Venda
2024-11-06,-0.01,-0.00,-0.01,Venda
2024-11-07,-0.01,-0.01,0.00,Neutro
2024-11-08,-0.01,-0.01,0.00,Neutro
2024-11-11,-0.00,-0.01,0.01,Compra
2024-11-12,-0.00,-0.00,0.00,Neutro
2024-11-13,-0.00,-0.00,0.00,Neutro
2024-11-14,-0.00,-0.00,0.00,Neutro
2024-11-15,-0.00,-0.00,0.00,Neutro
2024-11-18,0.00,-0.00,0.00,Neutro
2024-11-19,0.00,-0.00,0.00,Neutro
2024-11-20,0.00,-0.00,0.00,Neutro
2024-11-21,0.00,-0.00,0.00,Neutro
2024-11-22,0.00,-0.00,0.00,Neutro
2024-11-25,0.00,-0.00,0.00,Neutro
2024-11-26,0.00,-0.00,0.00,Neutro
2024-11-27,0.00,-0.00,0.00,Neutro
2024-11-29,0.00,-0.00,0.00,Neutro
2024-12-02,0.00,-0.00,0.00,Neutro
2024-12-03,0.00,-0.00,0.00,Neutro
2024-12-04,0.00,-0.00,0.00,Neutro
2024-12-05,0.00,-0.00,0.00,Neutro
2024-12-06,0.00,-0.00,0.00,Neutro
2024-12-09,0.00,-0.00,0.00,Neutro
2024-12-10,0.00,-0.00,0.00,Neutro
2024-12-11,0.00,-0.00,0.00,Neutro
2024-12-12,-0.00,-0.00,0.00,Neutro
2024-12-13,-0.00,-0.00,0.00,Neutro
2024-12-16,-0.00,-0.00,0.00,Neutro
2024-12-17,-0.00,-0.00,0.00,Neutro
2024-12-18,-0.00,-0.00,0.00,Neutro
2024-12-19,-0.00,-0.00,0.00,Neutro
2024-12-20,-0.00,-0.00,0.00,Neutro
2024-12-23,-0.00,-0.00,0.00,Neutro
2024-12-24,-0.00,-0.00,0.00,Neutro
2024-12-26,0.00,-0.00,0.00,Neutro
2024-12-27,0.01,0.00,0.01,Compra
2024-12-30,0.01,0.00,0.01,Compra
2024-12-31,0.01,0.00,0.01,Compra
2025-01-02,0.01,0.01,0.00,Neutro
2025-01-03,0.01,0.01,0.00,Neutro
2025-01-06,0.01,0.01,0.00,Neutro
2025-01-07,0.01,0.01,0.00,Neutro
2025-01-08,0.01,0.01,0.00,Neutro
2025-01-10,0.01,0.01,0.00,Neutro
2025-01-13,0.01,0.01,0.00,Neutro
2025-01-14,0.01,0.01,0.00,Neutro
2025-01-15,0.01,0.01,0.00,Neutro
2025-01-16,0.01,0.01,0.00,Neutro
2025-01-17,0.02,0.01,0.01,Compra
2025-01-21,0.02,0.01,0.01,Compra
2025-01-22,0.02,0.01,0.01,Compra
2025-01-23,0.02,0.02,0.00,Neutro
2025-01-24,0.02,0.02,0.00,Neutro
2025-01-27,0.02,0.02,0.00,Neutro
2025-01-28,0.02,0.02,0.00,Neutro
2025-01-29,0.02,0.02,0.00,Neutro
2025-01-30,0.01,0.02,-0.01,Venda
2025-01-31,0.01,0.02,-0.01,Venda
2025-02-03,0.02,0.02,0.00,Neutro
2025-02-04,0.02,0.02,0.00,Neutro
2025-02-05,0.02,0.02,0.00,Neutro
2025-02-06,0.02,0.02,0.00,Neutro
2025-02-07,0.02,0.02,0.00,Neutro
2025-02-10,0.02,0.02,0.00,Neutro
2025-02-11,0.02,0.02,0.00,Neutro
2025-02-12,0.02,0.02,0.00,Neutro
2025-02-13,0.02,0.02,0.00,Neutro
2025-02-14,0.02,0.02,0.00,Neutro
2025-02-18,0.02,0.02,0.00,Neutro
2025-02-19,0.03,0.02,0.01,Compra
2025-02-20,0.03,0.02,0.01,Compra
2025-02-21,0.03,0.02,0.01,Compra
2025-02-24,0.03,0.03,0.00,Neutro
2025-02-25,0.02,0.02,0.00,Neutro
2025-02-26,0.02,0.02,0.00,Neutro
2025-02-27,0.02,0.02,0.00,Neutro
2025-02-28,0.02,0.02,0.00,Neutro
2025-03-03,0.01,0.02,-0.01,Venda
2025-03-04,0.01,0.02,-0.01,Venda
2025-03-05,0.01,0.02,-0.01,Venda
2025-03-06,0.01,0.02,-0.01,Venda
2025-03-07,0.01,0.01,0.00,Neutro
2025-03-10,0.01,0.01,0.00,Neutro
2025-03-11,0.01,0.01,0.00,Neutro
2025-03-12,0.01,0.01,0.00,Neutro
2025-03-13,0.01,0.01,0.00,Neutro
2025-03-14,0.01,0.01,0.00,Neutro
2025-03-17,0.01,0.01,0.00,Neutro
2025-03-18,0.01,0.01,0.00,Neutro
2025-03-19,0.01,0.01,0.00,Neutro
2025-03-20,0.01,0.01,0.00,Neutro
2025-03-21,0.01,0.01,0.00,Neutro
2025-03-24,0.01,0.01,0.00,Neutro
2025-03-25,0.01,0.01,0.00,Neutro
2025-03-26,0.01,0.01,0.00,Neutro
2025-03-27,0.00,0.01,-0.01,Venda
2025-03-28,0.00,0.01,-0.01,Venda
2025-03-31,0.00,0.01,-0.01,Venda
2025-04-01,0.00,0.00,0.00,Neutro
2025-04-02,0.01,0.01,0.00,Neutro
2025-04-03,0.01,0.01,0.00,Neutro
2025-04-04,0.01,0.01,0.00,Neutro
2025-04-07,0.01,0.01,0.00,Neutro
2025-04-08,0.01,0.01,0.00,Neutro
2025-04-09,0.02,0.01,0.01,Compra
2025-04-10,0.01,0.01,0.00,Neutro
2025-04-11,0.01,0.01,0.00,Neutro
2025-04-14,0.03,0.01,0.02,Compra
2025-04-15,0.05,0.02,0.03,Compra
2025-04-16,0.06,0.03,0.03,Compra
2025-04-17,0.08,0.04,0.04,Compra
2025-04-21,0.08,0.05,0.03,Compra
2025-04-22,0.07,0.05,0.02,Compra
2025-04-23,0.08,0.06,0.02,Compra
2025-04-24,0.10,0.07,0.03,Compra
2025-04-25,0.11,0.07,0.04,Compra
2025-04-28,0.12,0.08,0.04,Compra
2025-04-29,0.13,0.09,0.04,Compra
2025-04-30,0.12,0.10,0.02,Compra
2025-05-01,0.12,0.10,0.02,Compra
2025-05-02,0.11,0.10,0.01,Compra
2025-05-05,0.10,0.10,0.00,Neutro
2025-05-06,0.10,0.10,0.00,Neutro
2025-05-07,0.09,0.10,-0.01,Venda
2025-05-08,0.09,0.10,-0.01,Venda
2025-05-09,0.08,0.09,-0.01,Venda
2025-05-12,0.08,0.09,-0.01,Venda
2025-05-13,0.07,0.09,-0.02,Venda
2025-05-14,0.07,0.08,-0.01,Venda
2025-05-15,0.07,0.08,-0.01,Venda
2025-05-16,0.07,0.08,-0.01,Venda
2025-05-19,0.09,0.08,0.01,Compra
2025-05-20,0.10,0.08,0.02,Compra
2025-05-21,0.11,0.09,0.02,Compra
2025-05-22,0.12,0.10,0.02,Compra
2025-05-23,0.13,0.10,0.03,Compra
2025-05-27,0.13,0.11,0.02,Compra
2025-05-28,0.14,0.11,0.03,Compra
2025-05-29,0.13,0.12,0.01,Compra
2025-05-30,0.13,0.12,0.01,Compra
2025-06-02,0.12,0.12,0.00,Neutro
2025-06-03,0.11,0.12,-0.01,Venda
2025-06-04,0.11,0.12,-0.01,Venda
2025-06-05,0.09,0.11,-0.02,Venda
2025-06-06,0.08,0.10,-0.02,Venda
2025-06-09,0.08,0.10,-0.02,Venda
2025-06-10,0.08,0.10,-0.02,Venda
2025-06-11,0.07,0.09,-0.02,Venda
2025-06-12,0.08,0.09,-0.01,Venda
2025-06-13,0.07,0.08,-0.01,Venda
2025-06-16,0.09,0.09,0.00,Neutro
2025-06-17,0.10,0.09,0.01,Compra
2025-06-18,0.13,0.10,0.03,Compra
2025-06-20,0.15,0.11,0.04,Compra
2025-06-23,0.17,0.12,0.05,Compra
2025-06-24,0.18,0.13,0.05,Compra
2025-06-25,0.21,0.15,0.06,Compra
2025-06-26,0.22,0.16,0.06,Compra
2025-06-27,0.22,0.17,0.05,Compra
2025-06-30,0.21,0.18,0.03,Compra
2025-07-01,0.18,0.18,0.00,Neutro
2025-07-02,0.18,0.18,0.00,Neutro
2025-07-03,0.19,0.18,0.01,Compra
2025-07-07,0.19,0.18,0.01,Compra
2025-07-08,0.19,0.19,0.00,Neutro
2025-07-09,0.18,0.18,0.00,Neutro
2025-07-10,0.18,0.18,0.00,Neutro
2025-07-11,0.18,0.18,0.00,Neutro
2025-07-14,0.18,0.18,0.00,Neutro
2025-07-15,0.20,0.19,0.01,Compra
2025-07-16,0.21,0.19,0.02,Compra
2025-07-17,0.22,0.20,0.02,Compra
2025-07-18,0.23,0.20,0.03,Compra
2025-07-21,0.20,0.20,0.00,Neutro
2025-07-22,0.19,0.20,-0.01,Venda
2025-07-23,0.19,0.20,-0.01,Venda
2025-07-24,0.21,0.20,0.01,Compra
2025-07-25,0.21,0.20,0.01,Compra
2025-07-28,0.20,0.20,0.00,Neutro
2025-07-29,0.16,0.19,-0.03,Venda
2025-07-30,0.11,0.18,-0.07,Venda
2025-07-31,0.06,0.15,-0.09,Venda
2025-08-01,0.04,0.13,-0.09,Venda
2025-08-04,-0.00,0.10,-0.10,Venda
2025-08-05,-0.05,0.07,-0.12,Venda
2025-08-06,-0.09,0.04,-0.13,Venda
2025-08-07,-0.11,0.01,-0.12,Venda
2025-08-08,-0.13,-0.02,-0.11,Venda
2025-08-11,-0.16,-0.05,-0.11,Venda
2025-08-12,-0.18,-0.07,-0.11,Venda
2025-08-13,-0.19,-0.10,-0.09,Venda
2025-08-14,-0.19,-0.11,-0.08,Venda
2025-08-15,-0.21,-0.13,-0.08,Venda
2025-08-18,-0.22,-0.15,-0.07,Venda
2025-08-19,-0.23,-0.17,-0.06,Venda
2025-08-20,-0.24,-0.18,-0.06,Venda
2025-08-21,-0.22,-0.19,-0.03,Venda
2025-08-22,-0.21,-0.19,-0.02,Venda
2025-08-25,-0.19,-0.19,0.00,Neutro
2025-08-26,-0.17,-0.19,0.02,Compra
2025-08-27,-0.16,-0.18,0.02,Compra
2025-08-28,-0.15,-0.18,0.03,Compra
2025-08-29,-0.13,-0.17,0.04,Compra
2025-09-02,-0.12,-0.16,0.04,Compra
2025-09-03,-0.11,-0.15,0.04,Compra
2025-09-04,-0.11,-0.14,0.03,Compra
2025-09-05,-0.11,-0.13,0.02,Compra
2025-09-08,-0.10,-0.13,0.03,Compra
2025-09-09,-0.10,-0.12,0.02,Compra
2025-09-10,-0.10,-0.12,0.02,Compra
2025-09-11,-0.09,-0.11,0.02,Compra
2025-09-12,-0.09,-0.11,0.02,Compra
2025-09-15,-0.08,-0.10,0.02,Compra
2025-09-16,-0.08,-0.10,0.02,Compra
2025-09-17,-0.08,-0.09,0.01,Compra
2025-09-18,-0.07,-0.09,0.02,Compra
2025-09-19,-0.06,-0.08,0.02,Compra
2025-09-22,-0.05,-0.08,0.03,Compra
2025-09-23,-0.04,-0.07,0.03,Compra
2025-09-24,-0.03,-0.06,0.03,Compra
2025-09-25,-0.01,-0.05,0.04,Compra
2025-09-26,0.01,-0.04,0.05,Compra
2025-09-29,0.02,-0.03,0.05,Compra
2025-09-30,0.02,-0.02,0.04,Compra
2025-10-01,0.04,-0.01,0.05,Compra
2025-10-02,0.06,0.01,0.05,Compra
2025-10-03,0.07,0.02,0.05,Compra
2025-10-06,0.10,0.04,0.06,Compra
2025-10-07,0.17,0.06,0.11,Compra
2025-10-08,0.23,0.10,0.13,Compra
2025-10-09,0.28,0.13,0.15,Compra
2025-10-10,0.30,0.17,0.13,Compra
2025-10-13,0.39,0.21,0.18,Compra
2025-10-14,0.45,0.26,0.19,Compra
2025-10-15,0.45,0.30,0.15,Compra
2025-10-16,0.41,0.32,0.09,Compra
2025-10-17,0.36,0.33,0.03,Compra
2025-10-20,0.32,0.33,-0.01,Venda
2025-10-21,0.27,0.31,-0.04,Venda
2025-10-22,0.21,0.29,-0.08,Venda
2025-10-23,0.16,0.27,-0.11,Venda
2025-10-24,0.12,0.24,-0.12,Venda
2025-10-27,0.08,0.21,-0.13,Venda
2025-10-28,0.05,0.17,-0.12,Venda
2025-10-29,0.03,0.15,-0.12,Venda
2025-10-30,0.02,0.12,-0.10,Venda
2025-10-31,0.01,0.10,-0.09,Venda
2025-11-03,-0.02,0.07,-0.09,Venda
2025-11-04,-0.06,0.05,-0.11,Venda
2025-11-05,-0.08,0.02,-0.10,Venda
2025-11-06,-0.12,-0.01,-0.11,Venda
2025-11-07,-0.14,-0.03,-0.11,Venda
2025-11-10,-0.15,-0.06,-0.09,Venda
2025-11-11,-0.16,-0.08,-0.08,Venda
2025-11-12,-0.17,-0.10,-0.07,Venda
2025-11-13,-0.18,-0.11,-0.07,Venda
2025-11-14,-0.19,-0.13,-0.06,Venda
2025-11-17,-0.20,-0.14,-0.06,Venda
2025-11-18,-0.19,-0.15,-0.04,Venda
2025-11-19,-0.18,-0.16,-0.02,Venda
2025-11-20,-0.17,-0.16,-0.01,Venda
2025-11-21,-0.17,-0.16,-0.01,Venda
2025-11-24,-0.16,-0.16,0.00,Neutro
2025-11-25,-0.15,-0.16,0.01,Compra
2025-11-26,-0.14,-0.16,0.02,Compra
2025-11-28,-0.09,-0.14,0.05,Compra
2025-12-01,-0.06,-0.13,0.07,Compra
2025-12-02,-0.01,-0.10,0.09,Compra
2025-12-03,0.04,-0.07,0.11,Compra
2025-12-04,0.07,-0.05,0.12,Compra
2025-12-05,0.08,-0.02,0.10,Compra
2025-12-08,0.10,0.00,0.10,Compra
2025-12-09,0.12,0.03,0.09,Compra
2025-12-10,0.10,0.04,0.06,Compra
2025-12-11,0.11,0.06,0.05,Compra
2025-12-12,0.09,0.06,0.03,Compra
2025-12-15,0.07,0.06,0.01,Compra
2025-12-16,0.06,0.06,0.00,Neutro
2025-12-17,0.06,0.06,0.00,Neutro
2025-12-18,0.07,0.06,0.01,Compra
2025-12-19,0.10,0.07,0.03,Compra
2025-12-22,0.11,0.08,0.03,Compra
2025-12-23,0.11,0.09,0.02,Compra
2025-12-24,0.12,0.09,0.03,Compra
2025-12-26,0.11,0.10,0.01,Compra
2025-12-29,0.09,0.09,0.00,Neutro
2025-12-30,0.06,0.09,-0.03,Venda
2025-12-31,0.03,0.08,-0.05,Venda
2026-01-02,0.03,0.07,-0.04,Venda
2026-01-05,0.02,0.06,-0.04,Venda
2026-01-06,0.02,0.05,-0.03,Venda
2026-01-07,0.02,0.04,-0.02,Venda
2026-01-08,0.01,0.04,-0.03,Venda
2026-01-09,0.00,0.03,-0.03,Venda
2026-01-12,-0.00,0.02,-0.02,Venda
2026-01-13,-0.00,0.02,-0.02,Venda
2026-01-14,0.01,0.02,-0.01,Venda
2026-01-15,0.01,0.02,-0.01,Venda
2026-01-16,0.00,0.01,-0.01,Venda
2026-01-20,-0.01,0.01,-0.02,Venda
2026-01-21,0.01,0.01,0.00,Neutro
2026-01-22,0.03,0.01,0.02,Compra
2026-01-23,0.09,0.03,0.06,Compra
2026-01-26,0.08,0.04,0.04,Compra
2026-01-27,0.09,0.05,0.04,Compra
2026-01-28,0.10,0.06,0.04,Compra
2026-01-29,0.08,0.06,0.02,Compra
2026-01-30,0.04,0.06,-0.02,Venda
2026-02-02,0.01,0.05,-0.04,Venda
2026-02-03,-0.01,0.04,-0.05,Venda
2026-02-04,-0.03,0.02,-0.05,Venda
2026-02-05,-0.08,0.00,-0.08,Venda
2026-02-06,-0.09,-0.02,-0.07,Venda
2026-02-09,-0.09,-0.03,-0.06,Venda
2026-02-10,-0.11,-0.05,-0.06,Venda
2026-02-11,-0.11,-0.06,-0.05,Venda
2026-02-12,-0.12,-0.07,-0.05,Venda
2026-02-13,-0.12,-0.08,-0.04,Venda
2026-02-17,-0.13,-0.09,-0.04,Venda
2026-02-18,-0.14,-0.10,-0.04,Venda
2026-02-19,-0.15,-0.11,-0.04,Venda
2026-02-20,-0.15,-0.12,-0.03,Venda
2026-02-23,-0.16,-0.13,-0.03,Venda
2026-02-24,-0.15,-0.13,-0.02,Venda
2026-02-25,-0.14,-0.13,-0.01,Venda
2026-02-26,-0.13,-0.13,0.00,Neutro
2026-02-27,-0.13,-0.13,0.00,Neutro
2026-03-02,-0.13,-0.13,0.00,Neutro
2026-03-03,-0.14,-0.13,-0.01,Venda
2026-03-04,-0.14,-0.13,-0.01,Venda
2026-03-05,-0.14,-0.14,0.00,Neutro
2026-03-06,-0.15,-0.14,-0.01,Venda
2026-03-09,-0.14,-0.14,0.00,Neutro
2026-03-10,-0.13,-0.14,0.01,Compra
2026-03-11,-0.12,-0.13,0.01,Compra
2026-03-12,-0.12,-0.13,0.01,Compra
2026-03-13,-0.12,-0.13,0.01,Compra
2026-03-16,-0.12,-0.13,0.01,Compra
2026-03-17,-0.12,-0.13,0.01,Compra
2026-03-18,-0.13,-0.13,0.00,Neutro
2026-03-19,-0.13,-0.13,0.00,Neutro
2026-03-20,-0.14,-0.13,-0.01,Venda
2026-03-23,-0.14,-0.13,-0.01,Venda
2026-03-24,-0.15,-0.14,-0.01,Venda
2026-03-25,-0.16,-0.14,-0.02,Venda
2026-03-26,-0.16,-0.14,-0.02,Venda
2026-03-27,-0.17,-0.15,-0.02,Venda
2026-03-30,-0.18,-0.16,-0.02,Venda
2026-03-31,-0.18,-0.16,-0.02,Venda
2026-04-01,-0.18,-0.16,-0.02,Venda
2026-04-02,-0.18,-0.17,-0.01,Venda
2026-04-06,-0.17,-0.17,0.00,Neutro
2026-04-07,-0.17,-0.17,0.00,Neutro
2026-04-08,-0.17,-0.17,0.00,Neutro
2026-04-09,-0.17,-0.17,0.00,Neutro
2026-04-10,-0.16,-0.17,0.01,Compra
2026-04-13,-0.16,-0.17,0.01,Compra
2026-04-14,-0.14,-0.16,0.02,Compra
2026-04-15,-0.13,-0.15,0.02,Compra
2026-04-16,-0.11,-0.15,0.04,Compra
2026-04-17,-0.10,-0.14,0.04,Compra
2026-04-20,-0.09,-0.13,0.04,Compra
2026-04-21,-0.08,-0.12,0.04,Compra
2026-04-22,-0.07,-0.11,0.04,Compra
2026-04-23,-0.06,-0.10,0.04,Compra
2026-04-24,-0.06,-0.09,0.03,Compra
2026-04-27,-0.06,-0.08,0.02,Compra
2026-04-28,-0.06,-0.08,0.02,Compra
2026-04-29,-0.07,-0.08,0.01,Compra
2026-04-30,-0.07,-0.08,0.01,Compra
2026-05-01,-0.06,-0.07,0.01,Compra
2026-05-04,-0.06,-0.07,0.01,Compra
2026-05-05,-0.06,-0.07,0.01,Compra
2026-05-06,-0.05,-0.06,0.01,Compra
2026-05-07,-0.04,-0.06,0.02,Compra
2026-05-08,-0.03,-0.05,0.02,Compra
2026-05-11,-0.03,-0.05,0.02,Compra
2026-05-12,-0.02,-0.04,0.02,Compra
2026-05-13,-0.02,-0.04,0.02,Compra
2026-05-14,-0.02,-0.03,0.01,Compra
2026-05-15,-0.02,-0.03,0.01,Compra
2026-05-18,-0.03,-0.03,0.00,Neutro
2026-05-19,-0.03,-0.03,0.00,Neutro
2026-05-20,-0.03,-0.03,0.00,Neutro
2026-05-21,-0.03,-0.03,0.00,Neutro
2026-05-22,-0.02,-0.03,0.01,Compra
2026-05-26,-0.02,-0.03,0.01,Compra
2026-05-27,-0.02,-0.03,0.01,Compra
2026-05-28,-0.02,-0.02,0.00,Neutro
2026-05-29,-0.01,-0.02,0.01,Compra
2026-06-01,-0.01,-0.02,0.01,Compra
2026-06-02,-0.00,-0.02,0.02,Compra
2026-06-03,-0.00,-0.01,0.01,Compra
2026-06-04,-0.01,-0.01,0.00,Neutro
2026-06-05,-0.01,-0.01,0.00,Neutro
2026-06-08,-0.02,-0.01,-0.01,Venda
2026-06-09,-0.02,-0.01,-0.01,Venda
2026-06-10,-0.03,-0.02,-0.01,Venda
2026-06-11,-0.03,-0.02,-0.01,Venda
2026-06-12,-0.03,-0.02,-0.01,Venda
2026-06-15,-0.03,-0.02,-0.01,Venda
2026-06-16,-0.03,-0.02,-0.01,Venda
2026-06-17,-0.03,-0.03,0.00,Neutro
2026-06-18,-0.03,-0.03,0.00,Neutro
2026-06-22,-0.03,-0.03,0.00,Neutro
2026-06-23,-0.03,-0.03,0.00,Neutro
